146
20 319 177 208 639 659
852 206
728 268
287 14 801 378 758 116
520
755 968
284 416 191
979 222 13 52
649 759 790 451
247 765 800 2 804 91
438 780 732 229 471 584 697 421
74 167 333
79 316 909 418 73 802 620 839
978 952 519 370 151
269 461 260 535 257 149 621
850 707 601 864 395 367 763 950
102 899 99 639 219
845
336 910 148 207
229 184 282 802 819 171
775 369
868 99 510 575 395 560 316 689
508 133 497 443 464 81 403 56
248 643 681 662 649 513
458 308 171 811 313 523
304 897 684
864
795 605 677 212 622 287 833 135
450 780
704 534 975 67 961 584 406 272
145 657 600 366 138 700 74 968
466 69 502 409 119 579
542 240 318 855
771 964 627 157 449 802
787 999 652 58 911 481 425 853
856 268 890 891 174 528 225
206 654 440 9 61 653 100 326
15 126 315 448 891 173 438 97
355 618 909 357 424 270
304 219 345 709 279 540 640 217
893 942 955 124 612 774 859
378 103 827 742 384 560 517
311 260 642 803
95 423 492 482
995 295
495 740 545 309 456
955 539 207 157 578 523
219 528 631 56
89 574 217
133 373 87 758 222 439 782 102
667 312 877 584
215 589 664 116 15 883
469 181 408 421 859 609 604 764
525
842 678 109 566
759 556 131 232 61 322
653
74 204 273 559 688 257
82 134 505 667 35 388 946
612 467 730 115
647 180 19 881 120 979 160 607
736 411 443 302 563 355 524
898 208 103 136 451 361 489
199 704 724 459 289 775 260
393 261 327 692 752
899 377
406 601 848 893 153
149
583 316 136 318 723 982 978
713 257 47
761 992 704 223 559 646
704 654 476 21 105
293 165 802 23 157 844
669 121 154 272 151 448 734 196
227 650
106
382 112 830 873
513 893 335 198 564
222 995 789 172 295 923 580 216
377 139
191 871 237 500 445 284
28 77 195 335 849 934 997 517
984 174 15 770 706
345 28 954 997 542
376
917 530
580 646
313 307 361 272 97 401 141 98
948 902 305 470 735 804 24 183
881 497 60 269 120 831 688
870 115 835 567 57 612 32 273
943 123 173 977 51 378 45
474 417
357 535 667 313 511 193 603 813
42 346 927 190 647 488 756 889
746 401 987 485 76
9 210 290 115
816 910 889 498 581
434 601 556 13 511 180
421 443 613 648 555 888 924
940 848 459 9
48
699 607 969 169 107
837 350 195 330 800 498 475 924
743 783 79 660 142 736 439 334
712
66 406 359 167 661 845 47 844
609 243 236 470 322 67 447
62 162 522 495 185 378 642 866
262 576 757
163
406 864
174 207 374 472
631 90 554 492 668 50
52 940 599 94 150 967 21
888
516 66 34 209 858
206 26 17 654 309 372
664 587 443 191 385 85
479 385 185 18
1 109
628 794 314 444 36 34 190 860
427
138 636
219 781 842 675 712 116 771 350
236 383 596
285 977 689 994 106 692
947
332
598 509 477 34 938 610 859 199
518 703 201 692 458 267
755 372 154 860 768 451
129
662 386 678 668 502
586 4 359 273 973 447 467
958 764 421 445 629 302
183
320 920 942 808 151
928 444 127 175 197 918 829
862 341 693 583 362 579 938 432
709 368 578 999 669 628
318 674 477 345 301 977 905 97
206 818 987 85
3 348 867 871 431 390 191 293
92 400 2 940 14
660 20 937 194 662
985 931 485 402 225 4 413
754 631 230
268 951 231 180
231
735 206 59 392 85 380
135 561 642 865 732 805
521
621 450 717 786 723 608
726 163
467 149 923 359 448 75 408
803 405 356 427
162 516 192
17 18 151
553 832 116 950 889
991 954 30 268 969 566
168 980 850
838 284
163 757 307
945 240 119
563 759 957 361 24 206
502 661 333 297
802 212 596
43 451 390 961 875 681 54
86 451 917 135 813 206
665 464
435 675 607
836 561 680 661 457 882 455 74
736 410 514 66 747 343 728
858 921 500 428
376 601 621
841
658 959 295
116 921 454
819 834
612 26 221 348 733 696
608 865 638
632 580 70 96 699 46
329 392 813 790
807 506 149 737 744 802 541
279
157 205 272 947 490 993 146 678
449 243 457 477 220 563 361
481 497
840 744 584 211 961 522 386 82
200
557 987
586 27 775 222 154 246
169 895 147 59 242 384 266 347
309 247 484 825 48
375 656 674 221 351 760
347 48 93
965 241 138 634 907
46 593 578 934 536 314
410 932
271 422 23 715 852 120 309 668
599 190
237 581 839 648 211 183 38 526
172 86
370 705 981 720 294 187 875
704 864 851 906
249 841 83 698
920 988 297
234 909
553 63 748
833
687 904 864 401 115 560 75 842
615 748 588 340 459 418 191
914 442 952
186 211 791
315 285 100 250 881 158 442
530 279 625 489 453 687 859 839
949 310
932 371 219 7 985
489 156 949 291 116 332 351 689
33 801 471 61
796 885 971 924 871
247 536 214 17 255 533 424
782 102 34 761 574 54 210
548 889 786 13 386 648 354 959
777 928 501 843
509 488
227 252 30
341 583 478 125
237 323 434 679 464
691 608 710 61 594 801 445 118
589 356
713 455 714 681 330 899
475 94 953 231 119
838 543 659 174 265 288 981 264
57 112 973
501 190 917 29 163 651
958 613
812 790 884 27 597
214
742 217
419 96 463 645 949 156 176
974
811 600 126
590 354 989 668 986
848 633 881 934 329
376
547 532 970 940 65 210 776
662 12 76 132 799 506
331 842 278 867 429 117 762
437 396 385 954
302 946 304 606 639
526 471 774 486 582 603 278 295
610 385
172 343 593
69 307 143 238 809 845
484
367 142
927 913
40 245 520 924 966 848
690 390 260 678
419 402
160 852 811 208 489 771 745 91
134 30 972 52 337 797 6 365
983 6 541 428 944 746 430
192 307 377 558 699
65 874 80 487 113 618 25 410
896 3 804 270
300 964 547 834 48
144 178
208 52 209
632 171 917 689
496 176 352 470 728
411 528 261 168 998
908 623 574
92
37 23 203 671 150 717 769
836 281 931 580 969 528
529 296
356 517
195 487 272 58 382 748 810 660
730
616 613 471 70 335
208
513 967 328 490 778 239 199 873
260 479 739 442 696 829 624 554
759
378 551 756
204 666 356
774 558 203 441 641 17 191 3
964 488 552 195 560 723 143 404
856 77 159 429 991 850
565 448 993 871
223 56
302 132
827 35 929 525 383 158
155 731 976 758 659 643 684 222
758
903
899 894
905 148
588 937 406 967 607 734 345 422
512 642
950 281 624 562 357 829 574
639 862 902 319 772 443 8 206
13 825
475 276 944
457
235 317 130 425 461
81
340 966 212 519 830
325 644
859
756 149 861 870 963
742 503
935
656 929 989
353 875 716 192 797 575
668 60 922 256 675 577 809 460
250 869 408 419 282 555 402 738
694
218 698 309 682 213 374 628
465
204 66
486 128 9 585 378
582 825 557 519 366 606 104
444 337 59 749 174
591 469 7 750
344 673 597 282 629 511 127 767
890 432 894 257 246 629 153
467 655 457 306 707 763 891
14 657 810 69 817
501 919
16 235 695 975
105
487 731 914 416 944 608 901 661
375 687 245 512 580 758 767 851
509
86 140 342 269 637 482 872 341
146
182 329 865 342 550 882
201 230 166 679 354
408 369
623 386 966
86 124 352 354 742
539 301 536 732 186 830 794
26 249 517 47 557 287 167 579
227 484 19 239 666 481 971
164
851 397 113 723 773
443 733
939
716 260 350 75 598
870 18
801 619
408 473 524 142 844 590 225
321 60 568 306 563
798 96 808 611 527
974 589
392
861
349
509 163 584
32 905
256 4 242 754 409 419 890 880
959
361 990 383 770 918 887 7 929
699 287 315 541 388 773
156 886 405 431 652
612 335 312 52
547 990
997 202 509 806 790 814 659 484
303 910 370
407 121 847 765 841 796 965 260
559 25 831 168 744
369 91 88 793 380 286 271 942
771 274 364 595 848 185 605 918
541 734 437 319 535
695 13 600 610
172 66 179 390
581
685 59 767 37 498 740 621
56 219 851 818 62 876
980 616 879 485 127
678 357 482 759 338 927 476
371 118 279 197 599
734 652 698 290
467 734 492 161 835 385 550
1
515 766 968 372 858
785 552 633 956 73
624 469
126 199 87 276 523
798 569 976 555 699 800 962
95 128 330 342 337
159 916 196 573
633 421 485 835 367 467
378 22 363 771 956 247
797 43 871
304 223 2 564 654 483 918
422 902 273
752 29
377 41 173 989 799
231 59 437 675 849 515 653 296
502 283 320 31 926 286 106 906
541 516 459 142 83 483 128 184
869 494 170 137 980 982 510
5 363
847 61 378 60 998 381 797 256
209 307 754 984 873 225 804 728
851 925 13 18 463 436 638 770
333 985 998 11 163 804 663
943
190 688
54 164 818
997 179
114 902 666 772 352 893
891 701 625 201 723 35 811 497
791 732 577 665 482
154
57 137 872 617 857 786 213 268
666 958 747 670 191 567 10 734
42 607 101 386 405 629 187 489
847 211 786
107
302 855 463 773 810 617 394 829
925 169 305
664 357 269 225 613 308
363 558 387
993
802 31
235 332 236 162 205
827 331 886 565 71 98 973
371 781 804 369
451 547 807
728 183 560
227 761 454 120 597
879 310 319 60
85 684 905 213
718 428 907
317 435 69 163
289 663 479 563
132
710 727 122 687
710 143 419 340 773 694
25 489 915 818 433 640 796
605 830 239 116 898 866
718
980 339 877 281 379 73 198
262 726 575 386 777 835
382 314 720 184 865 99 993 787
422 7
765 548 502 708
967 688 452 563
575 532 290 16 527 958 388 331
162 880 705 217 791
918 633 434
310
534 421 562 197 145 772 650 737
646 526 621 779 505 484 848
638 68 85 540 547 608 520 174
948 85 216 880 615
639 208 544 247 167 401 560
900 504
360 72
537 175
79 880 564 682 678 863 697
238 283
715 348 385 630 782 569 931 690
161 634 54
1 221 870
738 370 664 196 132 781 475
730 561 598 257 85
462 851 951 802 955 88
227 655 425 345 839 339 175 905
158 768
99 442 967 540 942 609 68
383 978 924 115 311 640 873
23
474 749 541
533 214
371 627
713 27
502 66 844 855
891 528 319 42 296 595
72
341 253 873
534 12 838 882
775 753 948
826
804 513 987
430 20 608 153 577 288 334 179
5 880
86 568
780 30 885 827 837
870 416 22
302 790 700 596 391 155 491 815
176 79
822 799 993 677 770
622 590 959
528 165 476
587 678 771 555 122 864 319 506
425 461
235 926 531 936 123 884 216
929 252 9 92 787 720 912
375 488 493 460 373 509 601
799 113 293 477 149 86 436 766
167 929 749 422 562 851 793
456 72
914
675
544 497 464 731 895 578 93 201
527 322 752 316 267 896
991 224 472
861 797 51
622 849 397 129
379
957 916 868 649 931 358 386
120 863 193 214 17
408 20 261 194 267 91
863 873 205 323 758 219 802
896 304 103
296 814
98 237 332 506 403
836
862 890 92 122 331 495
517 779
788
993 694
310
261 597
950 526 840 566
53 944 359
370 288 433
368 486
783 631 182 414 571 927
442 738 253 106 525
208 568 496 466 349 283 174
663 761 539 549 250
126 458 72 424 187 495
355 480
199 107 543 589 17 284 544
963 179 683 987 783 42 739 986
905 7 134 782 119 257 469
150 371
762 651 514 155 830 610 270
289 81 705 671 828 846 777 722
38 677 883
417 645
452 219 201 453 217 814 271 163
4 726 915 827 452 510
355
605 49 319 680 5
305 873 808 736 711 671
315 669 75 147
934 251 872
508 595 146
343 451 40 440
830 245 550 605 216
432 510 208
765 711 91
498 56 576 278 417 823 770
984
956 590 159 400 603 898 699
759 512 886 140 127 687 550
864 312 606 547 95 675 715 660
404 620 41
658 439
303 692 333 566
960 113 448 348 298 451 89 626
714 932 510 631 859
585 302 205
800 0 214 65 268
40 869 656 565 987 216 842 898
253 572 277 228
967
88 144 410 562
177 617 612 274 633 513 815 563
92 176 790 358
643 804 338 639
576 882 366 857 752
95 681 226 661
528 784 905 483 778 253
521
645 377 767 598
607 739 592 955
237 906 889 763 366 176 198
640
340 88
345
216 729 422 126 324 890
742
142 926
451 923 543 67 84 805 206 155
475 766 920 832 756
787 60 417
218 582 519 888 387 799 957 239
998 44 347 337 239 125 854 975
738 132 214 101 84 76 106
677 920 249
817 184 502 747
635 35 170 378
505
314 32
586 752 160
75 598 303 802 463
383
343 311 581 612 764
331 565 306 628 954 38 856
987 940 560 105 46 74
572 975 669 599 458 900 431 234
478 182
17 704 515
37 20 828
156 343 98 618 90
327
122 480 306 95 466 447
680 74
271
783 696 451
350 987 648 285 428 836 287
445 836 508 100 194 905
985 517 460 295 113 214
244 720 775 613 403 236 338 83
698 869 853 257
106 534 462 859 996 256 799
203 876 49 648 680 750 135 625
337 16 27 227 281 22 491
133 45 758 687 843 740 764 538
57 988 979 315 318 512
898 583 455
177 719 51 970
972 480 380 581 283 709 271 538
585 560 859 886 195 376
222
227 677 628 442 933 61 344 497
951 879
662 100
653 801 368 223 148 394
380 824 223 271 722 846
512 961 994 991 489 443 208
895 301 491 196 837 320 429 864
214 376 540 464 198 829
25 458 305 327 86 42 362 375
508 191 931
357 268 211 536 896 770 28 539
915 296 213 504 49 242 131
425 563 371 168 74 555
231 567 235 430 718
810 586 226
134 100 920
997
817 944 93 163
945 786 52 777
709 691 131 867 634
802 856 713 952 455 549 272
303 172 994 43 529
676 185 355 865 99 418 908 825
642 411 71 134 733 548 479
171 902 718
318 818 834
401 620 121 948
658 538 196 265
737 892
728 353 925
303 716 664 871 494 283 890 264
340 662 651 994 665
233 357 138 407 442 283 425
209 569 129 559 326 203 530 105
619 993 749 541 44 236
663 548 5 571 387 485
579 640 355 736 864 672 702
762 890 231 69 581 899
856 147 342 500
555 995 484 446 78 540 551 123
185 272 172
106 554 863 988 48 834
906 873 237
354 649 533
824
916 980 185 597
56 65 205 395 823 983 937 967
713 328 782
619 600 635 962 562 51 448 729
951 89 891 202 17 907 46 695
692 671 174 869 391 21 303 558
674 893
120 565 65 982 342 290
427 306 861
747 34 238 101 502
668 863 820 621 407
47 574 805 694 752 866 722 304
27 616 742 658 391 916 55
635 523 285 572 293
804 196 334 658 792 183 777 37
646 533 641 52 166
121 221 615 157
924 634 40 170 416 52 237
948 616
697
913 384 744 63 689
809
544 777
976 405 1 857
894 898 415 553 428 579 194
514 420 653
280 903
293 857
567 437 48 341 296 561
332 139 19 452 299
42
227 39 215 191
499 726 761 724 218 840
659 242 695 534 392 991 381
322 233
456 57 355 572 586 810 127
4 508 568 358 414 910
434 469
253 708 864 923 833
442
318 686 922
10 347 684 949 137
663 74 455
322 361 259 145 546
16 571 118 559
965 899 32
583 528
435 501 782 482 162 591
857 107 600 211 184 22 727 671
521 785 614 451 51
649 526 787 969 267 43 139 258
821 296 854 464 719 647 75 205
60 763 224
210 801 106 672 884 652
463
800 796 662 828 328
223 409 526 478 610 873
134 850
239 375 498 423 564 255 907 453
818 402 46 694
363
978 425
500 625 975 825 252 88 92
383 891 53 288 675 303 447 954
290 770 666 937 905 277 376 71
783 890 911 782 118 720 303 304
689 335 372 669 517 81
972 45
637 478 587 916 779 274
411 82 54 77 882 356 939 794
933 512 614 37 104 132
218 777 552 933 195 192 526
837 35
219 568 458 713 817 244
177 873 790 531
495 933 801 200 577 180
926 388 697 518 243 880 882 282
839 223 232 925 798 282 860
735 501 43 75 304 540
97 59 315 244 184 939
135 302 729 379
645 823 715 29 485
672
904 13 438 69 245 217
475 204 878 942 70 439 823 754
781 795 505 692 754 296 635
471 528 518 121
347 476 449 916
950 190 779 81 342 592 947
601 751 498
901 62 58 157 908 543 179 368
901 494 344 93 789 131
781 609 16 10 633 515
681 225 96 378 809
805 795 919
87 153 409 420 754 34 854 764
22 940 152 480
182
894 844 732 832 594 451 244 874
583 923 256 303
137 786 667 38 183
256
925 854 136 77 290
640 159 817 145 173 681 846
683
389 896 528 403 162 576
820 483
197 188 250
339 950 920 142 510 599 363
349 431
844 478 486 965 529 737
203 750 172
804 57 428 122 494 760
210 412 756 148 878 399 560 653
722 846
773 695 837 639 307 776
842
960 791 690 507 82
86 183 93 373 524 877
101 545 621 476 517 32 195
246 643 336
252 681 377 323 994 430 936
654
756 874 902 885 519 317
363
297
685 377 112 913 443 523
226 512 211 620
605 52
851 410 532 373 372 542 655 157
342 223 237 853
705 578 655 454 496 366 986
60 913 59
673 987 966 668
68 846 76 74 276 342 232 942
271 106
792 627 673 671 107
92 993 792
208
657
184 217 837 711
57 880 306
758 196 502
537 363 602
395 731 766
179
435 651
290 141 827 517 29
198 946 376 764
738 118 228 541 277
49
337 90 235 96 887 969
99 239 845
582 209
359 331 533 948 319
281 297 348
833 369 147 700
427 13 578 940 273 935 838
579 423 548
400
132 34 827 572
794 339
120 269 854
625 367 7
484 360 170
434 458 877 482 262 714 177 589
149 230 197 619
731
113 207 555 239 406 805 110
315 532 570 915 739 398 781
852 130 580 764 65 669
744 51 74 777 159 250 681
387 245 141 906
883 951 207 708 678 46 661
555 978 326 255 351
442
675 274 408 224 763 212
456 577 555 666
903 624 924 961 711
421 247 358 746 33 572 982
8 4 735 336 613 744 175
470 21 32 922 750 512 369
306 884 672
559 532 785
672 225 712
487 787 685 680 304 55 313
995 216 286
760
641 632
274 372 578
352
610 985 69
150 795
960 792 569 687
565 214 611 260 251 125 862
89 438 990 811
491 381 636 92
455 317 548 73 671 606
523 717 918 441 387 528 238
988 762 370 812 882 339 6 93
613 700 273 780 330 971 12
879 933 486 190 241 282 46
220 985 820
931 556 547 538 827 911
717 317
908 64 452 712 952 377 786 751
916 337 801 406 231 752
436
665 499 866 242 419
432 377 629 256 880 526 48 123
514 58 110 619
736
518 172
619 973 542 626
500 941
378
687
193 294
801 718 631 289 983 392 780
131 733 113 362
944 123 996 844 317
322 637 758 486 636
702 640
875 463 464 487 283 181 845 546
117 79 953 731 387 572 522 720
442 777 151
14 410 187 597 237 408 182 477
985 421 189 891 26 78 140 687
212
101 166
686 92 553 631 371 280 4 852
437 245 768 139 466 43 856 106
968 354 660 682 793 503
680
45 910 791
365 817
527 254 362 158 430 285
130
1 421 977 960 538 573
645 596 257
806 596 823 849 401 758 12 425
829 626 97 354 141 250
965 739 22 142 37 203 690 32
708 794 946 303 645 920 542 685
108 192 960 373 469 550
828 23 159 518 316 35 703
689 935 771 639
366 833 217 940 789 795 903 347
774 669 566 662 378 394 432 960
316 296 739 459 189 725 219
689 68 519 697
605
488 635 789 308 766 365 173 219
34 239 129 7
22 75 12 887 604
196 272 484 715 121 81 278
401 660 111 429 746 776 461
837 875 811 99
550 236
703 482
654 152 397 745 657 789 189 435
591 19 643 585 300 416
854 200 409 624 907 706 474
422 892 691 527 379 253
307
750 256 844 926
427 36 527
935 643 856 157 940 694 706
354 470 890 4 523 192 816
364 419 397
881
703 133 515 508 216 135 290
588
717
535 392 357 952 791 675 782 901
890 776 513 9 884 859
845 499 594 744
592 525 853 18 863 241 995
679 155 864
325 482 26 785 976 199
336 961
655 600 334
892 954
227 855 238 540 595 985
583 398 974 673 738 885
543 30 86 907
504
186 125 443
482 435
296 904 184 783
738 588 753 130 548 528
294 723 929 124
305 986 287
10 523 860 3 459 563
917 409 722 455 256 761 593
183 342 938 818 578 457 787
156
434 625
272 328 681 708 657 289 203 427
614 984
795 159 291 105 204 701
157 187 844 73
942 823 322 173
220 633 443
919 719
752 655 212 945 562 40
48 797 157 132 478 664 659
921 785 464 707 689 693
722 245 644
884 17 900 681
499 113 253 954
881 981 138
531 442 715 657
266 339 57 835 232 261 497 652
636 368
539 543 155 21 575
979
194 169 923 6 391
257 631
943 667 7 162 945 890 211 584
145 406 244 6 744 546 809
452 551 454 33 160 487 894
520 737
438 708 502 351 373 458 657 929
249 474 173 306 780 331
442 6 365 538
316
407 254 447 918 869 801 567
924 972 797 106 796 488 336 311
425 536 145 902 413 622 563
267 244 219 857 26
694 167 815 838 474 962 272 770
552
888 9 314 502 775 549 856 228
763 924 668 116 954 744 44 965
904 306 976 320 983 318
390 238 596 200 20 118
380 813 984 157 660 685
33 938
802 103
614 636 744 101 294 853 869
964 282 601 933 664 184 471
681 995 619
97 184 850 134 467 716 675
944 673 744 695 675
775 931
161 938 638 558 504 490
653
419 485 968 74 269
774 126 374
539 231 569 691 222 611 445
940 6 606 191
543 942 566 574 32 791
906 638 421 504 640 194
544
902 434 691 440 485 869 572 929
268 824 203 276 413 768 41 602
633 309 76 931 118
391
375 308 383 270 650 70
122 760 197 81
848 539 416 981 414 479
932
76
681 462 424 161 578 262 303
210 794 604 166 728 925
518 273 403
457 766 244 934 208
561 983 499 573 92 848
660 668 447 393 78
133 460 709 546 437 501 340 822
962 356 732 15 825 516 394
993 872 828 668 675 681
106 43 402 506 259 117
448 622 644 160 45 117
246 34 555 863 687
654 631 972 151 861 59 618 529
461 33 991 830 790
489
593 782 279 282 764 649 931 565
46 759 143 219
28 244 914 422 110 738 979 250
132 177 583 26 75
427 540 78 818 493 527 225
70 917 217 875 600 883 80
704 348
687 677 166 309 590
853 13 758 432 382
39
767 367 362 873 776 658 296 385
368 711 957 846 971 836 445
150 95 30
622 76 586
894 285 352 103 819 442
640 636 962
258 694 85 664 707 754 261 735
354 810 181 889 542
681 499 725 553
20 321 72 690 949 178 453
544 711 537 528 597 196 957 272
515 709 371 712 849 251
45 980 336
990
285 830
90 845 560 462 571 541
801 108 105 884 847 25
350 86 594 925 510 486
718 358 476
141 863 4
6 106 539
623 194 5 755 221
235 414 973 105
489 282 225 601 331
791 957 187 61
556
573 870 249 785
723 241 429 420 333
264 442 847 30 345 536 444 744
718 256 111 26 223 962
936 134 400 983 816 581
915
293 797
171 855 284 261 649 740 40
7 793 998 118 790 220 133
974 92 567
426 798 549
649 53
382 341 584
287 227
446 534 276 811 191 49 454
133 215
653 344 911 882 842
283 47 310 970 969 842
181 370 108
210 199 272
34 962 236 606 520 745
211 287
622 29 978 632 596
431 180 296 931 837 683 527 655
86 430 394 714 159 189
148 883
566 509 42 14 367
849 518 504 475 31 763 290
743 617 18 396 542
66 700 161 431
759 115 0 708
97 660 138 625 167 244 95
361 767 513 669 944
918 324 557
644 923 514
20 723 679 789 921
810
705 531 364 769
203 980 171 406 866
95 382 993 902 823 594 298 226
259 975 82 823 538
218 101 515 451
743 488 876 994 191
301 518 553 460 514 108 574
966 453
265 802 334 891 646 457 986
601 101 935
634 164 405 959 908
199
554 670 489 631 274
401 337 966 205 70
192
71 390 385 34
279 599 848 131
765
505 33 271 23
989 913 911 495 465 21 278
395
953 419 824 1 190 595
683 406 365 646
179 2 481 423 148 163
554 110 840 906
300 144 918 502
945 110 67 135 841 269 827 992
919 195 303 683 213 209 295 839
988 979 351 133 585 422
422 384 487 502 142 651
925 772
742 807 530
524 254 275 257
814 322 723 257 731 123 230
967 175 628 117 601 885
92 837 594 469 543 307
940 196 869 860 293 73 800
792 328 755 759 320 59 34 959
360 668 640 606 400 237
729 621 918 723 705 417
846 566
625 718 128 130 754 180
612 117 359 639 268 699
374 528 696 894 164 175 470
778 279 192 804 134 839
572 470 630 416
964 197 911
522 457 968 142 326 349 297
945 487 629
787 225 170 463 100 26 366
643
92 835 571 461 808 794 693
890 724 421 381 993 741 519
981 78 306 173
726
961 113 359 103 650 609
418 166 935 528 236
344 492 366
616 857 572
789 972 32 520 502
250 880 719 143 631 515 535 141
696 222
734 393
601 533 351 17 566 919 801
854 107 328 973 206 52
321 558 77 930 782 660
183 438 177 566 677 418 74
917 876 445 527 457 191
412 597
372 242 316
252 450
771 195
65 995
200 268 124 550 7 339
769 295 904 332 512 163
885 703
875 206
294 487 823 234 518 18 700
552
34
764 452 615 14 33
385 906
842 200
130
413
459 417 746 403 736 812 293
107 421
272 926 184 32 529 401 770
624 683 168 378 775 363 601 765
349 481 206 188 174 716 808
812 675 306 373 420 270 67 727
290 577 816 753 836 608 725
804 961 869 28
618 215 324
171 768
774 201 917 489 52 41 835
8 130
314 372 909 776 279 620
467 62 656 755 272 155 631 759
265 587 233
805 967 199 41
627 15 962 806
638 17 154 186 355 807
392 208 124 246 807 752 127
177 904
211 250 55 828 152 301
695
574 484 30 673
543 146 491
614 703 873 616 908 176 570 525
670 232 115 162 90 827 4
27 508 831 621
115 75 888 506 173 159
601 702 819
393 914 578
403 962 333 355
712 437
78 29
540 847 227
475 223 276
92 214 870
961 554 427 371
642 105 155 515 49
709 563 223
822 605 422 545 978 347
117 88 463 780
920 173
506 90 215 54
622
42 319 321 620 177 795 54
100 958 969 342
88 858
299 464 95 183 718 653
95 931 132 179
186 164 219
425 713 475 716 756 303 116
236 509 164 296 10 643
449 512 538 774 97 153 516
767 88 344 183 424 979
362 944 477 151 37 411
31 696 902 994 636
831 839 327
493 861 131 405
102 315 731 962 640 898 7
707 339 701 653
452 658 667 514 997 815
488 104 50
337 479 349 467 286
87
649
86 122 319 746 893 946
689 728 891 257
537 726 385 731 77 290 498 103
422 102
56
943 524 453
566 668 128 340 553 217 849
554 214 949 188 92 834 481 172
563 813 952 171 787
415 201
594
339
281 405 869
216 718 3 255 1 92
561
117 331 829 979 947 9 282
518 584 503 464 407 122 334 428
98 854 555 697
831 578 436 164 443
408 413 758 844 513 295 670 727
307 678 780 706 689 784
837 939 670 488
675 138 970
0 324 780 739 703
0 627 902 861 461
698 814
618 734 1 864 696 287 623
496 648 119 854
198 649 115 964 213 371 990 792
299 799 921 953
777
495 988
548 210 483 960
408 368
133 877 106
367 271 695 937 523 597
422 597 155 999 447 616 887 262
231 979 808 935 553
427 837 877 365 769 970 158
874 607 265 494 718
39 757 53 513 725 801 498 166
469
640 82 904 580 838 738 434
627 684
757 226 605 99 619 470 169
594 9 195
1
926 883 136 364 7
640 629 664 575 216
246 893 459 295 363 389
558 312 513 424
818 977 960 70
320 817
563
117 783 743 135 836
937 762 755 143
389
533
309 584 717 294 596
490 185 599
148 836 930 911
327
852
433 32 699 523 596 985
911
306 58 171 197 748 765 25 449
279
526 274 57 876
613 93 152 531 865 358
690 572 393 495 252
594 379 474
429 281 773 1 506
976
68 807 901 752
998 947 802
834
791 761 205 950 811 383 887 490
667
211 575 671 463
480 731 512 508 833 312 875 298
771 933 320 705 610 814 69 130
576 741 962 402 348
651 927 204 315
972 750 284 191 922
386 909 583 956 60 918
763 126
934 900 418
775 807
113 713 200 197 472
774 848 897 681 579 743 528 308
209 497 281 903 876 315 304
960 368 949 757 130 419 599 458
307 751 426 119 934 884 877 799
984 425 739 907 584
317 226 458 739 591 532 926
346 112 283 458 326
939 975
937 693 372 710 248
775 688
363 635 450 334 67 957 631 23
320 997 415 0
528 722 531 104 476 725 405 120
783 404 527 689
392 228 70 659 772 303 721
242 32 765 526 858 978 243
412
532 764 852 193 579 814
912 21 45 571
694 563 457 117
560 219 743 287 200 731
564 410 797 608 632 460 540
705 150 811 289 212 154 188 541
318 508 778 507 730
769 308 977 783 708
52 400 947 794 280
618 943 100 317 876
709 115 264 134 105
464 342 232 902 54 538 725 282
606 801 152 706 83 270 325
400 907 623 198 531
14 668 706
852 760 703
410 126 436 592 182
182 184 294 803 435 584
89 676 287 205 562 918 173
492 882 324
134 351 847 771 613 261 996
209 506 792 149 435
384
386 397 479
449 341 980 163 932 893 911 706
925 148 74 24 66
200 955 604 794 645 266
131 153 491 532 744
688 661 231 467 629 789
360 153 39 776 1 65
743 616
266
617 273 866
571 220 293
915 463 807 683 226 970 836 21
232
48 360 613 25 494
42 491 586 517 208 629
342 547 645 783 385 878
987 956 819 640 186 764
735 930 957 407 267 413
704
623
852 140
219 911 155 243
758 72 263
304
583 780 357
171 949 567 785
275 663 741 918 749 414
495 690 979 399
609 685 24 816 958 995 588 787
231 799 547 733 516 966
839 14 723 938
906 696 602 994 60
897 509 575 139 196
301 541 757 748 47
573 211 418 162 886
893 154
853 79 619 605
52
55
717 613 355 701 341 322
883
786 338 685 359 689
794 378 144 265
689 810 488
324 639 590 285 45 438 890
293
144 879 155 579 753 11
716 470 675 465 60 97
108 807 173 780 788
729 640 776 39 547 976 1
829 42 903 74 606 888 25
549 461
698 696 564 772 921
316 584 921 438 167
707 95 742 887
615 134 149 765 711
551 888 196 961 963
967
948 432 241 522 963
306 344 397
281 635 399 89 41 322 379
915 825 1
614 234 699
121 314
409 521 701 933
923 482 227
930 95 78 350 329 316 345
832 352 248 334 44 211 857 703
830 370 224 249 833 929 744
827 701 525 121
380
936
382 560 649 455
938 257 34 313 630 444
772 885 304 840 495 546 83 887
862 974
762 206 893 337 187 135
651 655 263 114 181
549 134 659 534 242
349 989 493 634 796
243 229 804 241 860
215 489 62
990
949 157 913
801 984 966 656
859 151 185 770 112 427 163 425
562 673 357 126 602 677 578 667
816 584 870 590 560
267 790
404 939 127 27 368
856 925 432 560 80
583 322 105 781 231 644
828 24 683 439 310 981
974 630
44 406 709 139 922 259 702 359
936 900 225 861 497 306 906 97
270 737 682 558 321 884
552 234 61
627 368 76 156 179 75 113 254
825
350 32
460 688 936 282 224 102 440
830 661 557 389 778 500 35
66 167 180 859
308 230 990
337 836 855
280 130 801
515 973 525
928 614
62 29
171 687 538 34 456 61 476
116 377 304 782
185 875 598 106 41 921
186 911 59 403 228
749 129 438 648 799 567
480 462
830 727 597 543
47 907 375 30 943 9 519 135
576
155 608 631 458
99 973 837
334 944 845 673 379
563 949 977 615
514 977 989 837 107 408 401
153 309 757 679 857 347 114 197
215 422
522 579 539 744 609 131
653 537 469
664 418 156
375 868 282 286 365 153
781 909 564 249 217 892 50
636 431 825 480 959 69 799 898
957
308 678
65 987 440 716 23
65 262 639 947 558 682
81 33 233 32 275
1 413 317
286 953 782 533 176 89
621
196 116 784 648 389
976 12 738
821 334 625 118 681
112
676 684 505 498 506 94
922 105 27
586
235 166 565 430 513 650 164 740
124
665 378 536 247 752 863 193
600
937 683
170 231 174
268 413 535 171 686 20 935 86
618 782 433 154 677
375 549 701 681
102
221 30 255 477 482 198
821 207 329 353 610 52 642
555 800 427 604
907 543 599 424 553 60 600
27 203 577 77 403 447 507 545
561 111 975 740
87 838 195 93 157 66 876 721
679 297 116 947 485 707 18 937
104 454 226
188 378 529
430 9 193 957 22 791 108 351
504 459 888 805 842
940 801 158 693 369 535 88 327
643 844 33 111
500 228 151 479 903 895 599 707
428 170 701 406 30 803 92
350 700 917 971 906 353
897
143 326 490
431 920 631 558 206 970 517
814 715 347 270 60 801 963 826
163 1 469
380 111 695 800 888 711 541 159
139 101 548 387 768 644 106 95
546 956 894
621 662 476
293
729 258 403
121 559 324 840 334
882 103 601
113 585
816 995 462
79 508 650 551 18 162 997 21
506 785 419 365 980
53
264 354 223 27 820
555 399
340 862
540 695 693 376 549 895 542 124
211 447 468 422 648 259
176 384 130 222 415 93 529
201 160 785 154 215 512
170 106
306
78 238 900 379 427 399 409
711 239 552
908 332 379 985 448 925 928
413 362 70 208 23 764 310
631 755
600 151 337 877
854 270 456 0 711 49 628 241
66
414 157 830 316 637 289
58 561 341 758
86
320 169 940 266 214 801
872 292 50 469 59 803 175 427
261 820 558
303 589 418 192 302 89
630 361 896 63 784 236 836 861
784 981 405
860 296
353
888 208 236 269
991 290 262 48 194
699
335 881 364 835 293 199 462 966
778 293 995 214 714 45
489 56
475
623 656 138 927 392
651 75 829
791 577 988 85 189 943 417
147
823 753 878 925 72
940
666
829 161 395
724 218 645 953 305 769 385
410 163 419 857 575 310 447 959
585 25
239
122 227 42 93 760 217 262
598 302 881 550 353 972 137 759
779 922 21 707
705 827 496 52 649
778 370 599 955 667 755 580 326
918
756 893
995 190 424 606 607
655
796 733 903 846 604 646
707 557 650 373 360
269 239 796 664 84 235 237 99
869
198 826
218 891 687
838 426 302 436 941 932 634
242 602 50 1
921
643
42 282 663 924 944 710
668 283 406 642 880 657 757
738 317 865
444 710
330 808 269 715 943 768 851
174
108
568 483 153 964 693 15 769
185 502 160 91 632 220 792 486
833 886
371 755 391 630 928 47 812
151 128
940 220 6 662
337 662
533 277 704 825 379 327 398
96 867 969 93 400 850
656 174 185 45 743
128 930 391
353 266
581 376 325 34
939 32 822 987 994 979 813 376
911 490 724
462
109 529 608 725 72 413
893 818 585 826 422 706 117 547
835
804 810 258 529 543
742 474 885 376
746 703 120 109 774
391 21 901 380 33 550 987
266 59 582 649
899 461 441 549
784 617 677 985 973 386
709 339 76 51 888
513 567 16 561 402 582 547
446 192 767 880
17 55 489 193 615 935
766 23
78 249
473 29 109
89 460 105 475 565 909 983 506
381 679 134 704 856 49 696
534 190 948
578 391 780 720
333
284 278
606 616 772 521
114 549 400 695 861 611 534
72
561 585 997 735 625 115 739 287
781 780
860 420 59 362 518
179 339 797 921
681 741 522 426
610 226 788 28 591 130
479 105 949 873 930 985 564 338
402
79 236 134
150 592 214
121
690 155 369
767 149 255 185 467 408 211 655
596 85 246 236
615 22 81 742
296 780 2 325 827
591 565 900 536 679 39 288
841 598 227 557 946 576
452 586 530 456
490 239 309 102 205 207 126
463 395 682 730 742 736
671 533 868 389
54 989 875 840 263 750
758 637 385 760 174
482 763 100 655 190 730 575
407 130 938 520 254 299 899
980 589 638
674 610 481 288 82 198 854 502
298
792 577
596 235 1
513 30 316 176 126
292
827 866 175
358 385 280 394 143 367 994
818 646 243 110 444 702 584 450
895 719 221 793 155 864
318 298 435 748 125 101
212
781
752 911 85 826
891
21
591 279 872 842 489 988 311
729 449 500 244 196
512 812 79 907 70 81 570
547 313 396 581 166
581 80 396 252 532
544 495 317 293 951
651 405 520
54 558 165 769 936 279 860 177
896 335 693 555 905 665 497
516 0 161 9 390
833 307 785
75 205
284 194 789 176 577 230
636 354
391 914 537 926 683 426 491
186 490 695 976 563 72 477
63 47 302 232
175 128 270 606 952 806 330 706
838 753 184
525 344 519 214 289 393
619 497 164 882 920 310
629 989 384 639 932
768 136 961 201 589 285 701
138 962 438 886
911 377 821
885 824 941
257 40 39 816 981 46 487 789
450 385 976 107
253 442 152
338 676 359 437 199 617
985 660 481 872
814 762 678 437 414 130 896 703
322 155 855 869 58 949
654 142
608
742 884 41 461 488
122 580 245 10
703 544 78 758 270 855 677 451
208 379 362 482
358
526 671 716 214
541 767 853 420 718 493 399
169 250 958 594
388 54 99 436 424 123
19
872 188 42 348 222 915 484 385
29 782
611 224 79 47 863 50
258 408 679 545 894 124
291 96 231 223 262
898 276
513 306
178 198 993
573 586 71 587 881 883
876 702
815
933
723 115 53 62 284 588 304
253 474 679 594 292
245 234
225 291 912 669
558 587 161 822 236 256 584 676
778 768 797 299 57
882 336 748
864
747 915 400 451 586
939
65 215 627 879 615 895 786
143 417 112
480 30 713 286 618 487 532
680 420 590 517
392 315 420 654 127 965 817 666
512 78 138 916
422 999 312 937 684 989 970 19
668 598 722 481 647 147 876
524 342 398 48 194 642 882 985
824 937 326 436 565 801
953 414 220 363 886 252 799 75
483 187 357 147 90 530 732
677 709 274 278 479
623 264 440 498 325
541 549 371
635 882 831 702 747 156 238
717 926
440 828
91 927 731
569 834 300 88
975 182 666 422 897 744
990 277
453 948 981 554
408
321 82 828 146 568
22 955 620
635 522 550 466 462 818 162 359
232 471 512 92 387 290 674 716
600
32 516 155 658 223 950 665
853
170 297 247 684 888 265
91 773 855 964
279 709
654 16 304
211
980 676 700 659
964 595 718 147
413 733 180 489 57 704
648 116 932
982 238
728 9 678 190 111 117
612 440 410 650
665
702 9 588 850 926 348
603 613 336
543 685 95 999
153 222 442 521 781
649 404 911 273 631 219 249 281
926 502 822 371 155 573
843 233 754 697 954 244
876 23
907 824 671
687 69 32 799 887 138
444 658
590
839 821 572
532 518
287 421 162 614 624
724 544
852
446 549 273 24
934 961 525 594 51 522 557
638 667 584 117 384 627
930 511 220 518
344 477 459 480 490 849 575 924
658 245 548 630 844 587 431 962
456 909 20 184 724 71
89 193
373
852 91 152 352 306 370 186 492
9
362 157 166 720
769 296
911 587 736 278 402
461 447 527
347 479 976 506 877 700 796
498 576 288 903 746 331 660 702
281 569 942 184 769
995 502 45 555 756
666 223 593 384 484 279 875
919 497 899 270 31 587 102 468
656 975 693
205 928 632 629 150
318 167 744 345
926 213 697 816 14 354 163
298
474 185 193 771 776
748
164 622
181 638 799 281
822 647 218 418 103 659
951 682 864 132 545 363 291 36
817 492 65 462 536
94 687 233 663 775 981 682 794
308 405 811 701 313 186 500
227 884
683 258 773
586 70 526 403 692 992 304
886
186 324 252
811 285 707 72 141 223
585
631 306 907 957 188 832 209 491
668
83 262 753 71 201
771 105 454 125 43 896 395
161 699 413 911 545 247 651 257
497 676
507
177 293 994 521 343
379 730 982 70 50 696
939 2 458
639 64 700 317 756 773
511 645 330
810 396 757 737 335 185 452 22
578
340 843 326 461 454 348
383 50 706 142 243 476
18 750 436
153 162 334 81 420 570 840 601
149 156 383 59 339 118 580 732
298 341 995
605 480 497 576 54 414
662 210 186 298 974 155 665
981 891 550 36
586 953 317
53
634 366 546 7 588 384
703 133 992 812 181 617
118 120 224 638 763
659 304 369 83 21
185 951
334 413
807 522 884 902 302
489
569 398 411 863 642 938 916 721
647 120 739 414
843 611 597 670 442 157 672
405 62 222 76
486 310 68 443 161
370
598 896 871 200 0 605 339 242
844 114 86 668
464 531 946 71 782
570 782 158 849 987 437 904 490
987 639 282 26 190 206
127 313 2
278 103 902 454
914 507 3 360 864 165 958
703 173 982 428 737
691 827
196 524
281 268 981 160 825
601
991 616
967 698
561 580 406 908 219 712
562
720 399 902 901 157
939 710 557 470 80 792 485 801
259 843 322 61 22 849
902
903 88 348 626 454 495 10
410
814 336
246 723
570 705 657 56 124 512 952
306 801 888 228 485 939 404
928 104 622 498
673 97 684 374
710 613
348 87 422 293 309 55 896
3 200
872 340 921 258 760 679
346 481 329
219 740 598
767 169 19 508
342 840 619 604 887 633 86 771
16 407 661 667 817 964 801 125
38 22 51 768 622 194 698
106 691 285 705 220 596 48 897
216
522 395 888 355 887 328 176
733 979 296 502 639 990 36 687
571 313 224
11
973 554 761 45 411 928
335 943 228 174 810 544 424
695 60 269 932 343
155 511
497 469
408 720 628 215 34
704
232 858 675 208 415
962 180
369
837
456 183 508 258 41 357 729
55 572 900 176 273 363 5 965
585 604
328 215 907
573 390 23
695 380
583 981 531 729 735 83 743
312 54
384 99 722 132 536 135 60
844
542 660 640 442 569 27
553 459 136 694 904
386 580 518 813 63 872 102
570
239 510 117
815 81 283 225
993 414 519 55 918 751 598 96
500 339 211 684 692
750 665 151 470 156 591 881 312
700 461 725 352 617 768
88 539 65 507 467 946 854
702 590 769 89
343 160 134 978
274 950 357
428 865 203 905 983 216 714 540
467
331
66 562
370 222 36 522 851 219
836
267 414 160 517 699 94 974
131 102 848 752 442 621 487
28 173 721 918 232 803
664 74 121
818 83 233 697 572 653 689 570
444 647 9 8 754 298 970
616 290 943 576 5 859
519 923
505 8 975 12
353 552 607 225
591 211 750 815 724 76
416 261
848 612 238 629 34 295 112
125 182 682 84 113 657 898
306 858 802 812 416 538 178
800
151 665 985 890 164
379 859 779 797 452 89
578 806 813 211 348 107
320 143 293 374 830 296 894 951
113
848 180 930 426
776 515 624 342 500 5 244
814 521 202
302 555 377
879 169 13 963 544 864
54 326
284 119 247 443 341 819 82 345
709 799 882 114
112 437 812 542 472 332 827
782 594 353
987 790 13 534
139 699
122 810 858 413 163 231 643 873
556 854 7 728
198 740 953 300 811 49 659
559 508 761
465 387 891
405 906
985 720
811 487 348 565 601 125 525 993
403 558 338
34 863 492 511 948 924
119 773 598 589 995
204 147 511 180
155 638 30 154 11
218 328 498 680 215
337 282 979 38
644 499
912 262 173 24
68 731 646
45 404 226
795 478 653
197 646 250
576 786 475 467
648 946 69
294 732 86 710 368 344 906
928 542 909 124
314 744 322
185 44 269 976 206 954 237 147
121 106 623
875 854
617 473 608 817 795 285
289 708 678 130 261 9 367
363 59 622 200 503
283 419 385 945 265 155
568 856 195
752 541 219 851 253 139
496 510 665 303
74 341 195 484 943 754
621
345 154 976
983
763 537 116 297
872 205
427 709 613
555 213 995 306
216 156 6 416 468 870 53 908
507 404 881 388 689
321 712
568 163 14 494 378 741 669 705
936 275 768 935 875 56
530 452 561
332 173 355 428 149 995 798
991 379 49
731 770 773
950 856
566 697
151 442 341
588 944 149
747 76 691 353 157 47
665 372 336 973 114
60 537 266 242 69 869 302
740 739 964 63 816 34 146 354
358 672 30
706 324 132
696 235 383 614 242 544
730 31 741 182
948 546 266 427 69 752 734
565 571 349
950 98 918 894
786 759 564 554 388 723
866 863 752 948
841 851 485 709
743 161 388 623 308 61 387 383
209 642 197 397
521 810 191 248
184 647 873 195 106 691 957
765 267 405
159 967 487 237 433 977
107 611 389 224 779 771 930 167
443 430 399 12 523 389 410
696 990 202 426 869 570 829 275
644 807 493 467 577 918
509
70 581 170
865
279 690 890 319
363
957 877 523 913 190 611 538
653 66 86 291 478 210 189 90
328 631 660 930 301 382 572
848 740 822
233 275 793
231
513
152 816 809 464 683 479
89
819 582 23 822 723 866 512 538
53 357 460 781 790
653 834 818 475 59 150 962 865
883 39 655 122
516 921 868
577 276 754 781 851
183 678 496
746 618 351 597 502 39
412 199
26 915 267 733 58 896 619
864 813
219 136 205
631 692 186
372 62 192 537 26 501
319 285 243 325 378 289
147 641
275 881 925 686
131 321 958 95 377 735 298
120 413
120
473 314 103 198 827 803
126
313 185
350 889 621 90 541 157
16 212 682
139 774 347 628
848 507
677 265 992 42 734
321 531
497 537 570 345
941 669
1 634
798 899 166 707
195 850 929 96
308 830
400 816 586 36 895 787
778
844 862 344 396 434 46 510 356
888 69 561 112 296 419 604 586
523 170
364 688 874 432 998
392 645 42 99 685 697 606
916 504 831 941 727
959 13 460 16
570 873 263 111 776 25 919
68 146 968 885 684 75 600
60 766 61 304 451 75
347 64 328 1 711
767 804 87 219 495 671 562
448 375 745 968 184
773 433
306
893 318 801 219 934 957
382 934 149 538
525 780 396 511 966 945 305 199
4 773 578
906 845 345 499 243 159 720 245
45 185 661
741 615 689
889 151
620 398 567
712 391
596 477 971 652 369 81
794 992
843 158 749
796 940 685 316 176 34 590
313 623 242 852 400 580
749
252 206 266 450 676 186 708 750
123 979 659
413 111
635 926 610 114 12 210
18 91 389 881
667 78 206 552 129 135 94
798 857 678 220 319
671 931 142 544 969 124 728 930
852 630 468
647 813 527 850 264 713 616
778 611 618 279
77 5 285 26 408
974 377
997 609 175 26 82 890 808 138
469 575 522 8
345 881 553
680 68 730 491
646 177 241 141 788 949
181
966 138 130 761 985
676 501 412
360 363 148 512 289
455 19 718 851 148 220
947 179 670 277 196
841 148 229 982 100 61 488 657
129 393 394
709 753
367
943 40 659 143 385 266 50
88
925 27 701
891 539 31 490
616 619 575 252 345 131 421
279
292 16 771 6
349 809 179 329 872
760 771 737 552
190 90 641 510 997 39
820 516 614 581
148 385
233
431 459 539 711 957 805 256 369
758 908 556 416
469
607 58 72 614 301 128
400 877 51 251 441
834 374 159
578 792 755 299 40
56
732 25 630
767 963 284 165 288 341
883 138
499 236
156 740 702 2 944 194
190 204 72 782 468 398 203 359
146
246 326 444 25 740 482 507 30
86 804 669 648 759
440 13 307
972 84 73 190
956 512 374 597 932 15 427 98
991 885 167 960 421 406 719
128 178 995 723 729
99 685 19 702 664
331 198 615
402 327 787 36 857 231 990 335
404 720 493 666 780
654 197 919 200
236 138
514 428 205
166 828 669 477 822 385 969 102
943 7 131 729
308 410 228 886 950 493 488 672
847 274
528 46 636 328 582 498
332 795 99 502
229 576 738 5 127 158 390
433 619 100 567 814 490
532 451 955 400 613 370
289 341 402 689 692 838 527 212
661 448 332 719 313 134 571 630
113 314 21 720 513 428 216 537
678
77 567 246 996 387 411 331 336
790 463 71 536 585 393
76 453 639 160 715 253 209 231
691 419 295 735 561
892 334 300 866
652 729 618 691 549 77 291 185
704 948
822 104 304
29 662 293 347 880 200
699 639 256 495 766
828 889 234
239 210 468 106 335 655
163 790
262 711 824 386 18 596 713 569
991
690 111 864 535 819 723 821 323
127
429 130 685 753 913 113
651
599 315
183 160 14 620 393 367
244 739 439
726 483 21 281 48
21
849 177
385 821 870 279 171
491 127 85 802
691 4 6 478 912 157 75 947
197 293
562 888
878
42 343 622 107 475
887 141 577 613 627
521
684
488 162 793 238 915 388 307 919
491 708 586 353 859 556 775 871
368 920 762 336 213
234 939 544 32 450 676
74 376 387 252 373
418 406 638 425 795
633 836 689 330 353
515
522
486 573 505 552 609
988 7 753
920
735 22 774
415 891 956 555 149 287
918 788 412
741 46
400 56
608 393 431 976
572 512 83 556 220 248 212
973 232 626 692 714 205 853
890 815 891 731 100 622
766 457 390 449 400 259 265
876 574 172 695
697
963 838 586 220 125
811 79 675
593 119 985 878 662 859
410 626 853 795 680 389
541 405 61 44 638 320 193
990 558 729
429 226 480 255
115 811 746 211
558 847 479 23 219 2
991
143 618 381 301 217 195 552
45 130 722
130 592
455
344 357 319 359
850 274 203 429 759 374
926 163 497 452 558
168 941 913 241
590 620 17
745 746 129 670 212
167 171 541
710 571
252
128 267 621 545 956 470 455 131
134 130 854 758 899
747 706 134
474 985 906 204 611
868 136 130 997
100 125 830 261 9 934 473
108 362 450 180 395 329
878 700 690
479 218
962 8 115 147 999 468 358 409
160 897 132 137 974 835
404 210
333 206 850 618 573
841 458 341 479 638
263
835 546 559 575 134
697 795 759
916
668 244 605 637
343 200 286 938
223 485 374 381
676 375 537 477
918 296 223 228 780 3 466 30
835 121 358 550
277 504 281 484 95 852
290 935 480 508 445 550 794
170 705 113 514
251
711 912 149 311 956 71 123 673
948 474 903 705
786 684 35 977 403 951
216 932 443 757
681 393 797 195 94 678 220 386
380 125 559 671 788 620
957 185 679 471 994
379 208 371 634 892 483 543 25
766 73 688
76 690 540 687 51 60 631
408 436 622
820 772 472 515 998 516 809 834
153 372
341 946 710 157 458 485
683 959 808 966 572 562 550
474 253 965 746 502 946 106
300 22 327 104 469 424
673 169 408 996 325 25 831
461 877 278
638 879 775 932 261
587 676
458 882 475
812 299 405
300 836 973 51 686 365 861 869
585 520 406 815 60 994
653
298
691 131 919 273 1 179 465
872 752 254 800 374 565
655 480
844 674 363 682 266 80 199 106
110 847 605
129 575
950 665 318 654 704 23 400
469 730 556 117 318 363
7 860 792 311 785 812 507 159
84 351 109 135 927
300 952 588 492 329
514 401 40 796 854
189 723 768
153
134 553 430 678 194 616
610 624 625 47 131 415 726
609 771 546 557 50 159
10 530 970 531 196
790 70 931 210 67 615 669 22
247 91 817 948
713 165
265 64 121
548 188 962 72 744
760 106 494 651
736 897
614 841 886
512 276 569 622 646 396 56 187
464 148 562 784
10 552 364 369
285 459 677 136
37 43 857
393 211 875 439
638 694 367 427 769 697 669
794
290 640 10 611 671 312 154
768 998 59
845 502
161 638 743 996 70 361 794 911
426 722
954 296
594 838 125 142 752 355 34 616
330 468
495 637 986 238 765
808 114 996 619 699
914 983
195 6 985 870 153 774
207 264 922 782
688 287
317 739 497 706 171 360 233
815 344 999 445 966
462 361 454 796
766 712 6 265 828 312 971
967
218 400 755 145 642 840 104
572 847 988 25
458 464 206
167 594 906 892
249
226 6 784
997 983 173 287 800 55 54 982
542 949 766 153 938 497 673 62
604
359 267 882 497 533
959 806 896 223 859 750 354 725
191 507 264 693 703 555 716
225 682 315 684
620 892 411 161 108 709 289 438
986 214 286 845 568
309
341 461 549
480 744 417 66 712 592
981 516 199 455
710 520 294 195
135 408 12 379 260 208 498
699 676 68 224 560
291 621 728 585 221
173 332 546 8 213 75 249 902
78
380
190 419 295 56 554 92
669 937 823 217 424 335 544
886
631 732 977 736 865 483
794 521 591 667 308 33
591 312 311 619
967 589 481 848
700 230 771 17 953 847 333 331
296 725 319 730 76 541
313 959
348 235 998
34 231 298 227 162 2
762 359 891 436 377 99 233 463
809 949 117 497 288 889
902 682 472 450 75 997 361 944
387 632 127 62 157
416 288 616 607 129
841 438 142 886 130 731 989
322 942 16 526
262
639
9 113 527 332
722 821 983 32 239 845
54 170 760 921 912 309
448 843 432 230 438 183 210 606
839 748 977 644 751 283 242 744
154 253 720 354
772 590 304 275 678
617
74 448 737
841 590
300 506 548
585 474 366 140 893
847 539 747 767 207
754 54 524 569 418 755 288 314
77
408
332
881 149 715 674 144 141 699
303
189 727
94 51 291 420
402 137 850 246 192 299 70
687 849 904 984 622 482 931
161
542
963 950 447 759 123
730 172
582 888 114 782 17 182 386
624
830 110 251 174 878 943 308
85 917 294
771 450
222 154 372 867 391 452 928
73 742 66 699 823 500 534 918
858 905
613
794 235 813 365 946 510 225 748
212 792 448
844 345 204 791
973 291 699 277 923 116
541
342 408 488 896 96 901 820
485 229 761 222
598 258 184 700 657
457 263 888 299 349 199 483
619 327 860 302 233 258 36
970 278 71 614 212 95 306
479 624 795
954 485 869 226 30 276
239 18 727
919 700 939 478
252 508 319 520 389 868 194 693
43 289
18 781 966 465 135 819 727
682 684 269
711 86 783 245
50 851 457 424
97 109 718 211
880 492 522 451
130 494 264 822 297 924
343
357 113
231 13 576
456 393 558 640 934 777 834
973 69 349 416 21 506 672
768
298 75
15 300 541 740 894 403 767 875
242 964 619 22 407 428 985 589
543 961 490 857 569 977
843 550 391 362
66 535
372
915 505 263 668 338 18 325 145
589 69 36 78 346
566 683
174 750 551 596 160
330 471 675 656 339 353 799
477 604 835 49 357 344 260 706
495
290 188 770 615 999
751 391
469 235 135 231 320 890
46 719
657 291 250 997
992 763 689 608 589 76 963
95 567 53 989
467 911 243 956 475 576 141 978
997 686 682 571 414 620 498 972
258 515 218 150
198 949 936
555
883 174 621
850 134 645
898 681 682 69 61 271 354 669
942 487 73 101 820 24 802 977
387 782 259 592 364 776 402
993 261 624 430 973
132 722 259 823 351 29
731 81 722 858 577 974 749 343
849 973 570 978 746 80 527 280
931
80 106 435 684
454 315 82
178 937 726 589 676 153 234
321 289
351
129
333 607 65 369 448
445 233 517 294 176 998
509 908 823 100 4
712 923 570 306 857 338 962
932 114 61 162
766 732 911 661
124 758 6 97 403 765
714 827 304 557
681 724 777
836 906 237 286 783
135
708 660 247 401 426 300 72
75 756 536 366
54
458 943 989 808 696 565 761
690 692 878 243 500 323 277 687
926 849 601 353
574 310 204 175 141
111 912 696 286 666 364 463 516
395
889 356 781 233 59 492 374
282 153 10 741 519
888
951 720 222 862
424 771 577
22 385 785 923 532
751 891 132 65 552 314
562 428 817
29 879 130 604
341 513 979
477
735 65
630 110
782 549 146 970 672 291 774 308
315 754 893
401 648
937
907 943 428 164 457 142 288
584 50 817 916 543 862 848
171 153
928 710 80 362 985
48 19
363 970
149 46 759 504 131
919 602 954 359
761
402 428 457 994 571 207
372 460 874 754 773 39
832 248 665 834
263 998 790 784 293 600 129 973
414
279 815 380 141
586 301 618 515
302
294 113 743 824 193 87 197
83 653 323 605 212 269
788 496 13 533
741 562 701 718 185
279 383 291 859 589 466 791
183 38
228 654
138 257 6
369 449 238 387 742 401 996 960
283 31 197 614 465
358 222 605 152 436 858 109
363 808 619 962
343 865 179 359 903 125 710 136
900
160 521 151 766 235
706 433 159 49 189
819 700 570 27 679 202 320
625 420 673
304
451 182 593
147 747 46 711 245 416 918 268
946 887 380 618
579 856 798 160 98
94 376 965 198 70 17 559
22
820 38 679 127
567 442 349 517 472 383 709 604
200 784
884 96 238 555 538 191 1
982 229 95 343
642 409
123 889 999 587
553 347 901
905 573
887 442
478 430 27
743 963 191 364
18 416 783 739 788 850
483 531 387 601 266 725
892 645 761 802 826
236 993
843 320 584
195 310 834
58 374 269
440 688 320 538 242 961 705 149
435 571 54 638 224 764 36
369 874 421 312 33 745 370
245 290
121 876
710 407 170 28
761 48 489
498 269 284
129 375
856 120 49 149 764 876
535 523
962 558 69 49
171 830 78 745 676 82
192 282 859
806 887 7 228 871 597 315
220 967
668 350 400 507 528
531 770 433 223
775 847 226
465 709 140 669 7 327 876
743 60 222 568
86 288 846 538 400 333 743
716 203 778 193
274 680 951 2 15 487 511 365
798 153 669 657 565 389
781
802
83 950 708 201 851 835
418 160 320 381 963 348
321 859 773 997 64 642 33
966
29
2 870 272
322 965 253
653 737 472
167 88 910 141 977 48 718
719 55 278
189
480
500 114
190 619 172 705 388 833 52 775
495
905 899 125 236 368 597
665 512 358 113 39 712 600
973 455 965 466
764 977
928 858 428 672 78
531 83 625 657
86 35 50 37 335 920
266 6 374 234 209
204 874 38
851 906 375 485 877 86 826 7
911 93 69 210 849
660 750 841 886 84 279
237 260 671 247 396 300
145
49 339 593 475 399 906
460 739 489
299
288
772 971
3 260 264 765 704
444 54
603 466 627 847 575 251
37 98 429 968 376 752
979 505 66 62 77 673
335 757 314
243 84 121 278 599 485
699
916 481 813 939 91 190
995 654
481 466 923 410 335 774
211 17
839
207 196 613 134
168 366 698 844 498 808 629 906
169
754
329 330 663 496 940
488 430 791 245
215 783 561
911 991 369 342 840
503 971 57 778 947 877
36 477 200 257 486 828 602
623 198 854 905 595 330 319
828 64 541 439
32 460 54 29 993 696 381
382 496 72
489 303 346 262 547 336 400 841
92 341 992 28 295 574 611 599
128 764 950 136
413 304 993 728 518 965
45 751 343 51 780 526
445 721 825 259
539
559 731 262 378 535
50 224 754 592 470
421 686
342 631 727 208 509 140
948 429 793 926
404 971 504 686 213 399 133
682 444 760 419 140 92 141 771
469 661 365 611
896 364 684 733 734
126
814 420 938 200 953
265 186 660
495 373 96 833 606
284 141 270 514 181 667
335 131 520
983 525
695 523 140
475 660
986 814 740 665 855 800
856 592 787
278 646 192 132 237 697 269
215 404 252 419 75 428 503 206
995 615 336 578 29 700
322 541 861 953 248 522
429 107 39 408 499 356 729
599 209 129
271 706 78
395 820 73
175 465
726 621 47 52 870 406 875 832
404 133 491 148 493 474 947 312
923 835 485
643 588
899 788 82 727
602 172 979 906
122 457 461
18 730 178 190 487
176 691
955 282 184 801 418 406 137 900
152 466 7 670 611
946 701 119 914 350 288
992 58 185 628 106 945 255
808 979 354 426 181
490 667 732 855
531 231 765
835 346 109 918 461 713
101 283 866
172 614 976 41 625 936 6
134 556 163 534 92 123 584
528 852 552 843 876 585 611
443 795
198 922 962 516 870
639 517 6
187 763 853 22 328 835 32
768 608 429 10 723 752 354 846
765 69 904
812 503 716 358 945 23 159 181
837 398 180 352 421
580 173 756 423 329 336 708
511 672 423 339
725
785
580 870 457 694 552
458 315 465 476 172
715 823 600 822 841
408 373 671 223
311 421 351 542 959 473 867
925 184 998 478 53 78
238 358 657 508
768 75
375 184 270
617
237 934
494 942
89 359 783 335 845 662 549
120 357 773 449
989 960 317 127 679 947 294 121
1 887
246
509 53 690
129 240 172 475 435 476
997 770 46 223
696 954 739 657 71 851
963 686 104 468 342 280 623
831 463 954 443
288 927 597 530 595 984 243 192
916 829 595 554 914 274
946 976 662 220
683 622 912 173 405
114 45 685
894
894 969 867 725 488 832 134
814 384 794 1
479 211 46 352 198 381 571
662 938 183 942 935 36 871 657
940 928 519
18 543 575 541 580
508 384 9 136
981 381 506 936 878 563
131 439 65 858 766 954 376
502 115
474 945 427 44
955 827 11 738 920
708 192 775 956 894
16
231 846 610 235 429 793 383 162
957 59 553
594 410 324 208
865 261 680 510 690 119
115 928 513 554 222 556 691 960
491 554 719 858 510 189 62
619
648 900 175
881 432 512
309 259 691 826
659 982 705
334 503 956
107
469
70 992 988 126 422 104
569 696 180 628 830 435
695 761
613
666 207 609 947 253 623 820
636 843 525 840
735 412 863 787 409 960 30 675
978
162
788 582 738 326 699 456
683 306 546 689 561
433 944 863 348 800 993
713 715 390 986 586
551 712 415 705 718 163
187 784 363 980 186 371
210 99 753 387 923 318 412 472
750 908 957 523
907
853
214 89 34 403 155
16 986 435
397 185 625 128 315
786 152
375
539 522
175 467
810 992
357 531 303 25 370
413 387 330 127 939 407 509 103
78 973 172
26 468 584 727 125 754 544
9 631 205
327 822 386 487
911 598 849
646 464 35 962 276
779
873 646 220 942
931 97 144 166 647 742
875 389 63 864 208 731 969
511 884
695 918 426 893 410
416 449 702 71
850
104
355 670 564
277
953 850
349 741 126 422 967 904 748
222 277 241
810 935 645 176 817 780 142 663
327 961 645 23
355 454 555 164 79 332
253 349 569 773 100 930 272 364
457 654 851 210 556 573 382 671
913
649 446 619 621 471 961 5 141
408 996 526 202 757 942 919 262
160 86
513 101 462 212 536
955 70
173 157 431
23 476 922 119 196 90 536
82 959 62 411 850
617 209 530 958 173
503
363 574 218 412 237 17
749
638 556 307 54
827 462 358 22 168 153
467 692 212
137
334 3 157 462 43
313 550 108 778 445 414
410 564 953 689 69 147 261
715 626 171 42
259 583 475 971 163 297
710 418 184 541 223 755
127 930 619 644 324 816 169
93 19 155 580 243 547
796
381 50 833 809 467
234 325 896 807 795 70 907
523 640 79 989 645 351 155 808
237 141 156 560 343
498 920
660 291
838
806 197 628 714 326
415 460 257 513 877 196
152 986 775 183
229 327 63 714
847 2 819
535 236 38 691 356 699
973 9 210 289 343 507 571
752 176 7 703 249
137 63 844 768 449 23 365
522 624 199 500 37 0 587 765
519 599 34 918 325
273 504 152 361 151 213 42
446 401 300 752 590 716 272 750
836 650 153 421 643 856 653
216
177 605 311 328 262 557
581 463 275 933 479 459 781 48
1 179
663 796
967
307 485 60 615 725 886 473
128 686 542 270 506 904 467
544 272 50 738 163 318 571 167
882 120 174
714 299
91 651 349
782 66 59 757 379
916 459
556 125 828 560
333 967 774 771 0 691 721 818
795 474
956
333 194 914 257 181 833 654 430
288
821
283 576 767 299 670 844 546
486 258 220 930 471
890 528 359 48 734 124 28 458
674 420 783 822 481 914
758
797 241 854 33 523 173 628
105 682 317 823 973 931
697 414 749 74 446 426 976 993
321 927 31 414
511 256 531 136 966 986 182
779 307 672 495 813 514 208 45
731 541 754 626 39 425 306 603
903
719 480 382
890 183 42 883 319 107
34 654 448 523
370 410 57 786 883 722 325
359 142 767 619 325
830 345 76 331 626
454 103 727 458 573 522
393 716 56 911 662 841 611 413
934 115 662 292 161 323 557
243 763 475 128 291 7 10 857
620 220 474 231 986 385 330 693
26 214 805 972 808 155 645 905
726 510
827 586
845 743 657 720 287 923
880 581 145 327
912 549 780
548 927 630 844 855 520 544 357
974 825 193 956 500
867
66 157 619 550 256 7 565 292
624 139
269 605 466 44
679 464 211 157 756 295
497 184 191 731 732
226 436 361 67 74 884 439
146 236 842 450 742
559
46 846 330 884
537 854
51 183
545 950
828 35
146
745 797 792 548
563 977 675
643 103 923 440 705 678
74 116 677 871 253 582
216 68 135 408 679 552 242
665 775 797 547 378 155 630 238
838 583
868 860 650 296 138
714 88 582 680 7 504 811 741
251 92 111 29 542 270 141
784 498 248 426 456 755 615
392 443 889 948 362 121 683
508 253 832 25 672 498 892
55 67 443 573
938 913 929 411
58 760 996 49 379 412 516
32 428 854 980 260
804 763
346
295 126 870 202 925 699 954 400
721 758 55 30 729 706 776 967
405
64 202
863 149 914
516
455 638 421 147 838 316 176 45
416 818 159 913 827 637
833 786 78 446 192
298 515 182 927 263
843 707 226
191 648 619 75 807
14 60 703 165 417
661 335 978 523
849 183 35 951 685 352 613 652
575 948 240 92 327 955
598
676 831 600 51
164 364 525 903 540
707 801
542 815 636 958 538 332 812
31 568
467 790 389 317 288 162 228
718 132 161 449 423 433 539
215 754 751 430 691 30 815
777 35 851
667 757 674 148 9 726 407 236
574 853 64 121 247
67 49
982
846 842 824 787 206
848 99 655
639 443 318 564 894 435 788 865
124 831 220 17 13 25
793 718 254 303 473
508 730 603
501
730 983 496 539 1 537 77 456
795 8 751
544 608 654 212 904 270
928 114 247 345 575 60 962
688 229 793 193 628
240
708 843 118 854 125
800 654 556
83 462 446 265 161
505 642 664 766 770
94 872 478 493 90 750 359 679
833 374 436 268 451 359
801 401 171 38 422 430
227 110
735 190 631 898 12 5
528 323
549 11 345 923 438 714
114 6 97 279 296
243 29 957 304 16 836 250 483
146 692 374 334
427 745
615 481 337 608 868 159 413 479
974 546 697
141 964
345 771 384 820
668 877 463 17 800 946 422 209
829 211 614 914 943 354
923 192 685 262 915
516 340 356 725 548 947
217
920
438 915 958 602 674 829
735 40 233 550 934
913 950 881
545 97
791 724 457 504 248 741 11 575
90 732
169 728 926 896 631 984 282
90 694 821 624 743
223 131 13 299 320 214 618 275
256 848 891 7 850
281 327 912 368 362 851
332 792 835 659
766 455 695 306 485
151 490 972 889 214 465 243 929
564 510 345 16
237 290
97
28 471 932 623 814
22 201 701 314 452 52
242 262 407 439 150 367
97 949 177
690
64 214 52 948 420 277
725 99 161 911 852 417
410 841
243
48 552 256 100 39 855 486 553
755 94 160 513
229
788 287 79 36 674
841 331 947 33 379 503
251 309 605 531 545 678 49
334 275 201 648
566 394
331 528 635 759 283
709 49 191 976 656 210
361 805
516 824 431 504 424 565
290 455
504
864 226 635 710 855 578 918
150 632 691
647 573 569 298 236
143 472 509 627 451 643
720 721 276
205 812 630 203
522 4 712 689
620 90
205 829 688 425 824 531
277
546 352 91 962 771 880 621
733 490 839 304 702
417 126 339 722 168
409 659 790 84 691 324 31
413 235 111 709 931
962 780 689
358 89
216 450
631 349 828
974 825
607 260 678
840 386 545
87 53 508 735 784 401
760 513 630 115 128 960
778 822 443 837 50 20 297
321 978 313 643
923 120 993 962
618 815 894 617
220 32
466 164 120 899 238 395
432 447 956
328 385 932 679 431 509 986
316 168 865 509 881 347
940 829 283 533 771 418
91 327 11 491
488 958 110 668 281
342 53 109 18
678 178 614 539 94 562 877 649
156 157 318 725 411 174 439
554 936 84 631 164 703 383
346 691 261 395 1 898 248 732
652 761 928 576 75
387
454 891 974 206 568 918
541 761
267 70 31 939 453 849
47 196 216 166 466 703
678 893 58 675 370
492 79 151
837 477 935
798 597 24 568 542
480 613 965 604
65 400 559
963 21
588 80 515 544
887 305 745 711
393
446 578 305 519
873 652 408 987 613
628 185 723 434 145
812
381 99 230 67 995 547 444
191 43 175 365
605
393
755 469
32 187
93 398 778 51
754 212 497
16 530 435 852 603 876
289 938 806 543
452 338 533 573 211 85 112 303
456 535 116 504 95
108 165 162 146 836 475
234 211 367 786 415 712 461 926
905 695 3 672 393
897
409
935 193 555 691 175 992 14 503
911
884 101 871
579 479 765 221
484 36 392 780 880 682 46
168 807 122 768 933
938 910 687
470 159
779 366 675 112 698 654
694 185 230 733 311 318
49 242 984 828 745 501 738
101 318 314 177 17 337
930 6 841
946 378 619 917 363 132 609
716 548 476 906
650 614
622 303 649 263
143 917 352 721 871 930 634
411 130 760 246 338 219 712 720
252
702 902 207
455 751 469
453 129
531 164 437 56 869 563 518 387
539 549 581 776 235 74 828
294
322 800 871
117 624 577 120
39 354
381 206 964 387 14
199 562 388 185 266 674
156 126 430 550 99
854 414 39 615 118 918
526 826 379 745 54
642 110 745 799
953 991 381 244 413 956 357 235
578 922 865 645 361 639
148
784 272 969 185
682 732 262 428 783 460
715 205 286 618 779 646 846 14
745 752 938 264 966 513 832 665
499 947 671 557
332 26
684 118 464
89
471 880
960 268
74
341 208 666 427 973 470 641 226
712 129 414 78 337 348 284 100
24 792 931
825 370 309 438
408 868 47 980 897 57 301 217
396 965 531 100
417 886 276 104 989
742 465 976 101 698 732 845
770 267 233 364
717 493 761 919
606 253 420 324 274 541 123
90 482
873 312 717 267 665 139
534 273 992 165 884
756 124
172 97 275 359 666
13 61 682 906 913 668
380 325 687 323 125
195
333 75 867
728 463 212 580 579 920 632 550
627 605 501
458 333 732
564 973 469 869 30 910 558
624 707 558 552 112 847 501 876
606 826 582 449
737 948 417 529 385 930 558 813
634 500 290 217
803 40 912 12 937 792
282 989
576 875 110 273 329 57 462 812
820 420 694 785 511 81 99
356 557 795 122 349 298
979 302 231 444 379 851 783 929
503 827 428
81
741 913 685 786 787
207 456 272 363
247 917 624
340
13 267 722 995 676 487
786 472 587 735
448 851
256 920 838 930 173
663 597 785 159 290 411 888
636 922 651
637 45 287 88 328 989
502 951
721 945 440
242 396
943 511 918 322 892 338 558 906
383 598
803 697 759 976 594 520 177 32
752 834 882 841 338
786 809 671 204 647 953 580
381 609 954 912
899
183 640
690 489 725 997 761 502
501 48 814 384 110 681 556
891 720 256 645 660 177 364
877 319 740
665 322 198 470 812
881 784 456 266 756 645 976
887 180 958 353 753
891
439 746 969 187 244 821 574
273 783 905 469 324 666 646
977
878 581
503 824 631 477
304
997 785 315 595 396 668
450 358 294 632 310 731 159 929
720 432 618 498 636 206
244 509 578 667 147
690 56
186 858 954 221 156 499 707 960
525 143 922 275 517 434 972 454
557
595 555 971 877 36 145
585
142 824 267 8 777 917 311 35
503 187 473 167
732 169
930 510 274
130 802 623
322 977 76 448 567
641 315 659 26 511 698
590 582 701 802 331
275 543 496 135 952 822 846
22 185
444 830 353 49 879
937
918
547 153 162
900 679 167 717 570
752 542
754 140 393 864 319 896 387
998 698 83 208 317 993 569
516 743 698 341 243
979
926 716 593 39 87
531 972 298 666 724
716 471
67 539 257 193 548 697 17 217
5
158 985 983 337 78
879 950 282 857 313 858 955 527
627 643 33
899
533 268 695
982 953 648
651 169
217
997 364 664 366 634 952 602
699 38 115 893 460 951 94
258 86 490 390 49 67 244 276
430 323 547 319 265 156
270
967 877 705
699 132 322 342
641
703 837
468 626 733
152 413 565 943
794 461 235 429 876 945
501 924 21 63 360 445
250 771 350
652 466 766
515 794 590
89
12 41 336 547 220 511
515 269
444 688 108 142
45 435 532 662 525 369 408
381 149 457 676
2 648
991
92 357 544
151 75 620 300 709 829 861 434
519 513 411 327 188
652 379 685 495 549 905
908 104 411 894
862 247 515 772 140 616
257
522 467 197
953 24 952 356 783 503 494 369
134 460 571 821 285 357
713 407 13 834 546 335 961 488
736
632 885 656 680 858 857 817
497 213 359 66 256 655 136 46
808
117 190 327 288 462 314 940 429
844 154
5 449 490 390 281 468 284
622
974 566 450 935 204 365
728 202
11 680 208 302 965 582 205
96 632
522 528 650 277
989 939 465
951 801 636 850 609
124 456 467
542 363 75 624 49 678 895
958 808 779 146
455 332 404 295 228 413 139 778
968 421 614 458 454
376 147 860
97 275
553 412 309 923 848 571 283 715
262 812 517 625 474
327 523
310 662 891 145 978
625 186 931 707 231 906 110
212 466 304 256 353 87 678 453
360 532 901 306 678
596 553 787 703 655 675
145 895 330
633 683 416 676 246 604 703 439
112 95 475 637 548 689
676 949 337 325 847 282 318 26
993 457
610 275 679 998 424
919 884 34
677
689 106 937 467 141 168
207 911 406 127 132 579
720 418 332
692 499 770
517 95 562 673 758 661 587
585 631 780 531 336 410 924 850
757 343 553 428 122 662
662 436
163 0 304
326 743
516 431 314 61 513 515 191 62
663 688 680 52 830
733
333
32 111
560 992 154 999 970 256 603
842 188 279 329 139 920 66
906 394 14 584 370 657
214 177 101 623 454 775 939
180 552 484
86 914 169
116 257 509 234 84 306
136 526 992 385
86 190 983 425 374 303
276 177 197 533 134 485 299
472 71
869 832
897 366 694 707 223 531 736 346
267
342 682 311 306 200
379 860 560
268 185 325
672 186 102 900 414 897
511 117 957 705 953 641
744 662 350 205 914 436
589
498 997 607 13 789 578
71 605 98 494
319 460 894
219 856 162 318 24 757 814 533
837 146
962 961
319 856 362 58 235
631 328
213 577 727 723 541
156 661
201 785 34 527
607 1 765 179 662 565
10 706 166 281 942
313 175 283
790 137 275 264
373 415 920 454
704
94 838 708
655 877 292 180 379
469 533 752 431 686 169 808
605 917 665 47 787
269 403 458 348 958 835 92
366 169 104
684 901 113 918
241
702
126 591 924 40 866 785 562 160
495 224 44 494 430 937
474 200 195 497 380 126 391
929 779
755 46 331 2
315 392
355 447 448 445 967 979 361
343 17 143 461 981
729
463 102
344 28 11 291 760 196 933 598
299 89 658 418 572 252 747 117
551 405 351 518 322
735 726
829 649 134
843 53 587 107 935
790 494
82 171 927 403 402 134 578 954
37 373 177 965 115 406 65 532
292 993 233 19 578 990 329 147
496 101 822 780 427 586
373 379
315 545 673 416 866 188 766 744
126 625 682 498 251 445
18 385
177 599 989 790 528 625 938 579
107
131 918 485 692 478
984 916 843 19
394 572 480 309 637 957 780 423
55 866 526
461 578 1
653 112 563 493
937 780 719 768 391 973 502
906 804 56 405 408 694
854 827 34 679 480 255 369
787 893 397 684 765 272 432
853 315 443 144 692 473
237 277
645 842 312 331 670
377 449
994
202 108 74
920 842 237 889
674
501
406 614 913 741 349 436 906
113
57 113
379 716 937 758
329 637 610 410 162 561 607
806 20 299 593 922 124 885 721
772 887
191
688 437 339 429 891 506 704
257
195 936
212
330 336 725 494 8
956 978 895 710 274 361 685
24 32 354 785 438 34 759 863
321 934
652 600 522 206 174 921
255 47 223 386 839 717 93 900
192 445 474 631 371 412 684
440 210
330
220 48 467 849 637 110
310 225 221 345 963
486 690 214 483 407 948
282
409 320 672
755 412 930 989 750
354 902 948 274 558
256 239 297 265 149 383 800
205 661 490 428
156 687 0 425 845 946 105
75 154 513 717 723 237
574 16
537 167
390 28 197 892 118
880 792 52 627 373 394 923
772 517 140 182
386 783 636 599 418
52 329 802 103 34 714 909
725 123
830 274 76 952
796 303 900 536 689 470 262 51
324 167 668
712 333 501 124 589 566 597
234 70 907 985 620
994 549
753 446 541
67
295 31 262 258 576
571 583 237 767 358
814
32 762 56
653 99 194 5 167 940
185 764 140
995
675 394 707 730
754 933 73 277 263 733 174 155
463 4
387 135 472 9
197 371
839 958
346 430
170 398 951
270 334
739 713 255 203 88
421 298 147 726 156 304 18
401 70 437 54 361 756 65
282 605 906 115
310 77 748
575 393
984 216 708
339 962 199 856 504 992 631 650
481 508 376 778 444 62 469 517
709 284
221 931
910 177 361 425 822
604 951 494 868 530 902 307 474
398
34 471 385 459 957 513 601
433 953 125 608 73 947
809 574 664 772 128 379 418 493
566 473 567 353
565 509 686
719 926 421 338 251 60 605 86
310 959 834 683 802
182 221 533 116 808 331
783
800 469 59 182 663
10 171 933
673 1 373 404 423 777 163
913 422 25 981
122 384 803
85 700 93 756 29 887 146 718
616 871 895 798 9 365 128 682
413 759 480 343 986 766
933 337 254
512 296 939 621 13 20
301 966 499 377 654
943 596 500 127
680 660 347 315 123 16 15
24 712 177 55 821 869 451
79 910
608 456 124
451 651 174 936 602 344
619 745
515 446 987 367 790 422 958
151 66 208 927 219 273 26
63 733 528 181 124 22
989
28 498 773 20 616 247 392
856
593
328 455 210 514 628 21 8 896
900
688 325 291 168
306 437 633 396 172
26 199 670 250 702 99
463 731 154 540 707 899
398 963 665 481 188 269 426 853
943
950 59 780
13 932 513 401 838 792 435 808
7 567 877 930 469
256 638 411 903 553 720 460
899 590 88 930 726 779
379 95 748 93 454 749 61 567
256 623 26 758 706 636 916 754
342 777 415 646 995
779 285
633 249 640 469 919 55
397 718 377 263 613 866
573 745 250 591 708
650 767 555
891 367 968 921 222 566
951 133 941
288 117 276 113 882 79
686 876 795 42 863 872 761
765 105 319 210 643
174 515 897 452 496 484
803 676 223 712 840 586
470 672 885 873 858
649 611 942 163 354
47 163 329 645 431 342
815
29 205 253 991 970 549
381 69
464 491 933 40 21 471 691 682
642 192 197 708
429 114 503
878 110 950 640 929
253 970 779 985 268
886 549 365 49 333 189 577
540 585 746 881 926 452 181
76 765 26 552 184
740 727 161 890
33 932 734 605 678 377 898 460
265 279 945 618 972 996
718 875 169 343 878 349
343 737 131 832 609
777 179
332 85 552 84 161 260 684 337
856 206 398 871
795
467 228 133 332
387 424 445 502 695 343 626
153 397 331 618 918 183 147 942
596 993
900 231 759 83 538
834 310 530 500 429 394 828
726 41
321 388 952 194 858 247 75
674 275
679 552 355
841 566
269 776 438 836 821 930
841 315 955 878 779 555 585 912
586 150 990
973 17 929 783 641 681 286
903 184 352 704 787
231 592 811 855 93 48 960 933
853 116 832 229 638
154 194 575 109
95 194 920 885 815 852
801 49 682 397
178 988 465
967 293 745 707 402
51 722 8 455 800
135 858 650 464 601 611
427 805
397 319 507 491 60 764
361
417 82
346
521 227
818 690 335
920 54 538 957 573 506 297 521
770
157 434 442 767 815 335
846 74 288 784 304 17 189
412 216 679 922
28 598 1 857 655 727
103
438 291
209 530 622 591 49 212
957 208
170 540 194 98 288 996 65 987
478 540 67 658 493
495 80 269
796 453 11 927 404 410
61 226
303 132 608 59 197
901 184 185
464 418 790 263 886 215 860 560
567 593
85 581 426
973 37 682 487
405 174 305 232 860 918 903
571
927 247 962
675 503 904 988 178 637 798
19 158 949 909 32 620 41 111
602 210 383 638 92
363
294 610 327 807 178 691
712 773 156 387 859
781 489 699 767 340 22
723 534
713 876 66 947 882
70 504 868 655 805 44 520 530
637 696 782 409
947 349 258 454 373 540 738 414
595 151 63
227 300 714 928 59
764 139 210 771
390 910 876 195
438
617 348 465
247 972 203 59
880 794 659
783 748 378 712 88 692
526 93 255 588 430 795 297 104
477
675 481 401 630 99
130 173 155 744
493
363 807 377 225 137 990 932
272 858 432 67 287 442
495 349
656
737 471 597 774 888 804 580 727
480 567 637 139 706 24 870 565
269 669 868 926 872 651 657
823 467 331 841 834
388 175 184 936 980 523 407
484 709 598 433 575 537 627 605
957
302 859 860 702 163 312 536
262 886 657 913
307 340 402 204 299
865
295 28 117
33 440 155
245 425 729 998 508
806 14 659 611 34
507 343 497 682 671 593
457
378 329
576
549 488 629 699
578 849 988 87 157 979 188 467
849
807 796 96 821 10
886 919 608 664 122 417
779
430 752 194 727 852 67
91 104 638 283 988 597
116 173 3 642
767 831
79 681 228 873 743
448 722
344 625 615 314
453 717 527 713 92 360 665
806 415 769 591
460 722
669
665 707 782 77 737
23 137 449 683
116 33 108 597 25 375 996 903
720 364 0 328 195
314 665 440 829 584
736 35 508 105 505 479 906
786 985 975 609
459 335 189 558
515 698 103 8 809 272 703
15 878 93 94 98 897 328
60 642 988 780
966 599 361 922 121 597 196 426
349
22 982
470 496 67 573 478
901 12 258 990 886 426
529
528 550
202 34 931 152
125 928 351 255 289 730 861
100 345 541 741 436
772 950 140 828 43 205 707
315 902 766 128 64 792
699 403 651 201
987 869 607 508 779 350 571 595
97 286 891 191 691
652 649
324
8 472 981 738 452 924 337
472 531 578 955 661 237
219 297 373 272 419 640 426
856 151 831 847
724 985 779 470
896 703 334 675
103 363 162 962 69 74 912
199 782 160 408 729 88
687
107 148 875 558 525
970
792 537 566 434 404 285 347 15
221 695 200 852 681 389 111 102
921 151 700 522 930
490
855 753 716 546 535
289 404 48 446
155 989 966 957
939 356
544 276 724 155 768 74 827
841 93
914 337 339 320 360 984 372 694
312 687 309 718
591 816 686 43
701 70
318 436 932 908 694 164
780 821 930 898
712 65 821 465
270 946 590 340 246
275 154 723 695
433
153
613 963 329 859 936 386 141
793 308
21 445 434 134 558 896 194 394
769 258 515 726 721 352 123 294
194 471 274 599
436 968 971 377 930
732 280 906
104 605 380 570 561 242 461
45 567
981 295 763 123 16 950
51 963 483 799
257 362 770 301 872 436 400 624
415 2 274
169 304 471
118 177 434 976 719 396 407
393 827 581 120 757 78 834
661 298 833 896
885 352 620 879
309 372 860
861 729 829 332
904 395 822 703 539 125
609
584
262
996
683 405 280
432 861 266
416 360
763
762 881 242
964 670 782 430
188
397
826 172 454 124 197 791 532 251
745 634
798
958 375 198
427 308 737 957 434 937
868 886 234 455 636 210 6
430 935 171
892
467 389 797 194 86 787 231
350 442 532 764 329 522 711
694 263 695 125 888
141 676 987
415 750 34
77 241
752 300 547 603 28 906
776 757
465 372 844 38 212 776 158 357
510 329 175 338
977 607 212 987 176
595
510 117 947 323 166 390 63 687
990 650 74 104 394
706 884 382
965 451
690 743 240
355 883 24 834
979 978 385 69
813 394 734 1 587 267 611
182 666
912 647 265 293
568 938 606 238 228 420 861 501
695 638 91
584 756 194 922 126 7 958
306 977 888 948 961 54 924
683 804
42 55 873
794 871 780
106 63 20 700 735 544 222
690 275 826 939 171 587
249 34 802 306 167
626 419 296 586 349 920 134 111
294 261 815 604
609 0
431 507 697 781
470 676 554 983 709 226 37 670
727 344 225
657 411 540 612 752 93 398 757
904 45 421 275 383 594 389
967 590 976 15 821
943 345 291 759 921 994 624
19 106 129
355 914 223
967
477 300 336
339 205 155 905 656 372 136 512
702
715 92 828 40 633 170 515
606 65 371 701 781
476 38 76 637 919 554 619 157
86 430 822 780 644 449 273
665 55 849 29 391 170 330
271 859
481 874 372 113 338 958 448 992
820 98 560 330 603
37 684 977 668 459 178 198
346
668 330 258
476
327 385
415 532 370 699 912 562 564
848 133 732 878 204 287 846
473 860 535 600
947 35 329
630 209 492
716
638 164 519 329
843
979
580 999 583 490
780 105 55 710 258 531 88 418
104 907 450 961 12 492 844 426
253 800 766 920 194 820 340
812 250 289
965
790 320 710 284 739 498
820 938 862 821 199 77
535 126 26
324 1 85 367 651
990 466 583 506 952 354 207 604
815 232 71 938 223
369 941 50
944 661 287 999
170 723 715 833 213
402
247 27 722 237 949 375
567 630 492 136 364
402
875 777 906 76
483 132 624 695 714 417 876 200
477
815 369 991 173
312 86 2 373 835 727
583 471 244 618 392 379 507 776
616 643 801 327 673 257 495 943
284 676 116 850 912
106 781 35
993 507 391 722 224 836 355
917 30 95 257 267 252
393 861
257
386 224 755 327 599 194 575
959 763
123
583 610 924 343 401
206
439 458 704 628 201 975 33 247
816 446
188 548 647 126 620 290 756
816 111 423 699 59
478 397 222
537
710 197 490 809 584 680 503 396
529
387 146 529 946
45 987 737 672 610
378 292 210 659
895 697
130
784 39 586 811 825 774
967 697
987 36 98 571 52 390
509 146 138 868 533
12 614 90 864
581 841 953
208 878
49
20 749 310 342 281 152 513 765
66 652 455
717 218
105 305
177 981 598
612 289 255 50 733 433 819
712 22 380 816
607 674 406
577 986 430 477 82 606 622 52
969 726 746 950
92 469 647 914 276 507 143 376
973 865 842 370 799 278
269 991 442
571 890 367 476 60
422 851 694
287
624 762
23 345
559
100 433 640 337 298 790 528
918 493 175 679
354
969
290 120 320 814 766
818 585
997 189 635 974 508 558 861
494 321 293 373 332 924 959 783
411 868 997 790 265 809
409 402 841 21
795
244 673 807 63 72
619 460
959 302 167 913 790 752 382
175 211 142 781 761 796 854 400
542 929 482 571 613 646
425 251
497 154 735 868 24 712 824
444 897 246 710 199 636 713 383
522 287 474 519 308 30
195 957 869
167
619
132 548 619 960 421 707 466
823 568 819 892 531
752 605 609 868 289 17 135 846
323 445 769 814 974 616 477
78 72 500 852
998 583 274
200 451 996 36 776 357 883 744
48 380 106
730
259
242 94 989 921
677 393 631 886
863 616 867
742 226 979 101 247
76 966 412
233 216 602 287 697 539 367
420
576 303 727 567
618
950 279
637 355 928 983 395 352
44
524 935 592 294 967 908 66 847
607 435 879
983 610 617 359 854 684
631 870 969
55 911 901
715 763 541 728 348 257
56 934 222 83 159
117 428
400 944 197 541 609 535 700
489 136 468
827 779 840 345 654 811
894
469 15
616 391 10 847
42 774 126 742 100
524 141 815 563 831
809 877
284 104 953 567 859 869 496 473
11 549 557 763 615
225 550 175 365 798 848 841 335
750 141 611 993 496
617 242 332 277 28 384
184 26
580 74 490 312 689
576 607 1
862 148
551 855
161 568
175
354 214 20 335 66 871
461 818 558 306 672
801 182 552 79
22 786 209 781
377 450 107 289 518 118 864
302 214 40 126 402 27 159 647
651 159 866 977 681
575 207 60 7 73
649 823 674 553
958 5 649 174
554 432 632 964 210
622
490 238 677 44
329 256 507 593
536 732 359 101 627 975 106
958
375 812 299 551 595 212 318 621
887 110 495 881 61 0 894 153
203 682 570 361 75 806
189 392 887
512 848 516 470 540 517 979
217 861 4
290 987
603 505
359 594 54
460 338 33 247 988
791 152 704 14 54 834 442 538
294 931 781 432 653
613 269
452 862 943 265 356 46 93
152 357 188 399
724 36 501 577 665 200 970 50
140 90 196 885 626 585 345 216
522
56 921 933 510 916 126
250 472 705 909 225
34 457 51
910 897 863 347 108 650 20 241
267
712
809 921 658 597 510 204
391 544 291 803
2 115 229
737 318 294 879 133 400 354 27
318 389 667 500
16 263 198
15
103 809 529 637
501 880 865 620 954
839 386 73 359 819 444 297
277
408 803 847 679
820 178 951 930 835 748 880
472
712 623
668 138 325 119 316 425 219
12 819 998 35 369 916
425 472 889 984
513 673
860 877 375 392 424
679 974 382 367 918 175 42 415
72 464 602
948 324 33 154 765 268 201
156 878 324 937 634 21 4
784 819 786 390 35 167
572 814 553 742
882 316 329 871 741
719 891 328 47
786 997 689 373 560 854 62
455 315 977 256 312 208 564
971 132 60 577 7 625
794 438 932 376
293 616
140 71 933 812 958
237 968 939 523
853 5 314 201 604 941
975 803 782 541
46 508 676 880 773 294
20 236 343 350
596 740 289
676
85 173 742 991 94 343
540 454 444 375 769
340 565 571 971 526 344 151 268
73 332 83 324 412 251 398 662
647 225
465 902 776 586 181
156
5 876 236 845 136
382 579 545 483 256 309 837
244 187 29 815 56
339 644 639 507 149 667 125 529
180 728 483
207 433
558
695
692 35 708 713
141 306 355 52 517 163 864 428
894 676 835 981 113 492 868 32
234 862 669 350 100 206 649 969
417
223 574
789 159 539 221 941
905
695 219 288 857 872 731
63 305 531 352
822 813 349 634 30 360 641 422
77 188 856 415 318 780 166
753 709 89 823
836 220
201 750
350
870 515
931 825 43 839 814 388 796
4 356 826 127 912 208 719
177 756 769 137 552 620
511 106 668 638
525 220 807
391 823 423 627 408 609 551
633
78 586 368 748 374 222
440 870 491 26 891 333 898
130 770 913 561
453 674 479 750 94 922
384 952 806
734 409 10 984 558
126 659 767 829 473 266 197 238
247 895
521 929 77 115 698 146
102 190 119
456 437 700 685 874 316 307 385
448 270 443 615 833
71 90 857 849 830 871 997
758 127 336 623 832 139 490 194
279 889
526 555
764
466 789 647 194 522 334 73
862 889 581 655 688 446
986 87 645
121 214 295
437
820 118 592 209 596
6 874 969 866 188
144 438 846 295 506
107 980 865 890 191 212 919
971 847 571
236 801
816 200 768 549
732
164 94 100 295
74 101 686 370 214 722 734
815 92
162 17
480 982 886 984 631
395 768 372 869 937 21 680 522
441 949 848 81 404 768 596 975
180 151 270 252 154 735 392
286 708 777
894 115 889
791 373 604 233
769 293 527 79
341
715 875 697 996 988 472
681 842 671 990 523 180 213
229 596 899 359 259 281 944 630
533 872 956 74 150 378 928
610 641
586 830 112
72 475 966 536 922 876 653
537 837 877 494 67
445 348 931 655 287
12
239 123
799 593 701 720
976 920 241 961 741 128 662
42 641 383
846 111 458 957 563
840 712 249 472 877
163 818 821 422 140
990 22 925 477 638 624 80
283 272 52 298 967 524 129 299
228 601
735 655 764 116 452 837 896 902
64 146 155 261 454
953 933 4 622 723
246 238 720 481 409 565 50
129 177
397
961 309 433 426 85 585
614 400
237 6 492 584 251 540
116 978 619 971 848 528 314 612
907 172 935 171 21
440 741 65 375 193 665 356
160 417 221 78
93 173
85
612
749 73 689 269
719 848
643 822 229 548 185
322 703 736 537 245 731 572
239 245 350 355 640
646 87
596 654 769
16 655 211 756 500 905 984
462
813 347 391 140 614 834 103 198
946 132 807 625
515 112 126 357 664 498 440 992
247 104 103 965 174 305
429 504
229 338 485 383 75 151
151 592 504
461 834 262 855 538 829 638 719
526 737 894 442 552 88 347 772
419 91
923 99 913 894 217 864
278 986 220 793
939 776 157
554 207 34 523 968 232 483 364
73 321 654 582 814
768 180 601 331 101 675 845
873
564 950 941
620 270 73 192 717
424 379 801 725 491 32 696
698 316
571 635
731 793 732 640
292 271 236
989 319 444
218 33 341 303 433 620 161
101 694 447 994 590 244 876 441
622 196 653 399 16 68 178 638
471 502 343 360 660
38 544 417
247
315
198 899 945 92 525 398 937 620
337 707 316 996 893
697 544 100 872 450
371 691 315 863 600 247 485
872 220 564 705 443 1
223 378 232 649
742 32
97 45 205 228 23 918 764
182 788 787 385 283 731 320 700
421 722
686 765 700 583 285 263 697
416 586
17 30 427 638 583 779 181
229 968 525
725 693 822 509 507 668
241 57 433 859 537
223
910 716 693 949 484 870 718 162
570
713 121 468 641 471
563
867 72
834 680 393 107 377 233
993 248 818
998 653 143 645 643 997
961 121 887 242 735 631 661 905
127 629 544 116 606 921
943 556 507 517 982 209
80 295 84 552
796 240 319 866 196
632
534 300 35 763 665 214 347 629
450 835 490 392
526 910 208 665 827 246 726
718 949 985 863 968 4 385
97 519 915 310 943
994 507 790 18 175
576 907 100 542 914 880
868 820
747
557 324
579 434 503 718 376 64 1
902 395 162 753 740 22 448
714 431 767 111 745
292
386 989 422 428 881 918 503
654 19 813 765 892 211 502 278
724
794 171 587 209 853 943
928 534 334 430
865 583 312
482 797 70 293 190 383 892
450
613 943 703 455 396
292 899 711 114 322 770 612 190
378 604 253 582 206 92 191
29 841 473
603 157 104
605
516 366 693 665 267 452
462 525 517 377
727
682 521 850 823 54 79 75 705
157 329 82 880 362
876 752 905 930
953 202 858 955 279 780 426
643 968 784 479 4
969
17
709 56 307 606
798 604 414 234 339 979 39
165 367 874
529 570 673 427 846 554 222 391
774 712 779 692 268 659 285 672
405 811 935
240 353 434 520 890 421
604 779 768 342 697 958 202
417 92 848 905
581
280 319 51 887 384
59
256 801 403
245 218 80 259 750
904 122
947 204 774 110 289 968
825 486 657 50 41 448 220
638 951 329
263
602 286 993 580
165 947 242 261
960 837 8 430 651 124 553 243
346
97 977 159 228 669 632 320 751
428 305 803 624 333 15 829 13
649 514 173 876 336 160 690 983
94 449 188 906 14 522
246 51 176 78 482 224
157
555 340 483 819 622 171 195
668
242 336 428 719 107 817 354 997
754 300
634 888
98
863 431 992 456 533 617
392 403 286 208 435 383 846
93 449 147 112
879 381 507 37 19
809 734 992 299 770 301
416 708 759 295
523 349 13 488 511
705
36 296 653 831
71
344
227 62
202 930 686 845 399 552 213
618 245 909
861
717 701 59 578 881 829 187 468
185 736 503 430 5 700
104 521 428 966 76
801 789 772 725 160 809 651 26
733 958 495 989
946 231 779
924 170 91 787 89 24 204 799
496 153
15 59 809 654 249 680 464
989 108 117 472 234 104 612 756
231 859 216 304 499 208 127 743
745 802 170 935 408 499 90
218 349 232 492 630
600 317 43 620
819 596 545 937
295 983 538 64 48
207 826 594 998 814
556 124 735 515
16 785 926 421 239
502 526
561 47 24 335 871 916 29
700 54 933
869
839 47 889 881 243 242
426 29
977 45 696 908 86 749 629
555 473 60 975 225 752 521 890
499 70
62 841 952
187 554 246 453 718 685 602
477 267 145 4 787 832
113
793 672 351 527 390 13 385 55
450 543 320 924
168 414 617 430 175
862 768
448 152 234 437
114 480 612 611 265 780 0 338
487 642 202 694 173
836 769 937 462
893 689 99 570 434 89 106
696 413
258
810 573 881 315 385 697 626
290 474 565 213 643 548
16 888 786 397 500
746 188 675 691 388 747 874 538
606 633 621 490 954 482
98 256 235 303 202 869 464
602 82 905 874 657 541
304 531 78
86 117
906 517 426 316 175 787
49 973 842 853 134 407 866
45 764 42 12 154 178
315 979 514 627 543
272 187 483 670 629 264 848
389 657 334 198
368 421 244 732 412
429
824 162
143 403 622 994 781 28 711 931
750 137
314 627 765 684
96 236 768 604 413 946 728 180
489 480 329 49 986 777 853
838 188 250 366
945
979 565 844 780
132 76 842 87 662 118 961
465 830 319 227 460 348 481 671
903 387 314
104 80 792
239 495 823
83 395 167 102 934
899 326 384 567
993 8 461
452 451
238 766 401
47 799 420 34
132 9 388
790 253 413 721 988
249 666 970 708 12
557 788 553 298 883 565
834 641
937 878 670 499
166 167 296 368 429 42 425
392 80 357 215
482 636 328 876 247
892 345 760 416
451 418 701 904 151
907 278 924
904 642 434 487 933 581
85
881 54 523 243 456
469 489 97 666 12 273 638
350 217
39 715 429 983 91 390 296 221
735 750 943 326 768 537
900 410 664 441 613 470 973 60
800 391 631 549 410 931 95 826
449 323 541 841 547 688 229 24
130 112 170
55 144 704
187
755
978 953 567
461 991
561 936 777 901 860 380 182 609
522 890 205 0 407 652 762 26
896 410 409 384
857 961 339 343
705 44 208
432 214 986 911 678
173 766 864 124 247 812 455 798
274
500 337 412
109 931 146 727
353 994
218 544 346 23 453 530
219 57 432 737 693 304 95 698
184 449 201 90 609 704 586
463 736
73 983
701 843
68 693 900 478
490 840 885
521 483
697 845 897
142 223 773 94
578 285 21 310 174 823 361
486 822
96 569 443 191 403
45 644 465 949 304 527 446 588
332 279 552 867 501 858
510 474
823 987 799 926 120 717
460 978 487
594 301
806 195 965 245 31 971 386 30
213 662 883
175 173 34 126 969
757 734 926 213 893
144 618 92 404 428 227 320
666 749 150 195
149 147 537
935
340 969 962 593 551 168 663 634
56 491 773 941
964
437 673 217 51 346 572
146 81 720 97
687 30 516 288
635
504 134 939 979 576 634 554
604
40 764 579
316 485 923 113 615 234 469 55
402 369 74
854 904 879
104
652 389 733 340
332 5 677 747 537 309 11
614 898 911 265 878 149 780 114
924 199 228 875 824 143 132
325 971 214 571 618 73 280
203
419 202 764 879 784 957 384 863
783 87 238 163 714 108 834 541
146 983 889
607
586 78 624 669 455 542
652 343 934 928 373
648 423 694 994
47
854 880 522 663 16 599 624 698
793 172 39 781 723 322 617
807 404
111 507 102 152 235 949 151
950
784 402 329
710 890 584 417 289
324 610 668 340 0
913
425 266
552
85 158
731 202 688 172 434 721 53 679
553 471
292 51 432 853 60
478 801 965 147 971 581 310 91
309 592 362 698 118 709
533 742 927 130 576 2 493 902
277 529 879 318 336 757 54
411 127 620 450 648
236 501 729 637 658 604
468 447
935 2 375 820 460 181 500
476 78 137 883
309 189 549 794 880 697 8
892 886 897 38 221
418 412 668 677
110
621 20 11
726 577 402 690 586
55 611 41
642 79
650 457 155 213
417 561 849 71
705
53 855 272 24 150
945
742 85 382 257
276 93
118 809 430 452 68 93
230 898 357 396 430 825 805 138
589 761 421 873
786
422
47 973
302
200 179 929 411 236 191
186 528 954 968 200
102 850 415 529 509 105 267
948 716
403 747 315
217 25
80 15 511 429
511 458 107 519 730 156 333 905
786 413 243 370 77 548 122 110
590 916 618 453 805
501 888 8 689 932
714 352 796 842 540
408 130 413 714 982
643 350 130 717
504 275 258 195 255
231 402 575 58 974 463
319 807 887 906 860 727 376 369
685 189 553 720 84
110 455
706 722 716
130 241
54 383 926 457 102 110 884
538 978 960
642 15 52 88 157 870 322 80
492 562 253 322 980 289
832 982 213 622 39
518 594
484 123 658 497 926 682 978 29
979 430 182 429
337 618 837 598 408
495 207 343 795 277
464 818 373 17 714
635 866
770 741 406 465 89 253
404 134 783 782 453
724 361 875 810
366 999 207 707 936 152
66 842 173 465 671
116 445 255 473 430 564 975
219 833 716 132
297 808 119 686 391 229 244
791
283 83 15 569 763 660 172
968 61 538 321 893 428
719 843 701 417 557 500 130 923
912 202 249 373 803
322 562 935 838 875
63
348 601 557 29 364 913 453
614 369 491 606 31 177 255 914
47 895 923 728 869
709
544 7 179 208 209 22 20 394
641 777 697 403 82 896
568
630 35 556
169 74 45 398
449 184 406 768 336
226 880 984 534 558 975 88
488 592 361 830 470 989 141
881 380 860 251 822 55 168 394
390 400 862 254 765 388
721 277 561 347 163
691 125
502 793 239
994 816 859 582 244 489
225 294
790
605
994
555 584 244 643
96 617 395 750 461 389 316
471 340 295 707 350
744 85 545 560
358 587 961 11 3
555 529 102 564 722 373 243
968 698 115 521 708
54 91 567 239
106 751 864
44 891 456 607 524 133 358 573
9
54 638 481 322 260
413 920 838
603 509 583 967 293 173 52 143
155 432
894 66 572 257
138
984 608 653 147 542
830 325 489 897 346
446 405 334 196 270
654 125 595 926 244 166 679
476 259 13 189 372 748 759 999
931 641 649 624 932 880
829 542 248 527 995 177
168 392 587 936 804 275
10 397 603 113 933 255 192 667
954 572 542 58
285 379 663 564
799 933 477 65
125
569 45 987 237 786 127 245
