71 39 18 37 93 5 78 25 64
96 9 84 20 99 68 37 41 11
98 27 96 74 53 10 60
99 95 90 79 85 81 68
31 64 60 66
67 53 90 39 75 29 55
85 15 51 11 93 52 96 38
9 11 43 5 86
83 39 78 64 82
6 35 2 71 33 4 7 84 75 90
52 84 95 56 39 44 60 30 45 4
95 34 26 42 72 45
7 78 33 25 21
46 23
54 40 25 94
84 37 64 65 61 6 96 32 7 77
13 87 34 73 11 45 1
11 48 47 14
60 64 91 49 92 89 93 21 52 59
54 95 18
69 84 61 80 43 71 33 92
46 22 73 79 15 2 34
4 72 95 34 11 80 50 68 3
55 42
93 60 55 56
99 19 17 45
98 55 23 34 67 16 1 60 63
36 86 65 95
97 81 44 75 87 45
94 40 31 64 61 91
43 9 98 17 79 33 10 99 12 22
5 98 79 85
83 61 27
23 43 14 2 90 22 25 5 16 17
2 31 26 74 94 46 99 72
37 66 63 92 77 91
36 4 85
76 7 67 75 99 49
30 6 39
38 85 99 15 10 97 96 24
61 70 65 14 97 94 75
29 5 86 70 74
50 61
60 17 81 42
89 70 90 10 16 65 1 68 61 18
93 96 37 78 62 73 41 31
0 22 35 17 82 39
61 62 83
86 37
12 14 35
38 53 87 12 61
3 2
1 12 13 55
66 73 2 68 43 9 37 74 95
70 18 24 19 46 79
84 17 75 14 77
15 38 77
71 9 48 63 19 77 4 43
85 61 5 99 44 43 17 16
7 47 40 95 97 67 35 84 42
52 30
60 80 89 69 84 56 82 13 53 63
11 39 37 7 9 71 81 31 96 52
34 1 99
43 80 91 25 35 85
71 21 39 43 62 26 75 64
91 19 80 44 17 25 92
40 32 45 66 2 7 13 77
36 97 33 52 70 54 8
30 22 15 12 67
7 71 4 23 61
57 96 51 10 4 28 71
31 27 74 72 66 75
50 0 19 77 54 3 49 90
1 24 56 9 84 39 83 36
66 47
83 31 40 13 28 47 61
9 84
91 41 26 8 4 87 44 1 49 82
90 70 18 54 58 14 60 39 46
52 95 7 92 81 23 83
83 81
70 82 69 94 19 58 97
21 30 81 34 92 64 47
81 12
19 74 38 96 72
63 2 22 3 59 66
97 91 66 82 98 30 38
16 30 83 60 28 95
26 69 8
25 90 24 33
71 93
46 77 71 5 48 16
21 73 39 72 5 53 10 11
30 26 66 81 96 60 14
23 22 47 14 42
56 25 43 96 58 4 8 49 88
40 78 52 45 84 63 79
62 0 40 91 61 32 85 21
93 27
28 54 16 94 21 8 72
61 45 57 13 43 80 74
66 67 93 87 41 35 15 71
34 30 26 73 25 1 59
16 92
98 61 33 72 95 42 35
29 91 26 31 81
7 87 36 3 91 61 98 94 97 23
6 58 68 85
89 92
67 0 17 58 94 70 78
68 93 16 70 47 99 18 73
60 43 80 85 84 50 68 89 39
27 31 26 19
76 59 86 60 45 4 47 37
8 20 35 74
40 1 61 69
37 99 35 46 70 6 13 55 72
45 67 24 51 16 65 27 6 18 44
99 85 42 70 18 11 27 92 0 81
86 92 59 38 68 64 70
43 67
23 20
1 7 43 45 74 19 88
34 49 90 51 4 50 86 20
81 31 17 23 34 98 56 67
66 96 57 27 29 46
68 55 51
25 9 36 97 47
39 12 72 77 55 74
48 76 36 24 72 70 25 55
48 4 22 69 29 58 61 26 16 36
7 8 79 41 34 20 28 14 69 32
49 87 84
10 80 90
88 18 79
15 82 73
89 87 12 82 92 53 2
73 17 89 67 87 14 38 60 25
43 49
61 42 34 80 43 20 16 74
13 54 22 58 78 82
34 28 25 73 5
85 65 82 10 0 3
73 8 86 88 64 98 95
83 38 52 21 57 53
68 90
51 60 89 29 49 63
15 19 93 55
36 90 58 16 14 19
46 63 2 26 34 59 94
98 32
67 24 93 88 73 48 49
91 37 21 42 80 86 69
91 21 78
37 10 3 45 34 30 71 44
76 90 78 97 45
74 20 79 6 0 10 66
98 73 38 61 5 64
83 92 60
96 95 29 66 19 16 49 60 80 33
30 65 2 54
74 77 21 61
19 76 95
45 13 67 8 34 18 54 53
77 54 19 59 45 93
61 6 7 1 77 63 51
15 64 65 40 2 51 76 86 66
48 1 86
64 39 22 7 43
50 27
66 2 22 19 46 4 39 0 23 93
95 23 15 91
44 83 73 16 99 31 77 24 52 53
60 45 82 72 29 10
11 58 92
42 59 52 17 98 34 96 45 71 82
87 28 38 75 10 37 65 43 76 35
5 74 86 90
12 48 46 62
72 50 22 42 7
24 55 56
8 4 59
24 5 42 36 91 67 63
38 81 95 13 25 92 18 3 79
4 80 84 28 56 54 72 92 75
43 62
57 90 32 21 28 82 89 70
66 11 98 30 23 61 92 15 6
86 56 69 38 49 70 15 27 83
37 5 27 45 34 86
33 84 57 83
50 27 78 55
93 70
15 46 0 11 51 85 90 7 10
33 15 56
70 40 16 5 66
25 78 16 75 6
27 14 7
69 70 50 88 92 91 72 87 3 36
47 6 68 69 29 36 83 78 32
78 37 91 60 25 57 1 4 39
5 89 78 20 92 58
12 57 7 30 70 31 75 19 73
97 12 75 48 85 91 92 37
32 29 70 18 81 86 8 51 47
75 1 48 8 13
72 44 46 83
16 74 31 84 22 82 47 33 98
95 13 49 33 28 69
0 13 52 8 12 14
9 95 80 46 0 29 36 85 87
98 97 50 82 32 60 11
47 97 52 56 19
80 95 8 69 71
94 66 63 32
2 45 8 11
16 43 48 94 34 84 73 52 39
35 60 90 27 52 86 3 68 12 41
10 60 92 28
36 95 12
26 70 73 64 57 4 77 88 99 71
62 91 65 22 93 9
71 90 51 78 47
15 63 75
48 18 32 74 27 81 10
24 39 71 70 97
33 13 62 40
23 87 99 20 38 25 66
16 52 82
80 81 58 41 11
77 74 38 91 89 69 3
42 20 64 70 32 31
23 87 84 17 72 49
58 4 7 97 41
20 31 60 74 43
77 17 1 3
34 63
23 8 24 26 81 3 63 13 12 11
4 68
89 78 46 56
42 14 23 13 77 5 62 97
80 57 26 98 59
39 23
65 83 3 81 6 94 12 55
66 93 46 87 71 76 89 55 44 88
85 34 21 25 94
71 23 27 69 99 4 30 97 26
65 26 78
7 40
2 10 40 70 20 67 66 47
67 51
2 50 95
36 33 29
85 13 66 92 3 9 26 24 8
84 26 50 44 80 52 47 37 93 64
8 32 64
41 85 86 47 6 69
78 6 91 96 87 10
4 89 7 83 28
52 73 94 65 35 19
18 87 60 97 54 46 49
57 40 80 28 38 24 58 76 64 34
82 33 54 96
7 68 51 22 9 64 98
88 42 78 30 54 22 77 60 94 19
69 88 71 29 90 50
31 70 47 35 29 89 56 33 83
58 43 54 94 4 97 17 36
55 22 75 50 61 76 95 29
86 11 43 96 44 34 9 66
82 33
57 5 64 47 41 16 70 22 68 83
21 38 34 6 59 4 99
33 91 51 31 75 95 72
85 66 18 62 78 46
36 47 66 58 18 88 38 32 52
24 51 50 93
69 14 52 87 81 84 78 37 0
90 67 72
59 7 73 67 21 98 79 53 64
99 84 42 28 16 22 27
44 90 14 27 13 8
69 96 86
34 65 15 88 17 96 2 73
41 95 42 47 36 78 10
65 67 7 1 31 70 80
88 38 12 72 8
37 73 40 96 79 44
68 64 55 83 17 90 40 84 80
43 63 92 98
74 30 77 9 1 58 68 89 37
25 76 87 41 54 1 51 40 94 6
31 40 99 16 70 29 26 48 4 84
8 85 10 3 71 96 63 97
46 61 28 47 76 14 80 41
45 1 17 93 21 99 12 71 39 10
64 62 32 53 12 60
77 10 20 83 53
42 87 26 29 51 8
37 5 78 56
37 16 38 32
94 50 89 49 14 64 48 73 46
31 94 76 17 72 80 98 1 73 64
99 44
79 56 2
91 32 82 31 43 45 87
81 54 12 34
84 12 55 34 50 92 72
34 44 48 80 29 87 82 5 15 1
49 94 71 51 44 91 84
26 73 92 69 67 88 45 60 21
23 65 75 32 49 17 13
64 30 21 0 26 93
48 26 80 57 76
98 48 7 68 56 93 94
43 96 41
72 95 99 79 38 36 35
8 42 88 56 27 73 31 89
99 6 49 72 47 87 43
40 90 2 54 17 28 22 75 32
51 75 82 48 31 26 90
76 75 37 87 45 29
6 7 82
53 47 5
38 28 13 55 58 32 78
53 33 76 30 67
19 62 84 32 44 3 48 2 11 79
83 16 84 28 43 47 64 91
53 43 23
96 85 17 51
41 48 44 0 7 51 53 27
77 66 71 76 51 7 17 34 93
39 40 7 35 19 82 74 90
90 42 36
8 54 45 39
40 45 4
21 63 57 35
30 76 3 45 50 36 0 86 27 26
86 55 27 44 3 75 59 78 94 36
32 60 36
5 48 96 57
2 34 25
51 95 58 21 75 20 59 86 68 31
30 81 27 29 69 10
25 59
19 63 49
25 24 17 83 76 69
25 24 87 52 82 97 36 94 69 92
34 31 1 61 45 18 79 90 42
7 24 79 69 50 43 49 8 98 4
51 23 94 50 37 48 89
59 21 3 24
19 71 29 69
56 43 14 38 23
71 50 29
50 12 44 27
57 61 2 78 70 54 99
18 27 50 28 53 97
78 70 36
43 19 77 94 81 33
13 34 61 66 38 72 77
59 14 39 87 43 62 25
26 76
19 65 80 8
37 7 18 40 12 44 17 68 54
31 86 21 19 55 65
51 47 63 88 4 8 13 58
88 62 20
4 57 0 52 65 15 21 77 34 11
46 39 76 81 64 32
89 78 60 50 36 82 85 54 97 61
65 78 52 98
74 62 81
58 5
63 13 48 69 11 40 96
21 45 61
10 23 38 74 44 27 71 42
47 74 61 84
38 55 33 64 1 17 80 92 47
1 37 82 9 69
2 45 28 60 84 82 22
69 18
21 93 34 23 88 75 6 48
47 90 18 15
28 46 69 6 14
87 15 51 60 29 48
97 20 45 73 72
13 38 96 58 5 15
38 70 63 41 14 83 90 4 65 54
67 83 15
23 30 93 5 78 8 31
94 57
67 33 11 70 81
37 22 80 1
36 28 79 48 29
0 51 9 52 32 30
62 81
20 13
27 74 76 8 48 13 86
36 15 54 8 44 34 3 23
28 78 49 11 41 51 81 56 6
25 75 38 43 58 19 28 89
41 93 96 3 65 44 33
48 2 23 36 62 8 25
6 36 64 38 74 87 72 35
6 61 81 70
31 68 3 87 99 15 96
54 86 67 31 22
73 57 63 71 4 8 41 67 7 77
19 62 51 36 75 76
98 68 53 24
87 57 60 75 86
13 82 83
93 77 61 42 89 99 68 5 94
63 5 48 40 19 73 33 47
86 66 98 8 5 40 13
53 33 65 0
90 62
68 73 78
81 35 38 60 53 23 43 1
64 13 86 40 3 29 57 47
57 2 62
85 47 39 40 55 17 15
8 1 82 18 79 54 89 32
1 46 93 40 60
26 35 15 24 10 66 22 55 81
70 35 14 66
90 1 60 95 37 39
67 2 43
47 18 61 81 10
91 39 54 65 99
70 68
98 58 5 48 11 95 81 12 59
84 43 76 8 5 15 66 21 93
51 29 98
74 47 43 36 66
90 76 98 6 19
94 32 8 95 52 97 85 1
82 9 67 32 28
59 64 24 51 18 60 66 67 11 95
6 92 89
67 6 17
67 12 81 26 90 11 65 41 20 76
80 3 52 99 35 58 16 62 17
79 73 33 70 60 63 74 99 19
91 3 26 68 29 22 73
56 27 5 84 86 97 85
7 29 98 4 54
46 27 66
10 82 92
14 30 58 15 46 17 76 23
53 76 62 52 73 88 90 15
70 49 18 98 92 88 29 52 38
99 78
76 21 89
6 71 48 52 5 10
67 77
65 13
5 62
60 70 3 77
56 81
11 79
69 72 73 67 28
0 53 33
16 76
37 14 62 32 47 49 79
83 10 94 65 46 63 58 55 67
38 78 56 83 82 34 53 14 55
59 9 51 83 27 90 99 25 73
93 36
35 41 16 29 63 2
46 4 3 24 62 61 45 35 16 84
68 4 21 63 53
31 1 42 34 87
12 97 49 24
58 67 29 60 62
21 50 46 7 65 63 60 81
65 88 41 77
90 12 9 94 77 2 87 47 50 60
27 69 39
3 40 82 24 93 36 37
42 72
81 5
89 35 17 78 72 39 13
36 74 16 73 53
92 62
21 20 47
22 55 45 23 61 9 37 85 2
78 42 0 45 53 28 2 17 21 39
0 12
33 80 79 52 90 46 67
50 43
83 56 64 43 31 72
42 81 11 49 84 76 83
8 69
27 67
87 81 26 39 99 80 72
0 42 14 76 47 4 87 94 52 66
30 54 38 50 37 64 62
8 76 69 70 21
63 10 94 46 13 88 59 56
55 37
17 41
8 29
5 59 43
98 97 95 48 96 45 37 36 73 23
50 79 44 68 51 75 94 22 70
20 77 84 94 48 73 89 8
13 24 83 77
99 44 75
13 63 88 22
26 16 95 44 37 61 77 65 28
45 66 36 23 51 63 41 97
20 28
64 80 3 82 71 69
55 26 7 50
42 96 79 88 66 95
51 78 63
62 32 58
30 72 34 18 54 90 13 85 86
14 60 85
31 28 56 94 13 98 43 32 46 3
88 69 29 54 78 18 34
0 73 2 78 84 75 62
52 8 54 28 63 23 60 2
8 14 98 5 1
35 81 69
58 54 84 1 72
23 28 4 8 94 25
10 51 73 19 47 57 77 42
63 57 16 67 21 70 40
78 41 88 67 17 62 0
81 35 32 1 33 89 21
50 22 12 85 80 14 59 52
1 72 69
63 85 4 50 44 25 74 1 14
63 92 94 5 77 45 11
76 26 8 24 38
54 99 86 40 32 47
66 58 38 55
55 14 46
29 4 3 11 67 12 77 76
71 0 93 32 85 30 54 92
39 47
11 84 55 95 93 32 29 82 89 28
26 24 22 67
37 32 46 88 39 31 34 65 59 82
19 61 39 37
74 11 26 82 72 75 40
88 27 67 19 46 7 93
87 67 79
18 82 52 37 83 9 32 30 94
9 84 38 31 69 97 92 95
57 27
89 58 92 77 10 94 84 65 90
50 92
17 23 69 12 28 44 20 95 55
51 49
32 7 14 38 59 22
15 22 74 38 3 43
69 17 37 96 88 68
20 41 71 19 14 98 22
67 53 66 51 35 43 24 87
73 62 52 3 83 4
86 68 74 22 45 70
83 41 48 15 39 37 97 82 71
21 32 17 10 93 65 95 60 12
36 68 93
22 13 10 79 70 6 49 47 92 30
24 45 62 67 7 99 78 68 52
44 43 74 86 63 84 68
52 9 27
36 16 27 56 14 94 96 89 38 77
98 66 77 53 31
41 59 84 40 82 45
88 0 83 92 75 4 8 70 25 23
10 48
10 60 8 13
82 58 81 72 62 47 13 71
93 37
35 8 2 31 17 39 42 80 13
71 74 26 11 45
95 46 99 29 44 30 36 87 34 2
36 76 6 27 24 30 88 21 49 17
0 50 34 3 37 82 36 66
36 75 44 21 56 88 78 24 96
43 81 13 45 44 92 35 30
92 84 35 43 50 31
19 25 48 40 22 21 77 94
20 60
38 21
33 71 79 25
57 99 27
35 49 41 92
63 52 38 48
79 25 50 42 69 1 88
21 80 58
89 3 5 31 32 27 74
67 24 28 94 92 84 40
58 8 24 53
25 71 74 94 34 19
74 79 40 58 85 43 92 69 86
13 98
82 85
64 34 21 22
42 50 22 5 17 15
57 44 11 20
1 8 53 48 93 97 92
34 22 27 31
62 26
43 94 70 84 24 73 96 35
55 19
15 52 54
99 41
35 82 81 37 31 17 47 57
30 13 49 29 55
2 55 51 45 82 50 87 39
42 49 20
89 49 80
51 15 85 16 84 70 62 5
53 0 44 92 14 54
73 19 37 62 17 63 58 60
87 35 27 20 69 12 58
31 23 57 11 58 94
24 44 69 87 90 83 39
46 39 5 17 66 33 48 80 34
68 40
18 10 34 90 6 85 43 53
32 31 81 37 23 62
8 61 62 82 20 37 68 58 80
57 66 17 59
1 64 26 86 41
1 52 15 75 98 55
73 35 70
6 41 94 92 3 99
47 33 78 97 85 90 54 5 84
92 70 81 76 41 44
40 27 95 68 0 57 50
51 98 84 31 99 15
98 94 36 3 59 51 42
85 74 62 56 14 23 49 65
24 51 91 8 71 60 23 99
80 10 53
27 71 79 26 43 60 12
73 24
40 24 13
39 59 67
16 99 53
92 51 98 78 33 24 60 52 18 1
92 29 69 22 55 45 76 94
90 51 16 40 70 86 52 80
81 49 32 46 79
70 9 68 57 51 61 62 71
71 40 33 77 52 76 97 94
58 74 23
95 55 34
13 49 83 93 28 39 12 71
65 48 11 3
68 55 47 69 79 78 8 85 31 90
99 82 9 83 67 22 24
47 74 15 85 96 18 8 94
51 38 79 32 53 13
88 32 72 83 80
81 60 32 85 82 41 99 93 37
78 47 10 41 25 88
14 24 76 29
45 71 37 36 6
10 34 91
98 70 86 66 22 83 45 33
46 66 14 62
17 2 84 19 93 5
23 32
38 96 89 17
3 97 95 0 68 5 1 74 48 81
27 89
98 55 4 69 89 13 27 46
52 92
91 43 64 10 21 29 50
66 37 48 82 18
69 96 92 73 75 76 42
0 38 93 81 19 63 57 6 36 53
55 22 30
21 7 93 18 59
3 28 66
61 68
78 95 22 83 38
63 61 2 77 43
90 44 29 75 73 51
36 32 18 49 43 10 22 9 83 63
12 30 98 0 80 19
99 35 42 37 1 84 82
60 39 92 20 22 28 11 71
5 67 86 49 75
57 61 88 65 18 36 14 81 51
24 69 42 57 84 19 50 77 53
96 57 98 7
18 53 14 5 58 66 98
69 30 57 71 32 52
44 38 54 42 32 81
9 51 88 53 58 20 70
49 61
51 54 50 97 52
86 97 70 83 13 16 94
66 2 42 38 4 80 50 44 93
88 54 53 7 76 22 34 33
66 50 74 67 51 49
72 42 22 33
96 99 47 62 84 82 16 43 69
39 15 86 13
43 6 84 80 76 36 1 34
29 26 69 73 75 16 79 39
2 68 50 42
71 52 89 35 47 60 64 80
65 52 81 27 10 31 87 9 80 72
87 27 11 46 26
44 34 30 77 89
28 26 46
65 0 11 69 27 4 46 89 72
39 29 33 76 50
40 49 19 41 43 96 36 28
97 68 85 92 5
88 66 10
49 88 54 66 71 45 52 51 23
69 42 51
39 8 16 53 0 51 28 33 92
11 22 70 71 4 36 57 30
26 92 83 65 21 6 42
8 35
91 8 79 77 87 61 1 41 99 0
47 7
59 83 76 4 32 75 61 44 98 93
33 39 73 96
39 51 97 81
80 99 16
35 99 53 23 10 95 34
67 34 42 64 91
87 4
28 10 97 15
16 57 14 8 13
39 26 68 8
34 56 15 26 90 94 93 32 65
81 51 9 80
42 20 14 55
41 95 96
69 83 47 5 54 48 22 52 30
66 32 24 96 0 90
95 3 59
74 17 45 60 85 68
33 86
96 37
25 99
95 36
6 35 59
70 98 31 2 5
64 40 59 41
73 16
60 19 18
0 10 43 47 85 8 13 61 15 29
58 6 27 9 59 37 11 41 64
32 87 96 14 46 44 42 65 9
76 12 79 14 29 92 70 18 69
76 68 49
15 16 74 26 32 59 76 92 14
33 72 53
40 73 56 50 72 41
5 37 91 92 36 16 84
3 38 96 57 18 30 32 29 19
68 75 72 52 92
40 46 3 91 87 79 6
23 69 5 90
76 73 68 88 58 12 37
16 71 37 94 82
81 82 6 80
12 53 90 61 24 17 97 52 8
96 94 40 22
31 93 23 78 63
57 54 37
49 67 34 69 38 50 23 25
51 25 64
57 56 94 32 65 36 41 59 47 38
77 57 82 97
65 84 63 17 77
49 11
76 43
75 97 29 10 12 99 19 52 3 98
15 91 47 19 22 8
94 67
43 59 87 57 24 26
66 52 74 43 18 67 20
17 47 10 76 3 61
99 52 51 30 73
75 99 78
60 85 54 64 65 51
60 83 33 1 34 36 35 53
80 33 58 24 48
67 60 38 49
65 22 77
47 29 57 80 1 76 61 85
12 89 84 46 88 77
23 90 20 46 22 7 92 81 3
74 48 88 73 42 37 35 45
56 6 28 87 88 54 82 15 91 65
6 93 11 52 48 34
22 65 61 36 90 68 2 37 26 91
21 87 2 99
23 4 17 84 48
45 11 38 43 25 90 31
14 8 94 73 41 85 33 19 83
49 81 12 56
77 30 15 72
38 83 59 54 41
91 7 79 33 62 99 71 15 1 67
4 42
60 36 45 95 19 53 65 92 68
55 48 6 84 36 73 1 89
58 60 21 24 79
26 32 84 65 24 90 45 63 29 92
25 12 54 78 63 27 88 48 62
32 17 43 87 95 58 5 44
57 92 41 8 29 48
29 85 34 0 66 91 61 36
90 25 74 49 32 31 55 13 69
70 58 72 66 10 38
34 19 17 88 2 27 30 92 9
10 76 88 55 7 58 19 70 89
58 11 6 62 54 76 98 7
53 45 0 74 58 90 7 56
69 12 32 8 51 96 7 73 68
20 43 85 63 11 36 8 59 86 65
43 72 23
53 90 54 35 20 37 15 45
42 43 12 23 39
50 6 23 92 40 65 36 96
71 20
88 63 72
84 3 69 41
0 6 93
45 88 12
11 27 83 29 0 7 97
56 45 58 70 91 52 92 5 18 8
28 70 19 74 63 7 18 13 39 67
66 41 92 86
17 81 79 93 10 29 90
53 75 71 32 52 37
29 35 76 37 50 26 59
77 75 93 4 46 0
0 1 4 42 52 81
19 98 35 80 51 78
48 16 67 83 21
41 3 47 35 29 1
65 23 76 37
38 35 14 70 48 31 49 8 97
90 85 9 12 34 74 10
82 62 90 32 75 25 87 72 12 71
12 80 98 5 76 9 37 59 86
59 44 66 46 95 78 65 60 30 33
47 88 51 96 5
74 2 76 44 9 87 96 48 94 98
37 61 52 20 18 97 56
61 67 50 59 51 75 65 28
75 46 58 87 86
67 28 37 52 76 63 98 12 17
16 26 41
10 36 50 25 20 49 92 82 37
2 25
83 23 78 9 84 41 66 43 81 26
69 36 34
8 27 12 56 66 65 96 42
34 93 60 54 59
21 78 23 35 4 40 53
62 71 31 30 49 33 15 89 95
23 22 17 33 86 43 54 28
42 70 74 10 67 56 47 73 34
65 5 94 10 86 87 22 36 52 60
47 58 91 67 71
18 79
56 24
35 77 6 55 27 30 5 81 74
34 58 43 6 9
83 56 51 36 70 15
57 17
98 7 11 68 41
40 82 38 64 24
65 51 17
95 50 93 25 43 9
75 31 28 38 52
11 76 82 68 69 8 10 24
72 32 61 9 66 45 91 1 30 75
77 76 2 16 88 1 70
49 59 29
73 42 7 44 17 0
94 81
11 57
24 32 78 31 58 37 5 93 85
10 25 98 51 69 95 50 35 7 72
15 48 7 4 71 55 85 41
36 58 89 74 9 12
48 83 20
31 4 58 18 22 16 32 41 12
7 18 85 69
17 60 71 98 3 9 57 12 99
82 33 93 17 22 89 44 41
47 55 72 25 67 12 41 75 35
10 20 63 81 55 26 70 84 60 27
44 51 16
90 93 36 0 84 66
88 13 69 37
20 27 47
53 84 0 78 60 20 64 71 58
77 40 42 3
9 1 59 31 10 0 4 64
42 73 87 89 90 31 23 27
77 49 73 27 16 43 40 59 97
58 80 2
82 24 38 63 14 79 13 26 91
55 49
35 64 87 56
0 91
57 8 12 19 9 22 16
61 2 81 4 24 66 78 92
6 59 87 8 50 22 20 75 40
11 65 90 76 99 7 3 88
35 28 50 85 76 11 91 62 56 48
15 83 77 73 57 43 84 40 71 3
44 69 77 46 30 16
79 0 40 14
93 62 55 51 86 44 85
10 13 21 89 49 71 81
99 34 28 97 22 74 11 96 43
86 81
23 98 9 71 55
36 98
6 41
76 60 89 65
98 27 70
87 58 97 20 98 46 24 83 55
45 23 30 39 65 8 14 70 97
98 53 46 41 82 8 6 20 42
10 87 52 49 16 13 85
90 9 81 82 24 72 39 5
66 65 89 24 3 25 78 93 6
8 51 88 66 24 27
59 51 62 82 89 23
55 87 70 64
91 0 92 75 20 50
41 58 86 20 21 55 74 75 67 40
36 10 79 67
20 14 86 96 82 89
3 23 54 89 63 69 19 1
2 94 72 33
32 49 69 2 39 57
90 96 78 11
22 72 45 91 43 97 98 30 92
97 67 69 34 99 39 13 77
97 88 15 77 94 31 70 44 0 79
73 6 67 49 34
30 97 84 55 79 2
22 35 44 99 13
28 45 39 73 90
56 86 74 6 59 11
74 54 60 24
23 63 50 41
43 89 96 56 12 29 22 63 84 25
83 16 25 55 0
1 2 84 34 28 18 77 67
52 28 39 79 37
86 13 24 89 90 25 42 41 14
98 67 27
24 72 57 91 4 17 47 95 49
55 59 24
50 92 40 22 0 31 19 2
40 82 2 0 55 18 69 11 20 12
47 5 22 52 45 43
19 63 72 33
87 5 77 75 70 19 4 79
54 74 12 49 84 77 90 40 45 34
34 69 61 77 49 87 73 88
13 75 54 36 10
30 35
1 49 99 82 3
96 90 75 21 57
98 99 15 13 34 21 14
40 78 86 18 20 89 1 36 74
77 79 15 14 51 73
63 47 36 67 16 80 79
83 71 54 61 62 64 38
90 95
7 86 16 45 53
34 56 81 77 86 30 10 25 9
93 1 38
56 97 93 43 52 91
67 38 90 32 56 12 88
44 77 62 5 21 1 76 49
34 32 64 80 88 16 65
16 49 48
20 85 81 51 89 23 27 78 33
31 66 60 52 7 80 64
47 5
15 38 85 56
21 23 71 25 16 49 57
58 68 59 1
44 98 62 32 74 16 64
29 94 79 96 83 2 4 34 74 50
9 73 59 36 76 4 45 87 24 80
8 25 21 89 23 48 71 74 58
64 76 60 34 11 40
71 69 25 77
48 21 42 59
22 68 80
46 81 55 21 49
79 38 99 0
5 93 89 98 85 65 66 26 22 35
24 27 12
23 24 6 19 27 14 43 17 9
40 70 57 85 97 45
40 27 30
65 74 64 59 88 60 9
73 3 39 94 19 9 53 38
53 50 86 74 66 51
58 7 56 4 54
77 10 55 96 88 29
30 2 29 91 58
4 56 51
27 76 8
55 28 81 53 54
57 33 65 25 82 21 36 26
98 58 24 5 25 88 81 8
25 85 61 9 97 43 54
7 6 26 56 66 50
44 63 94 73
56 35 45 2 70 67 71 50 82 79
60 48 22 42
49 24 38 15 16 35 61 5 83
35 6 34 42 3 11 55 78 89 13
21 28 75 19 17 79 22
97 43 90 6 16
92 14 78 74
75 20 46 12 97 80 79
55 68 81 10 2 71 34 67
12 57 43 14 89 52 85 60 95
19 77 43 21 67 57 31 40
27 77 7 83 87 54
43 80 47
0 1 73 30 37 38 29 19
23 60 88 59 61 95 1 69
21 85 70 53 46 68 93 18 74
44 79 42 47 5 71 63 12 70 75
86 79 45 55 57 68 40 32 85
41 67 80 0 70 49 51
42 28 49 99 16 35 71 64 78 68
51 50 99
96 80 25 65 83 13 63 18
80 56 25 15
93 11
80 96 44
37 89 60 1 26 16 57 79 73
97 58
8 84 31 1 13 59 16
53 63 91 0 78 69 43 12 8
44 82
30 54 10
36 99 7 50 20 79
78 19 13 56
48 46
75 30 68 48 7 39 74 78 1
89 37 18 10
16 69 71 70 59 3 37
74 33 50 10 99 81
43 32 63 90 14 65
45 26 69 48 95 15 70 65 57 23
68 59
20 87 99 55 61 68 4
67 26 23 35 94
88 23 6 86 60 81 13 41
91 34 15 11 14 94 68 9
27 75 0 52 58 7 81 77
79 67 31 87 11
13 77 35 4 48 89 6
91 97 99 63 20
86 18 35
69 64 20 27
6 24 70
42 90 12 19 89 77 79 66 17 71
44 51 26 23 42 45 34 89 87 7
54 79 87 64 41 57 69 52 19 63
87 25 35 36 3 66 86
5 25 88
69 33 53 77 88 84 30 43 74
64 15 84 70 51 71 95 50 68 54
47 79 71 14 7 72
70 62 96 6 58 63 84 83
20 67 94
19 31 44 75 97 85 90
92 2 19 86 93 79 82 43 23 37
84 50 9 59 85 62 88 0 2
46 57 38 90 94
83 35 67 36 9
40 47 83 23 86 75 6 80
78 48
65 53
50 75 91 48 15 33 89 86 49 81
30 28
8 74 51 83 43 46 92 53 45
76 87 45 33
64 22 13 5 68
88 59 25 19 71
18 20 91 65 15
42 45 87 70
93 69 99 97 34 96
69 72 41 93 20 42 21 4
21 82 43 80 38 14 50
29 83 66 55
38 24 30 82
8 47 0 33
85 71
20 99 8 12 34 73 94 62 1 69
86 98 83 10 57 23 88 82 12
77 90 84 51
33 81 56 43 51 38
64 80 3 74 76 38 1 63 11 46
51 71 59 90 39
58 69 25 54 8 34 71 11 41 36
79 20 38 90 37 67 61
78 11 68 13 55 47 79 54 34
75 42
29 98 43 90 27 82
72 56 66 31 3
54 28 49
51 73 1 80 13 37 26 72
69 56 14
15 51 76 68 47 96 19 10
31 96 89 12 50 80 91 85
65 76 55
23 34 7
81 83 54 90 50 25 71 47 45 79
60 20
9 94 17 45 32
9 26 46 47 68
68 14 0 51 18
1 70 54 29 57 48 47 11
43 60 54 17 11 72 8 29
86 76 28 9 13 38 23 75 46 83
95 26 6 13 85 34 92
97 9 22 27 70 87 76
5 50 11 29 63 70 51
58 7 99 63 48 85 24 96 36
94 48 17 80 91
97 69 40
62 5 55 82
29 9 96 54 66 39 8 7 76
60 71 15 32 64
88 68 87 38 67 20 46 64 60 86
63 47 69 1 97 33 58 13 65 70
41 40 29 8 48 18 44 26
40 42 93 8
25 49 71
1 0 9 43
29 85 80
33 69 79 18 4 77
37 63 16 87 97
14 23 32
89 60 51 41 22 4 83 3 36 94
66 55 94 48 81 3 8 13 82 22
9 55 78 41 17 18 28 24
95 74 8 17 51 50
78 57 94 47 66 24 51 32 35 14
16 3 76 15 63 64 66 48 26 9
16 39 27 4 6 55 25 45
17 69 47 45 24 64 9 7 99
99 19 3 5 65 69
4 13 96 99 77 80 71 8 79 3
94 31 90 50 44 60
63 33 16
97 25 36 0 75 66 87 99
61 53 59 95 23 66 20 90 30 80
57 67 93 88 65 47 24 95
50 8 78
58 11 96 48 92 38 56 49
55 10 77 87 74 15
96 24 46 22
42 56 36 8 84 72
35 53 41 82 29 28 25 75 70
17 13 43 14 11 23 75 67 68 19
16 64 11 97 94 2 77 70 5
54 92
50 30 96 27 65 93 79 37 10
50 57
91 73 44 5 13 18 49 52 80 34
89 92 90 42 32 25 68 7 34
48 67 60 3 5 39 97 87
5 80 55 49 46 78 92 91
11 37 3
48 63 90 56 74 2 73 34 7 87
86 77 14 18 82 88 59
33 34
64 10 78 33 57 68 0 95 27
63 69 29
54 13 60 7 0 99 68 84 76
53 51 12 98 0 45 39 64 17 75
80 11 83 81 78 37
60 9 91 80 19 4 6 12
20 95 34 56 2
21 16 59 22 31
14 59 99 68 73 62 23 75 50 37
53 35 31 22 58 82 7 38
54 90 28 29 70 96 93
87 64 86 68 47 54
22 5 27
66 70 64 93 28 37
37 55 81 90 84 63 71 42
64 18 14 83 66 55
74 69 68 8 58 10
8 46
8 56 1 42 95 49 3 51
19 64 98 12
66 3 28 41 78 47 11
31 20 23 10 9 12 0
68 51 6 64 99 59 87 58 52
48 30 53 84 16 52 88 68 31 15
94 3 65 76 86 1
81 82 33 90 66
34 5 39 54 84 28 12
16 20 58 15 91 77 78 6 57 52
50 75 98 43 19 21 82 68
13 15 81
21 86 0 92 25 95 93
97 17 1 11
90 64 51 85 3
51 34 12 22 90 80
44 74 5 11 25 29 51 43 6
37 63 92 53 29 81 14 76 39 51
77 26 23 76 69 36 73 0 63 19
71 23
81 87 54
94 76 75 7 46
8 68 56 42 80 9
97 96 81 20 18 0 13 3 37 53
2 40 67 57 78 79 29 47 37 1
6 68 79 96 27 90 53 93 75 36
75 85 5 4 78 81 25 57 3 84
48 93 42 54 70 0 13 96
80 10 78 45 34 84 18 33
66 4 25 32 78
59 93 15 0
48 77 86 44 82 49 93 54 25
55 16 88
40 55 22
83 59 5 76 58
27 77 85 78 52
28 19 88
6 76
95 97
27 23
34 28
53 57 87
74 70 54 37 26 60
10 80 34 43
45 79 85 67
58 50 11 22 88 27 17 77 24
83 51 55 0 71 81 29
63 29 66 70 13 72 60 31 22 7
53 99
96 69 57 87 85 47 61 35 64
22 92 37 63 60 86 62 67 12 11
61 17 80
61 17 23 58 43 84 0 62 86 3
89 19 36
6 17 61 95 62 76
89 18 81 11 53 0
95 45 85 2 39
37 68
67 34 76 7 12 22 83 26
93 76
49 11 82 95
62 36 43 50 23 33
83 5 9 24 30 15 95 54
37 40 14 71 11 67
6 50 11 36
11 49 55 62 28 3 97 26
95 54 68 0 98 88 63
53 93
88 4
29 61 23 85 5
77 4 16 57 71 94 78 23 65 66
91 2 83 12 24 37 48 54 10 70
90 73 52 14 89
35 20 78 94 5
71 24 70 20 4 37 27 44
90 87 30 66 61 86 7 21
46 99 78 84 91 54 8 82
44 57 29 2 61 90 25 52 11
79 9 47 41 27
29 36 79 47 44 19 81 61 96
3 34 28 7 23 48 70 89
7 29 15 45 59 96 87
50 76 32
20 7 36 46
95 31 37
17 88 53 52 12 47 14
22 80 1 3 73
80 36 94 99 91 32 41 5 6 79
48 37 88
80 67 81 61 44
37 65 61 42 81 3 77 20 25 91
2 65
24 67 40 85 64 20 5 1 33 80
37 50 1 12
25 62 32
28 94 64 88 49 75 78 31 39 34
76 20 44 90
14 82 54 87 64 74 69 23 72 97
17 9
65 71 89
68 3 46 86 70
6 73 48 17 80 35 61 96 28 54
41 32 36 51 78 20
98 2 95 41 72 68 88 55 58
9 8 46 31
89 82 13
93 16 37
67 65 24 72 19 12 4 26 59
10 5 79 14 62 73 50 93
1 16 94 57 38 27 2 62 52 9
26 90 50
10 34 29 19 88 82 17 23
60 97 9 77 96
32 90
51 11 7 94 92 93 99
15 29 14 7 86
88 41 70
52 57 58 76 19 46 8 38 39
4 98 31
57 46 80 98
42 46 54
4 80 65 70 13 92
76 71 53
63 9 78 5 88 80
73 7 89 95 24 55 72 34
17 67 27 66 65 62 31
68 47 24 58 5
91 14 54 5 73 7 70 67 48 59
68 90 1 55 36 26 18
54 82 58 3 86 52
36 50 44 81 74 98 86 83 14 70
88 41 52 51 75 80
55 97 63
69 40 55 7 33
9 74 32 67 69
52 99 39 70 6 20 53 97 94 96
81 11 60 85 10 74 82 40 87
63 49 3 47 97 29 30 48
79 93 49
77 69 54
50 99 4
96 19 21 84 58 46 14 27
98 25 84 55 42 48 59 66
64 98 61 85 24 74 15 47 9
49 16 36 10
10 7 36 13 31
13 36 79 44
30 71 23 86 29 17 13
55 79
23 71 82 67 22 69 83 63 25 18
76 55 36 79 84 56 87 12 74 40
61 46 36 85 7
29 41 19 88 7 79 26 54 36
76 24 52 91
75 2 5 83 31 61 68 28 16
37 96 60 94 46 1
54 3 20 16 87
8 24 31 28 61 97 88 87
87 39 74 11 43 65 49
33 69 44 47
13 36 43 89
77 57 49 96 88 11
30 86 45
69 53 74
18 83 87 19 37
58 8 60 28 79 6 81 19 61
46 48 37 54 11
11 27 34 22 64 46 23 76 53
49 43 57 47 62
1 52 99
25 32 47 58 71 59 79 1 83 88
16 52 56
88 70 12 16 66 44 98
41 4
93 85 10 45 86 39 67
82 13
70 92 67 42 22 29 9
15 23 66 69 3 25 92 93 22
73 76 93 74 25 8 78
8 37 68 52 59 13 26 70 29 86
15 76 24
15 79 47 28 11 68 42 56 93
11 82
83 61 6 63 71 87 66 42
31 3 7 71 75 56 59
70 46 92 61 9 38 89 66
15 71 33 56 95 39 29 24 7 79
61 25 76 81 72 45
32 25
91 25 4 44 45 87 2 34 72
80 11 72 55 41 68 23 26 73
28 86 59 36 45
61 30 40
85 59 48 15 34 19 13 32 71 45
53 81 6 97 80 78 89 37
65 31 87 41 5 23 3 47
93 6 51 37 36
51 33 29 62
13 73 29 5 88 16 63
6 62 92 41 49
67 53
68 86 61 31 5 19
57 24 37
94 31 83 51 93
60 86
26 74 40 38 56 12
36 64 79 31 42 62 95 75 85
52 38 74 71 45 67 96 31 95 32
72 39 94 98 26 23
5 48
46 17 5 30 8 80 74 87
95 81 38 4 3 7
33 90 48 64 13 27 91 94 4 82
47 81 3 52
10 93 70 54
54 64
87 63 51 98 41 24
63 53 88 71 56 4 99
75 70 80 57 68 1 86 97 91 21
37 54 5 52 84 88 35 31 33 43
70 55 9 19 30 75 25
96 58 23 13 69 88
50 41 95 40 46
5 18 73 43 94 6 96
58 37 36 86 85 19 59
18 55 8 76 4 43 64 77 32
80 97
5 67 97 87 91
60 63
57 34 22 92 58 53
69 67 89 50 98 6 49
77 4
23 19 40 39 45 74 24
60 45
23 72 21
68 5 31
70 82 98 5 35
51 28 83 3 80 33 46 25
96 77 10 18 88 61
86 14 90 28 96 46 74 41 98 76
6 90 42 61 2 36
83 54 0 77 64 15 35
48 80 38 84 34 65
56 62 89 73 27 20 17 47 21
4 78 57 32 71 65
13 93 53 39 76
15 77
65 33 31 71 89 7 34 68 9 29
39 78 17 56
17 74 94
56 38 2 22 0 13 71
31 54 27
79 23 86 18 47 99 98 63
43 65 41 48 89
91 40 45 30 51 19 52 21 99 9
84 85 56 36 32 57 66 59
44 31 35 16 21 92 18
8 56 99 32
93 70 30 97 91 49 41 13
54 88 81 34
66 7 97 11 86 5 41 39
88 62 0 60 41 78 87 29 31
44 17 19 77 9 85 3 6 32
67 74 81 7 63 11 42 51
2 55 3 59 30 62 1 87
86 4 80
66 1 15 72 5 39 76 2 78
91 56 73 50
71 57
12 68 52 7
91 9 7 39
66 63 36 45 62 78
74 50 24 6 8 13
59 72 19 7 30
78 15 0 61 25 21 97 96 18 22
69 26 29
23 8 42 73 51
7 53 54 45 35 55 66 99
86 98
67 90 48 49 43 88 80 69 91
76 24 98 85 66 50 97 96 70 48
17 87 43 59 15 75 22 85 24
18 28 44 46
57 49 77 19
69 44 80 54
96 86
85 60 40 91 23
6 12 29 88 85 41 46 49 65 7
2 91 11
12 4 46 15
8 89 11 57 79
63 22 91 78 41
9 31 27 89 90 51 64 26
58 54 68 61 81 60 55
49 50 46 31 75 80
30 37 1 98 56 84
10 95 72 52
30 32 46
52 69 86 76 61 23 54 89 29
94 45 32 69 35
71 13 59 67 48 40
24 82 73 23 96
51 90 87 41 56 93
31 48 38 88 96 24 97 33 67 3
11 63 87
8 52 40 14
39 81
74 29 97
75 33 40 50 90
22 17 19 54 50 98 15
14 76 52
79 98 62 40 63 52
94 29 1 24 27 49 66 69 39
94 76 20 28 37 42
59 87 37 44 23 81 43
64 80 63 52 9 28 3 6 30 0
34 76 46 49 45
45 37 55 79 92 62 71 77
36 20 27 22 41
54 95 27 85 68 31 20
46 83 22 42
40 21 74 82
34 78 68 21 64 92 14 50 6 57
95 87 55 34 97 86 53
17 6 82 34 47 0 95 5 52
20 58 31 12 8 4 62 55
24 91 71 64 51 39 80
48 74 96 51 14 55 46 59 98
3 32 52
4 10 68 92
35 42 34 16 70 14
62 81 17 56 2 54 73 67 60 28
85 81 86 77
97 48 85 87 53 16 92
23 39 48 92
66 96 22 67 38 75 57 20
49 53 3 5 25 17
81 68
74 97 5 55 26 4 90 15 54
0 50 37 3 41
5 94 18 8 65
42 9 38 80
41 18 43 46 56 73 83
4 94 7 12 89 24 21 18
20 13 76 12 48
89 29 22 48 28 46 69
12 81 31 91 51 68 13
70 44 84 34 71 38 67 98
67 54 75 22 25 81 26 96
30 69 90 37 54 23 74 45 75
78 63
49 17 73 25 37 23 47
17 57 31 6 67 40 50 19 5
16 29 57 98 74 38 62 91
47 7 65 50 82 34 9
22 25 12 93 55 79
66 83 11
6 97
83 17
7 27 91 24 3 19 95 8
70 49 63 12 53 11
57 70 71 23
87 32 95 39 57 92
21 14 29 34 7 69 13 52
1 79 46 9
50 4 9 71 40 6 39 79
15 92
71 60 96 65 13 2 92
42 50 81
2 38 33
87 73 4 64
61 85 50 97 47 71 55
88 61 60 20 23
24 88 1 93 46
71 41 84 13 10 56 28 26
18 76 86 79 21 48 60
65 81 85 53 16
36 91 54 83 21 11 8
73 4 79 69 75 66 11 39
48 85 83 47 6 59 36
27 71 29 52 10 86 75 46
88 45 85 64
22 29 58 55 16 69 4
29 18
86 55 79 22 59 74
30 32 70 6
11 4 93
41 68 47 91
12 36 0 89 59
5 66 3 96 7 61 92 34 17 28
23 0 6 94 57
81 40 59 10 91 34 82
57 84 35 53 90 0 10 25
45 64 25 65 99 98 23 52 46
99 84
10 63 35 71 97
12 26 78 67 76 3
77 87 65 48 18 66 50 15 43
47 61 87
46 42 49 11 5 28 26
33 63 61 84 27 10 73 40 64 65
56 27 21 66 83 15 63 52
92 26 68 88 19 23 2 33
31 38 59 20 96 24 10 21 95 47
48 42 20 52 35 83 88 26 56
26 98 47 85 92 59 66 39 43 34
80 14
22 24 17 20 65
88 19 11 67 91 23 27 42 52 83
67 89 82 11 32 38 84 56 17 14
32 61 13 39
32 89 47
12 85 74 54
82 5 28
0 79 11 5
68 53 63
8 47 30 98 37 82 46 1
71 86 80 41 23
51 30 71 3 48 70 42 38
60 66 47 48 8 92 54 17 87 91
95 89 51 19 48 88 82
7 21 99 1 31 26 25 70 18 43
65 17 41
11 46 37 19 83 97 75 34
71 62 43 23 74 39 97 1
74 59
85 65 78
52 54 50
8 98 79 44
80 94 46 28 98 49 55 25 39 90
48 41 58 87 5 64 70 8 30 79
49 36 34
36 99 11 71 41 64 42 18
67 63 99 24 37
7 43 39
64 81
2 71 37 70
39 68 77 35 13 53 84 76 40
36 2
12 76 37 73 5 89 26 14 50
7 83 4 19 64 77
48 80
23 26 52
23 69
87 6 83 58
82 41 74 24 13 37 81
44 64 63 5 75 60 40 50 19 80
71 93 65 21 2 33 9
26 95 14 5 12 7 61
96 35 83 77 81 26 51
74 15 72 24 65 32 54 53 64
71 54
54 92 51 65 19 39
16 29 81 24 60
93 42 80 62 79 46 52
70 13 97 54 47 45 8 6 9 89
30 29 61 21 52 83
56 54 0 69 29
98 54 86 79 49 94 8 93
29 91 59 64
41 33 50 38 66
59 84 8
16 77
48 19 0 28 32 72 55 59 6 73
65 23 29 28 30 57 69 96 33
10 27 65 33 8 56 85
62 68 12
33 38 60 36 21 53 85 16 24 8
24 67
0 49 82
36 76 19 89
67 31 5
16 91 49 39 96 53 6
33 95 11
65 26 98 60 86
92 10
9 98 16
84 0 86 97 42 4 90 36 67 1
20 99 55 66 74 69 31 45 12 10
72 50 90 55 81 61 71 40 46 98
92 55 54 45 40 34 41 64 74 38
22 92 71 23 83 99 53 63
2 58 7 65 95
1 12 82 44 20 22
40 45 78 12 10
47 58 97 93 91 41 63 3
53 4 93 80 40 66
21 37 63 69 90 46 61 84 73
46 79 62 38 56 59 66 61
16 83 32
44 81 7 12 76 53 33 9 71
49 65 68 75 52 84 76
88 41 55 16 77 76 27 89 91 6
68 85 5
16 24 62 30 83 15 77 28 18 20
57 25 32 65 5 20 8
25 59 26 18 80 90 60
34 7 9 39 2
32 14 58 43 40 59
52 89 3 12 90 6
55 12 95 13 73 37 54 48 72 31
56 66 36 94 65 72 80 96
91 96
72 16 60 79 46 14 95 19
32 64 2 5 61 95 73 17
40 22 15 87
46 8 12 82 66 13 36 64
9 65 24 95 22 18 0 40 43 32
93 74 25 68 79 31 22
73 85 86 90 71 16
92 35
9 53
11 92 69 39 29 52 84 71 9
23 94 84 83 98
78 22 44
80 55 86 4 98 13 24
67 8 64
30 7 15 12
57 52 51 99 2 14 88
99 78 85 7 39 90 6 71
54 47
58 71 85 64 56 94 92 70 23 82
37 43
40 32 33 82 26 78 24 20
71 92 8 48 50
87 42 69 41 15 37 73 81 75
90 91 26 79 55
84 90 4 76 47 6 96 15
75 8 78
0 11 73 16 77 79 85 92
41 88 46 30 9 17
0 9 59 24 35 56 60 57 63
71 66 88 35 77
88 86 26 55 95 35 51 18 19
35 47 81
46 97 10 17 77 6 82 74 23 63
8 91 24 40
21 25
91 92 99
61 60 65 95
59 80 19 94 32 37 24 23 36 5
40 41 21 56 85 36 47 46 23 0
21 40 95 58
36 70 63 21 62 50 18 23
7 20 11 9 74 59 49 26 19 87
63 30 46 22 85 2 95 33
4 13 19 31 61 67 41 20 92 68
94 23 83 85 81
92 29 77 50 7 23 89 48
22 94 58 45 38 25 90 65
41 42 64 35
71 7 15 47 5 33 84 98 53 74
36 80 57 79 2
82 10 86 42 2 70 16
32 77 45 26 5 58 24 43
90 41 62 18 45 11 98 58 24
87 53 71 60 47 61 0
68 79
67 90
75 3 47 21 66 28
92 81 7 88 77 29 48 41
7 4 96 89 49 31
39 33 93 76 81 47
92 86 61 38 83 40 22
28 98 89 77 30 59 27 52
81 77 30
76 60 45 10 62 33 52 23 97 11
30 71 44 28 47 51 77
9 78 75 71 0 74 89 27
2 0 5 39
44 11 97 24 12
45 70
5 33 65 28 75 99
56 69 7 37 97 72 57 88 3 80
66 77 30 2 38 65
68 40 84 75
74 70
14 63 1 80 65 2 7 58 26 33
9 7 5 37 87 71 70 75
86 91 89 33 4 20
77 89 44 51 59
11 19 81 67 18 72 29 63
30 24 78 87 52 45 19
4 55
33 18 56 24 6 93 83 43
5 54 52 21 68 92 57 32 24
30 46 11 91
11 14
52 97 87 35 33
0 1 24
99 73 35 0 67
87 52 3 24 95
98 22 16 40 89
81 21 9 68 19
25 7 59 80
25 64 48 5 1 88 71
22 64 93 29 59 63 55 67 16 66
51 54 46 89 11 35 25
12 39 13 18 84
67 1 50 19 83 10
66 18 39 72
34 9 67 97 73 42
2 54 65 86 1 81 29 41 7
23 55 90 59 38 31 85 94 44 57
77 9 65 69
65 85 62
41 11 38 2
30 91
49 42 89 1 81 24 30
94 24 86 63 98 93 96
65 13 92 68
81 83 90 27 3 85 21 84 23
18 2 17 98 49 22 43 86
1 56 7 64 23 46 30 71 90
44 28 0
65 83 35 98 95 9 66 78
57 23 85 41 47 67 10 68
23 5 49 3 82 6 38 84 15 20
1 40
96 95 8
12 83 64 49 92 19 99 13
14 72 67 0 50 29 18 6
26 72 70 86 58
48 72 84 88 34 31 80
40 21 42 80 88 28 19 96 93
3 83 52
46 71 10 28 93 25 19 22 70
45 81 55 22 58 80 7 73 75 31
49 86 80 56 72 55 64 7
21 43 74 7
37 72 6
4 38 44 32 22
70 10
89 12 9 37 59 85
56 2
40 39 8 9 98 74
78 46 77 11 2 91 39 24
39 14 50 33 35
29 70 75 64 14 85 69
51 73 21 94
21 54 85 96 53
29 0
93 95 73
60 3 83 79 0 21 56 90 91
6 23 29 71 14 83 11 59 64
50 77 75 72 43 63 80 41 90
54 66 7 89
29 44 14 83 48 27 2
63 81 79 71 12 17 34 40 70 19
94 96 3 79 64 61
77 73 34 49 9 21 45 37
20 69
59 42 21 44 66 80
9 66 16 49 90
95 28 58 20 88
26 77
71 5 85 79 57 88 17 76 61 63
48 37 85 40 63 20 61 87 10
92 34 43 97 9 56
41 97 96
82 64 66 95 93
3 33 23 89 82 83 84
93 11 73 68 85 62 88
0 92 53 42 21 90 46 62
96 63 84 17 69 59 72 88 64 82
75 42 41 17 24 76 30
54 67 86 70 27
26 32 61 30 0 97 1 7
49 91 68 4 80 13 58 19
35 3 95 65 53 38 47
92 64 10 25 62
18 38 23 39
2 22 42
93 59 6 55 65 3 98 27 36 43
33 65
94 42 83
32 82 54 72 61
83 14
13 51 83 6 29
61 47 95 1 36 9 90 66 25
5 77 96 84
50 5 23
57 6 66 14 91 52
83 28 91 75 72 96 46 4
52 50 49 1 43 3 15 51 20 36
62 39 24 74 22 23 20 55 4
49 78 76
85 42 7 59 78 74
4 93 96 60 36 98
82 63 43 72 41
4 19 86 75 14 7 63 0 83
28 98 30 6 79 87 37 54 27 47
88 30
18 25 97 96 8
54 44 64
79 29 67 24
56 2 87
4 78 29 25
99 27 82 88 74
80 35
73 62 75 59 44 96 16 47 68
34 92 26 80 64 0 41 18 69 51
33 78 42 17 21
99 19 67 29 84 73 80 14 10
21 35 9 24 1 16 22
2 52 43 60
55 77 1 73
74 75 23 97 98 29 40 13 60
7 86 70 49 19 89
96 76 1 41 50 42 0 17 44
12 8 90 13 16 89 50
68 66 11 57 50 43 22 32 72
58 17 75 82
26 91 22 87
89 53
29 84 58 48 53
52 26 98 31 94
88 96 5
29 27 42
89 75 20 94 77 17 51 68 92 76
77 9 49 68 73 51 31 89 4
1 70 72 77 59 14 86 24
36 91 64
0 76 4
9 47 67 81 7 46 26 42 39 88
65 70 32 10 52 21 76
10 29 17 83 62
12 23 42 39 10 47 28
55 52 50 49
21 31 82 48 87 71 15 29 64
44 12 25 37 32 19 54 70 39
7 39
42 34 61 56
4 66 55 63
0 36 55 82
32 3 0 86 78 79 21 2 16 43
46 29 53
32 63 61 58
49 13
58 13 80 82 40
92 8 47 66 91 29 19
74 80 43 70 32 34 1 71 72
81 20
34 15 2 16 84 43 72 95 52
64 20 93 95 21 9 53 56 3 54
60 12 61 46 86 58 81
43 37 16 7 41 0 8 63 74 58
57 73
92 6 22 5
35 59 78 36
79 55 3 75
66 59 51 29 0 91 23 42
67 18
59 38 24
4 18 82 40
55 70 27 20 99 16 84 85 34
28 0 65 85 43 21 29 13 34
44 45 51 23 11 34 88 8 9
95 50 14 17 35 87 6 45 84
81 59 64 48 29 44 50 45 65
77 87 36 47 16 30 62 19 29
83 44 45 78 64 52 43 49
59 5 21 95
70 75 53 17 30
90 95 25 15 99
17 75 51 0
65 95 50 35 43 33 10 99 32
22 78 6 99 13 62 40 86 37
79 35 72
45 37 26 16 15 7 42 69 41 49
54 21 6 25 67 15
3 81 36
20 69 89 57 66 39
87 51 11 19
80 26 14 95 5 94 70 15 98
60 7
86 99 63 31
97 74 54 33 36 40 5 17
9 83 91 40 46 70 16
48 32 93 5 29
28 63 32
33 52 80
93 68 39 69 54
98 85 25 16
27 79
88 65 73 19 23 70
0 89 4 48 88 73 11 33
46 31 89 14 41 7 24 84 61
10 15 29 30 96 72 64
43 49 11 62 30
30 38 6 83 69 19 28 84 93
23 20 21 16 2 0 35 33
18 96 48 50
99 38 1 90 31 39 53 9 36 18
38 56 15 62
65 38 83 77 88 37 16 22
0 53 63 22 56 1 28 20 11
72 28 83 98 62 42
47 66 35 16 60 31 12 10 18 82
88 77 59 26 93 13 64 51 49 24
31 40 26 71 90 58 67 3 11 61
39 1 69 83 72 14 51
62 50 33 61 52 97 0 38 9 96
71 50 36 45 95 20 11 1 16 76
63 98 57
50 26 3
87 52 11 78 75 30 17 89 37 9
42 17 21 98 71
64 75 60 21 8
62 82 43 27
71 35 81 14 73
38 8 46 60 9 10 92 74 80
20 17
36 98 42 65 35 64 43 40 7 70
67 82
34 44 42
62 9 13 67 86 98 42 74 21
72 15 54 45 0 61 26
77 75 71 70
68 33 90 35 8 98 96 2 94
84 29 24 14 81 79
28 47
50 36 42 2
20 28 49 9 80 35 95 85 89 0
93 5 58 91
77 37 24 60 53 40 99 67 11 70
63 2 36 31
75 70
63 4 59 11
84 92 75 64 5 62
60 14 79 31 83 88 21 72 62 93
79 10 32 2 14
18 47 5 30 24 20 93 46 33
69 99 55 40 60 67 70 42 25 90
31 25 27 1 10 90 47 57 97
98 84 89 63 78 68 51 19
56 37 47 22 15 24
91 69 33
19 49 98 68 72 67 74
60 73 12 91 80
88 35 75 39 67 78 68 72 70
34 66 31 29
50 93 27
42 67 49 44 54 86 33 26 23
74 10 31 28 90 41 2 16
12 96 46 0 70 15
61 72 45 22 63 59
65 95 57 84 3
47 70 91
92 7 30 26 37 38 11
48 3 33 64 46
31 37
92 56 62 51 71 5
12 22 89 43
14 59 38 29 77 56 16 84 31
61 31 66 12 79 36 46
38 33 78 88 46 68 89 14
52 49
37 16
98 67 43 29 40 63 99 13 90 52
98 87 42 1 2 81 94 4
84 30 59 0 12
55 91 71 72 57 78 14
77 9 14 51 74 4 24 40 23 61
88 10 55 33 83 82 38 64 74 28
29 3
27 32 38
93 77 81 54 12 66 94 18 15
77 8 82 57 58 42
19 7 15 4 49
49 19 92 88 96 65 21 39
84 68 77 99 97 69 31
72 25 6 68
63 80 1 39 71 67 70 48 17 19
77 74 45
39 83
2 47 16 15
41 67 55 63 89 49 81 98 61
81 21 34 57 14 79 32 16 41 59
98 28 2 40 87 55 80 85 38 76
36 62 86 41 67 50
87 65 34 82 64 51
68 50 93 61 9 42
55 49
22 27 80
49 98 64 30 97 31 62
69 56 72 68 5 67 17 20 41
12 30 59 70 89 71 28
1 56 12 94 7 97
65 85 23 37 8 41 96
12 2 33 42 36 93 89 74 51 32
29 73 79 94 45 7 78 16 75 21
81 3 58 46 27 31 79
33 34 90 80 56 65 30
94 20
3 14 94 57 31 17 54
39 7 1 65
2 73 65 25 37 20
30 7 13 33
96 12 34 67 55 66 59 93 73 7
61 0 75
29 8 35
40 61 47 76 97 50 35 80 91 68
46 30 38 69 78 60 45 90 28 10
90 38 59
67 48 17 96 87 66 54 23
39 71 43 82 21 72
79 21 94 6 46
89 68 48 60 76 85 36 9
56 3 13 7 4 24
73 47 71
78 25 37 3 21 69 7 34 49 11
81 47 24 25 86 93 39
94 3 18 10 58 5 35 31
49 92 23 55 17 10 60
99 57 48 12 40
39 21 44 15 73 32 60 81 99 75
96 3
59 29 92
82 17 18 58 98 72
37 9 14 21 42
81 40 12 6 31 56 42 72 46
3 39 33
87 74 16 25 57
15 32 71
97 15 27 19 56
87 42 41
90 83 78 11
90 37
77 12 90 84 49 87 0 42 74 46
47 64 92 68 25 1 73 88 62 60
57 23 11 77 26 36 92 38
85 13 76 79
93 57 67 5 53 82 20 22
77 42 13 30 29 37
64 6 44 76 34
18 97 79 73 83 84 4
72 24 71 69 16
53 30 67 61 94 78 25 40 48
53 9 48 7 76
73 43 69 0 96 91
61 7 25 79 20 42 88
31 10 2 44
21 7 84 95 77 86 81 19 50 40
28 1 54 68 12 8 27
69 99
56 80 67 43 71 78 7
64 59 75 69 89 39 33 36 57 74
60 21 95 0 84
31 85 92 73 24 50 70 52 18 87
72 11
42 78 22
90 78 85 40 97
79 29 97 38 55 32 70 81
6 8 51 96 87 92
13 10 4 59 80 66
69 70 67 19
28 32 76 54 56 61
29 72 31 59 70 82 5 12 26
96 43 83 32 56 86
77 94 26 41 39 22 52
68 76 10 75
48 78 12 66
82 13 76 14 57 54 34 88
35 2 86
74 83
80 53 71 88 98 41 21
68 19 13 14 53 1 31
66 21 62 15 77
57 8 99 23 70 39
64 9
99 16 48 78
54 52
78 25 8 5 68
12 61 28 49 25
69 99 87 63 6 8 96 97
28 56 64 81 71 9 30 60 66 33
82 95 19 69 36 96
29 30 18 32 92 78 54 71 15 27
47 60
60 34 64 20 81 62 3 96
19 68 12 5
46 58 49
4 91 27 85 89 53 22 46
32 78 53 66 0 96 18
54 93 70 57 76
98 48 56
42 27 77 17 28 61 36 7 74 89
85 12 70 11 20 8 19 16 10
79 22 90 62 3 52 8 26 84
6 11 69 58 27 35 37
53 49 66
10 78
72 49 88 27
27 90 45 87 65 1
33 10 35 60 53 6 29 21 1
72 82 7 10
87 34 26 81 77 21 67 25 38 59
83 78 55 82 8 14
39 60
37 35 8 30
82 81 30 86 15 63 2 41
24 15 43 67 54 99 78 7 64 0
60 50 87 25
47 40 26 5
93 29 81 82 92
24 84 57 27
58 87 92 53 86 67 43
55 82
15 24 64
48 53 10 42 1
48 84 91 72 97 94
61 95 7
35 85 43 57 23 93 54 14
77 49 29 39 26 72
35 89 23 87 32 4
44 94 54 85 9 3 47 98
95 34
21 11 95 97 49 4 26 56 62
79 61 81 4 82 86 36 89
7 53 89 19 4 30 98 20
61 83 72 11 46 25 41 5
95 7 59 79 23 8 43
60 0 52
78 75 6 31 73
98 54 97 59 25 75 66 20 18 67
50 57 63 8 69 88 95 14 55 38
23 51 94 21 3 18 99 53 98 19
39 69 73 59 12 8
29 3 77 60 99 38 76
80 93 3
95 32 66 22 36 97 98 41
52 80 54 6 16 18 62 71
3 31
6 54 84 96 29 25 75 97 43 48
64 25 68 78 20 18 56 37
94 25 8 41 20 58 74
72 20 8
79 91 2 78 48
35 31 3 42 95
87 14 47
22 94 4 81 47 11 38
12 94
1 7 57 14 9 13 85 29 12 77
25 38 14 60 49
34 21 22 26 81 74 4 16
64 35 90 27 94 55 74
67 65 21 37 42 17 36 6 1 82
43 69 79 21 37 64 66 83 60 47
49 7 17 44 96
58 75 86 62
58 14 13 37 57 68 72
28 25 17 6
45 97 77 26 37 44 90
29 6 93 67
14 0 53
3 76 85 41 79 77 58 2 43 63
19 22
43 96 71 2 21 95 47 34 11
99 85 98 78 73 41 43 22
21 26
1 7 52 9 76 80 71
90 61 23 73 32 47 97 83
73 9 64 42 81 96 17 32
79 83
67 58 5 36 23 90 89 99 34 8
44 41 98 4 49 67 2 84 8
81 84 17 62 15 63
86 14 22 55
15 41 99 52 54 13 56 86
96 34 91 43 20
47 94 29 52 1
15 31 28
86 63 69 22 19 16 9 18 70
21 95 53 49 22 15 72
24 99 75 15 90 18 38 42
84 88 14 59 98 23
47 18 93 85 30 58 71 26 21
93 15
12 57 92 0 65 23 34 82
10 4 16 71 84
14 11 86 75 96 3 52
51 25 64 98 65 21 75
88 72 11 30 55 66 92 7
4 99 95 33 34
77 89 63 11 95 9 64
27 16 96
19 84 69 59 2 0 16 60 85
61 84 5 3 18
7 47 72 70 87
73 88 36 37
13 26 70 67 24 10 46 41 25
86 23 10 93
63 7 40 79 18 49 50
51 39 8 33 21 14
45 92 52
86 42 0 52 17 41 46 35 51
21 88 71
1 2 16 91 75
12 25 17 1 90 67
35 22 30 62
20 13 7 90 51 14 31 57 10
79 84 46 51 16
40 87 29
29 8 16 12 42 57 60 43
85 2 38 4 62 1
49 69 58 46 47 37 28 6
6 76 92 75 63
28 56 8 64 96
35 38 78 65 34 97 64
36 26 73 27 67 24 91 52 38
37 40 75
34 61 67 93 75 30 91 62 8
79 43 95 39
40 13
51 21 95 13 15 35
55 85 92 28 82 84 60 15 75 64
24 10 63 5 32 25 43
81 75 77
54 33 25 64
46 13 8 51
93 88 82 44 70 49 90
6 58 75
66 10 9 45 16 22 6 70 64
21 55 12
51 10
76 98 47 4 10 77
21 43 20 80 60 67 15 4 99
81 87 10 53 40 85 56 18 71
95 46 51 13 71 66 7
1 94 4 7
7 55 62 32 81 68 3
4 62 0 43 40
49 36 99 30 35 27 10
10 43 28 92 24
29 59 98 82
26 44 77 63 41 42 82 37 90
61 24 83 81 57 46 22 73 80 99
43 49 19 85 72
84 92
49 15 36 10 81 19
3 67 80 34 73 30 76 17
80 42 62 67 85 92 7 88
9 55 11 6 88 96 69
56 42 38 21 83
68 57 52 29 88 32
11 77 59 51 28 41 79 1 43 25
30 90 18
8 54 55 51 81 90 28 14 29
36 32 37 54 86
84 51 98 95 87 48
65 80 48 66 19 1 18 60 22
78 0 15 62 43 69 75
99 10 14 35 78 73 13 41 92 11
78 1 31 91 85 2 4 55 81
71 38 53 0 16
72 77 61 53 89
43 28
83 78 51 69
67 57 62 75 65 59 51 64 35 90
27 16 53 61 26 80 7 3
31 62 21
92 87 9
45 25 78
18 88 87 76 73 89 48 91 0 78
78 36 81 65 25 73 19 20 7
93 0 3 95 70
70 81 96 39 67 63 66
52 78 57 89 79 64 47 96 88
89 72 93 28 20 23
63 7 10 99 31 25
36 87 63 82 97
87 39 25 96 37 35 23 54
8 24 61 22 57 35
59 11 25 46 99 39 51 78
40 80 58 43 30 12 31 67
88 59 71 23 30 24 47
13 7 11 57 3 5
65 60 92 84 16
58 97 10 24 26 33
1 57 79 98 77 8 65
74 16 2 97 15 53 35 80 27 1
35 16 81 29 38 91
91 33 84 42
74 69
34 10 50 46 61 8 52 65 97
3 27 68 31 70 0 10
90 94 53
10 88 99 63 18
18 65 58 24 81
24 93 2 48 46 25 78 65 29
74 14 96 49 61
29 31 63 43 53
61 63 92 19 1 90 34
8 49 16 41
22 74 8 85 23
41 93
76 33 61 48 94 3
58 16 7 85 24 86
62 19
71 31 69 65 33 72 55
7 27 14 68 2 30 61 45 12
81 69 48 96 70 95 91 61 90 55
58 97 54 75 62 56 82
63 64 41 2 17
25 3 41
38 77 36 7
8 61
80 39
78 29 71 23 77 4
95 89 24 93 10 72 98 22 28
59 72 75 53 16
97 28 26 81 76 58
48 34
86 80
88 90 10 29
16 91 38
87 86 33 39 13 78
93 38 97 18 92 95
68 26 10
38 54 64 98
80 1 13 43 23 16 54 14 61
47 41 39 49
88 31 92 97 73 77 25 13 60 14
43 50 27 97 78 53 69
56 1 29 88 82 45 15 8 81 77
4 84 59 76 78 43 97
81 65 89 74 84 50 90 42
42 71 92 99 82 17 97
81 12 1
30 12 51 17
98 91 14 12 77 4 2
14 35
60 8 85 9 92 55 0 2 77
46 67 96
11 53 23 46 96 82 26 61
5 60 14 47 17 44 45 43
94 49 45 78 8 50
6 34 49 1 57
17 48 32 26 15
34 75
38 40 42 87 17 63 64
79 29 23 30
61 46
2 13 43 6 77
35 89 73
25 77 78
45 86 96 63 60 22
15 39 6 1 22 90 40
17 45 86 79
79 94 64 44
27 63 49 31 22
39 55
61 13 27 1
99 22 11 12
19 77 35 79 64 62
48 45 98 31
14 53 10 78
81 35
43 91 13 76
93 14 53 61 65 60
17 45 9 18 78 87 86 74 57 16
64 42 2
13 14 30 74 94 24 59
63 33 81 46 14 15 22 36 1 54
90 58 97 23 68
76 61 0 45 53
65 30 26 42 58
34 50 3 56 88 75 35 16 20 9
2 43 49 61
31 69 70 76
35 61 48 0 22 18 70 73 82 7
33 94 10 19 22 27 14 21 38 98
97 93 98
9 89 55 7 51 23 34 96 54 33
41 52 11 80 56 50 97 60
47 2 45 60 25 55 92 83 66 93
68 36 23 66 60
34 14 17 57 95 24 2 32 86 97
64 6 18 46 36 4
94 46
81 16 80 88 45 43 87 96
49 81 87 4 50 53 51 75 28
74 46
15 59 32 92 55 22 35 36
31 96 20 10 59 46
63 64 43
72 50
30 49 81 0 68 25 70 94 52
39 44 85 4 63 81 46 80
64 54 20 23 56 46 78 3
64 14 82 23
80 14 18
87 2
47 94 0
58 40 7 12 91 85 72 79 89 25
92 45 75 29
81 40 63 54 66 3 37 39 2
52 40
74 27 34 72 19
13 64 70 25 22 27 96 46 93 33
80 92 43 30 34 24 52 96
31 8 86 36 90 48 37 20 61
81 96 91 37 66 38 62 68
84 43 34 36 88 72 37
66 69 59 49 0 11
37 86 77 15
4 19 58 99 40 57 76 2 22 62
83 65 52 98 44 1 28 51 11 82
43 14 33 41 0 87
6 23 84 12 48 49 62 24 65
59 55 40 73 66 34 83
1 12 99 89 16 77
32 44 21 81 58 28
68 41 76 73
96 57 53 26
22 8 43 97 90 25 53 73
77 65 62 83 95 30 54 39 66 46
72 75 74 16 77 81 65 12 15
68 0 44 39 47
3 20 28
36 15 62 41 74 85 26 75 32 67
58 41 12 94 6 7
37 10 7 25 67
44 46 54 56 41 49 86 17 43 76
23 55 20 9 72 95
14 74 99 69 95 26 36 31 54 46
78 3 2 57 18 88 75 12 5 90
64 49
89 54 46 34 57 22 58 21
34 54 26
72 25 87 56 89 30
18 9 13 1
32 62 45 34 87 49 99 36 56
10 47 34 1 30
33 80 76 48 49 15
29 32 90 75 8 95 26 24 48 7
62 57 46 11 94 45 60
38 53 19 26
1 75 53 42 5
80 15 82
47 85 0 96 23 26 35
34 92 43 73 69 25 42 9
88 17
21 64 55 51 18 28 68 13
43 1 87 49 18
17 12 89 52 57 83 35 46
74 95 12 86 55 72
26 5
86 52 65
16 13 44
23 18 16
11 86 61 47 26 88 53 95 81
45 0 34
69 62 81 4 55 84
62 26 1 61 18 45 57 5
60 68 83
43 63 46 80 97 6 19
11 41 26 13 20 59 50 68 1
92 60 30
30 60 87 67 66
98 10
94 11 53
49 43 57 11
73 55 62 52 28
96 31 65 27 34 64 54 49 20
57 86 52 9 6
51 46 27 10 36 91
43 76 74 14 55 54 91
31 72 14
13 58 84 1 53 97 14 39
42 97 77 62 27 86 93 41 1 69
19 8 50 74 69 6 84 31
15 97 35 14 18 22 53 19 6
29 71 36 94 70 97 72 88
71 48 59
33 43 98 94 60 37
44 58 74 50 92 18 35 36
62 55 64 53 32 94 71
67 36 52 63 94 46 98 27 17
18 1 32 36 94 61 5 37
83 34 7 48 96 44 77
24 79 11
98 14
63 24 10 9 25 17
62 90 21
24 69 78 27 57 63 46 44
68 96
78 54
65 66 85 95
28 62 84 1 74 6 66 17
37 0 15 10 6 64 72 42 20
71 11 8 75 40 92 10 49
22 18 9 54 21 96 53 5
65 8 52 48 84 29
87 43 12 84
1 43 99 11 5
26 9 20 71 29 38 41 48 8
97 92 96 84
43 36 84 81 19 20
16 68
63 22 72 65 98 89 24 37 27
17 63 15 16 71 48 41 81 31
80 88 40 36 42
42 59 1 80 75
71 0 59 44 15 9
78 83 74 43 11 50 94 17 64 53
58 82 62 34 73 48 67 21 4
40 46 24 49 84 12 6 10 66
53 35 51 86
36 30 80
60 35
0 28 2 36 41 69 62
57 61 66 60
22 34 21 71 61 68
7 96
79 92 32 82
79 9 0 42 1 75
40 12 55 65 86 8 67 41 62
84 6 27 68
85 98 56 11 72 5 67 34
20 2 28 30 67 64 3 32 66
61 88 74 32
22 41 38 33 97 34
93 79 44 30
0 75 11 4 34 5 73 16 41
61 49
76 84 48
96 41 94
10 14 68 65 39 38
80 27 43
81 66 90 71 51 48 82 57
92 8 33 9 0 90 59 26 74
43 24 58 17 34 92 61 8 90
24 90 73 65 67 38 82 45 30
92 5 59 8
32 94 83 58 8 70 91 12
87 82 93 29
75 74 7 24
87 44 54 7
10 24 34 43 2 14 89
18 40 15 51 69 76 72 5 26 56
99 78 85 58 62 36
72 91 52
71 45 31 8 73 84 20 87 76
51 32 15
90 91 31
97 27 69 65 28 55 63
91 0 48 61 46
23 45 65
94 2
32 25 80
83 2 59 7 50 21 58 42 95 62
74 25 48 39 4 30 35 37 99 2
3 44 47 53 66 42 61 23 35
2 73 40 90 17 65 69 91 28
0 35 40 71 61
48 10 94 37 20 29 82 73 32 52
17 12
91 53 71 47 54 31 96 81 22 21
69 21 86
34 6 13 31 73 47
77 58 56 92 76 81 89 52 11
26 65 94 33 62
20 27
57 32 39 24 51 2
26 19 90 37 81 76 6 17
47 2 39 35 17 10 31
5 96 70 64 42 81 44 45 52
31 14 93 17 48 97
26 94 64 51 93
78 43 61 18 95 45 2 38 22 48
34 44 31 92 77 55 84 62 20
25 23 65 45 92 8 14 96 66 81
32 52 69 13 9 72 46 98 45 53
29 34 17 62 54 51 96 52 66
81 82 42 51 88 14 12 29 87 15
16 33 57 78 71 5
13 85 37 90 95 1 19 96 20
81 16 72 92 59 48
75 18 81 38 8
85 60 97 83 21 51 26
68 75 59 2 35 61 3 66 16 29
8 23 25 96 39 10 52 79
40 9 86
0 47 49 26 4 60
63 31 39 80 23 12
48 90 16 46 20 13 17 14
72 58 62 92 11 82
99 84 4 8 6 94 90 57 47
69 93 6 47 10 14 74 87 21 33
15 1 5 97
20 48 36 63 31 43 17 89 93
0 49 35 14
74 22 96 16 37 68
52 53 5 15 2
18 24 61 80 89 9 33 82
46 72 24 13 18 32 73 39 87 53
76 70 25 60 46 85 48 19 90 43
49 61 65 10 74 16 3
27 56 16 53 47 6
25 68 59 43 39 51 9
78 40 67 89 62 20 50 18
66 44
53 35 60 64 8 84 54 72
4 30 72 10 65 14 50
27 34 74 5 14 50
77 18 12 60
87 18 27 15 21 54 14
46 54 75 67 43
16 5 56 18 23
9 66 93 23
81 34
11 75 0 50 63 20
89 74 40 91
14 83
77 11 51 38 97 66 96
95 26 99 31 23 0
2 85 47
97 62 65 72 83
81 73 1 34 76 71 72 83 12
68 73 14 58 36 77
94 50 95 18 97 17
53 88 87 61 73 20 47
29 43 89 14 88 61 11 13 24 32
86 18 41 2 55 87 88 96
20 14 9 16 53 68 50 76 90
41 6 73 75 61
90 71 82 54 41
25 9 89 47 88 22 58
75 12 59 65 68 99 46 24 78
28 87 42 91 78 24 48 6
1 18
43 40
3 96
61 47
43 73 80 53 2 30 35 69 19
81 22 92 84 12 19
16 79 91
96 60 27 39 72 45 91
21 6 71 38 33 34 41
26 21 70 82 57 76 3 7 45 18
77 82 70 99 6 94 32
39 37 60 17 99 96 33 23
25 22 69
57 59 36 68 52 88 6 60
97 10 40 59
19 12 42 1 9 97 28 48
27 96 20 70 58 62 46 85 38
4 30 54 38
75 86 38 50 8 90 76
34 17 52 70 69 30
88 34 98 80
98 97 64
74 34 23 57 93 17 46
57 88 22 47 15 35 28 5
50 21 58
68 74 46 57 41 76 85 0 81
87 78 31 0 23 58
6 89
97 66
73 51 25
0 84 36 70 23 8 40
1 65 57 89 54 76 15 8 19
56 76 17
85 86 26 2 1 42
40 56 9 5
18 39 60 48
18 77 44 80 17 94 7 68 85 39
40 37 76 94 81 90 10 60 80
26 5 93 37 31 30
72 97 6 58 70 69 87
28 87 39 70 89 57 32 78 93 50
48 63 33
6 40 81 8 59 57 29 16 22
96 46
94 30 84
2 76 58 55 14 34 90 61 42 96
7 10 89 88 50 18 43 53
94 70
40 22 6 34
34 46 89 0 4 56 1
24 67 59 68 5
95 49 43 68 16 33 76 45
67 8 28 46 44 72 15 4
69 17 20 22 14 9 95 85 55 45
67 51 33 30 10 85 39
29 81 65 17 2 43 19 12
66 22 87 69 80 32 13 49 73
71 60 79 58 76 39
23 67 75 65 77 20 12 52
12 34 20 61 40 77 26 17 16
70 41 33 87 22 1 52 56 72 57
47 24 84 65 16 94
91 17 50 45 37 32 18 6 90
15 5 70 33 27
47 74 44 56 51 49 2 84 59
35 34 60 50 19
8 15 83 48 98 53 67
53 77 47 34 45 41 95
89 80 49 4
40 95 61 66 1
44 85 4 75 20 29 41 56 16 5
74 47 16 64 81 90
8 98
96 36 68 15 48 85 87 67 82
3 48
75 4 60
40 36 89
55 26 23 11 62 88 74
73 69 74 43 13 47 62
67 51 71
65 64 81 42
68 31 75 15 97 45 69 58 36
81 91
67 43 35 9 71 6 66
94 71 43 37
11 50 33 21 62
13 19 8
74 66 93 13 54 68 42 35
49 1 48 42 17 51
93 30 19 58 28 83
30 97 28 14 8 48 39 29 0
46 71 66
76 58 17 68 86 34 79
26 34 88 15 42 13 74 56 31 55
84 50 35 95 19 36 89 51 96
2 41 98 50 78 12 9 24
31 43 49 1 71 12
18 51 41 67 43 69 42 79 24
9 19 26 25 43 57 84
52 54 82 79 72 10
28 98 71 26 18 72
34 59 88 25 85 38
24 15 77
42 27
18 68 75 28 30
62 86 59
2 72 89
77 34 17 63 42 14
41 36 26 3 17 20 70 7 56
36 0
61 57 54
86 57
54 61 37
89 90 32 31 54 30 97 38 53
30 79 69 83 39 75 60 52 25
98 5 84
32 34
4 54 71
53 64 85
10 8 91 41
26 29 35 74 72 73 93
74 8 16 86 98 28
10 49 16 97 75 29 67
9 60 4 47 91
66 23 64 27 44 49 34 99 92 51
13 57 71 91 11 58 75
36 89 60 81 66 25 48
25 67 15 89
71 1 92
88 41
58 83 81 73 74 53 68 85
32 72 78 64 37 48
13 68 12 40
94 63 29 91 81 44 34
75 6
77 49 90 96
17 33 88 75 55
18 9 12 29
37 93
41 14 16 85 32 60 22
56 76 21 63 11 3 67 71 40
90 2 49
51 79 54 19 75 20 26 28 53 31
79 85 1 55 15 37 16 84 8
31 90 62
70 40 91 12 53 10 17 88 56 45
13 87 35 71 53
42 57 25 14 60 13 18 70 52 77
80 9 49 67 62 56 96 88 66 98
6 87 54 39 57 48 92 2 72 49
11 98 44 19 76
68 42 31 83 89 64 53 85 43 24
57 77 90 55 71 96 31 70 58
9 65
58 91 50 6
59 20 37
32 25 14 39 13 90 47
82 83
95 94 73 90 79 77 10 47 93
86 32 11 12 88 73 25
79 35 24 39 40 42 77 48 74 13
47 23
6 95 59
62 23
37 3 64 86 19 60 70
79 31 81
27 6 22 39 79 65 2
20 62 21 26 31
67 93 5 84 75 18
96 78 53 66 2 97
44 25 14 93 87 13 41
43 57 67 99 12 90 78 15
22 45 37
89 39 21 5 19
76 60 92 94 6 42 97 30 10
1 54 60 81 79 20 7 56 30 75
82 43 48
61 34 86
96 54 35 30 23 95 21 17 88
2 29 59 72 48 20 52 84 44 38
32 81 72 63 25
73 89 13 10 75
87 34 13
49 50 30 40 64 35 3 77 56
98 7 0
84 28 63 26 51 74
15 11 69 13 81 75
44 12 83 97 87 67 62 54
14 42 86 40 36 8 77
86 31 70 92 27 25
77 0 23 84 85 25 98 49 63
77 58
76 43 84 28
87 86 91
95 98 14 27 53 84 47 85 2 17
3 33 48
29 80 12 38 28
60 81 18 58 7 73 78 65 69 5
19 13 2
95 48 54 64
65 50 42 48 83 57 54 69 22 79
0 18 81 98 53 78 21 35 25
38 18 14 51 95 33 4
42 30 83 8 7 74 9 66
30 12 85 33 32 39 23 42 44
55 62 85 44 33 94 35 25 9 14
47 94
20 2 84 63
68 58 51 56 38 48 83
0 74 61 24 8 47 87 14 70 23
15 36
6 71 65 8 19 90
21 19 11 75
9 6 61 80 98 94 64
15 65 53 73 31 24
64 45 79 57 23 7 3 29 68
3 60 49 5
9 29
24 4
60 65 32 9 44 96 68 70 83
73 18 43 91 52 56 40 12 67 85
88 85
69 97 54 4
78 99 0
15 8 44
26 20 22 7 90 94 49 81 17
35 50 2 47 19 39 99 14 48 56
23 32 95 56 37 17 30 83 99 69
39 12 77 33 63 82 16 72 76 64
36 38 99 54 34 75 74 5 40
77 74 15 73 7 99 95 18 26
37 11 94 75 55
80 16 14 56 69 6
18 65 26 17 24
14 64 0
1 59
32 39
2 17 93
40 15 61 54
73 23 48 60 17 70 8 2 10
87 5 58
70 20
7 64 98
45 99 20 71 74 84 61
14 63 79 65 91 46 66
40 32 6 9 4 13 98
18 30 60 20 54 31 85 33
55 4 80 7 77 44 31 1
24 39 91 67 27 95 37 71
79 57 9 47 93 77
61 37 23
35 20
88 0 54 17 96 87 20 16
30 1 67 89 60 94 28 75
54 82 91 36 73 59 47 79 29 96
6 21 97 9
72 16 90 85 37
21 42 19
20 64 96
72 57
60 70 17 29 51 20 4 63
54 35
52 81 10 66 69 21 20 94
78 82 57 97 90 80 7 24 77 10
51 60 18 3 17 87 38 49
90 2 42 70 85 37 10 51
98 93 57 33 79 85 46 75
31 15 54 4 57 74
18 62
52 89 96
84 26 97 73 5
12 21 26
85 70 18 14 88 1 81 27 46
3 42 10 53
22 75 8 86 19 74
36 46 32 61 47 69 41 83 30
39 1 26 96 57 55 30 92 46
99 48 25
81 11 5 54
65 44 7
55 2 49 45 98 44 7 69
74 14 86 57
98 41 81 97 13 42 90
27 50 26 67 52
0 37 94
88 23 56 74 24 18 63
81 69 48 80 35
59 45 9 27 55 58 87 66
92 78 15 19 43 17 57 45 82 27
17 35 68 12 74 42 30 66
66 68 71 35 51 87 96 62 58
65 81
16 5 72 67 64
23 27 67 16
35 15 50 22 3 7 47 57 38
10 82
53 83 18
86 84 72 95 93 48 88
21 27 43 69
76 13
37 28 27 24 66 63 8 50
13 41 60 77 63 46 95 19 83 33
74 8 66 7 78 50
13 39 95 73 5
20 60 25 96 28 67 87
22 60 37 45 71 97
38 66 95 47 28 10 18
87 82 23 45 78 22 80
29 31 54 21 48 26 44 77 75 22
61 83 68 17 33 4
61 36 30 68 74 59 0 29 14
92 96
93 4 28 20 75 52 72 7 80
33 17 3 66 95 21 61 59 97 4
64 14 78 23 26 6 95
91 73 13 30 58 52
11 94 61 64 68 24
6 81 8 72 75 60 87
91 28 36 27 21 56 2 98 95 5
13 28 27 10 7
61 48 54 20 77 3 16 21 7
63 45 75 5 90 94 95
83 89
84 99 7
26 1 0 12
22 46 73 29 20 39 69 7 13
22 24 45 73 27 10 4 32 44 13
0 1 39 84 91
22 76 60 26 55 90 97
34 23 12 48 65
10 96 60 86 95 41 36 76
10 15 36 51 89
10 98 9 71
86 58 99 0 17 68 87 21
75 28 10 36 67
49 75 90 43 59 19 6
52 40 41 73 56 17 32 89 61 65
80 67 74 56 2 44 95 43 71 91
74 50 13 40 34
29 81
31 90 87 20 40 86 41 72 83
9 26 0 3 49
59 40 72 92 57 71 96
43 91 22 49 52 90 4 73 0
83 32
52 47 87 12 85 76
41 65 57 43
46 99 11 41 40 62 86
15 68 64 16 70 4 42
32 36 34
93 83 23 72 59 53 25 55
32 40 95
58 53 39 46 89
68 41
6 68 61 42 87
69 95
63 48 51 52 61 88 34 33
94 1 51 29 40 84 92 32 49
28 10 22 53 95 90 21 57 49
97 28 63 12 96 10 6
54 95
42 0 36
15 89 57 62 37
78 34 15 24 48 2 39 46
31 22 36 40 88 19 17
24 69 53 75 29 64 15 95 31 88
62 16 42 45 54 48 81
15 12 35 10 71 95 81
46 97 43 51 33 40 98
56 19
59 70 73 47 27 43
71 79 40 64
87 1 38 69 47
19 98 15 60 17 64 20 73
96 83
70 46 9 4 25 74
20 39 25
68 64 72 30 12 43 13 59
38 63 65 97
74 24 83 58
19 62 50 59 82 64 28
25 14 65 69 45 19 83 74
25 16 24 77 52
68 33 73
68 91
89 97 31 24 73 41 34 87 50 67
42 46 12 64 37 28 72 26 54 63
6 23 78 64 81 25 46 28 21 83
18 81 99 23 82 2
7 15 31 34 55 45 28 74 75 83
64 97 62
59 65 48 29 99 61 10
49 16 29 55 3 70 59 18 23 31
16 76 37 8 62 17 21 24
58 43 72 46 4 24 20 90 19 86
96 74 8 56 52 86 68 20 23 5
33 19 30 75 20
60 61 86
53 81
44 22 5 58 79
93 84 29 51
82 72 50 7 9 91 81 42 23 76
6 1 14 66 20 81 21 67 4 33
52 37 25 20 50 43 89 68 83
34 13 40
57 16 43 36 74 67 96 6 66
47 10 6 28 96 87 67
69 65 84 67 53 94 83 18 78
65 34 0 77 43 99 11 96 87
94 95 52 46 13
27 78 72 22
74 66 18 84 45 3
66 89 6
56 83 58 18 3
27 64 51
75 24 43 22 63 95 69 56
65 98 60 36 49 70
66 73 30 56 35 4
45 35 9 91 95 29 85 61 81
76 63 93 85 92 27
83 47 3 6 73 54 16 36 43 66
73 61
70 75 14 44 84 9 20
58 28 7 40
57 60 45 94 90 93 76
4 6 10 35 1 97 25 9 26 87
29 85 74 15 49 36 70 67 95 59
43 68
21 7 53 59 70 52 36 32 55
86 0 3 47 57 36
58 40
11 72 92 23 43
37 10 72
5 43 89 10 55 67
3 44
74 19
44 54 11 71 68 65 94 66 45
87 53
40 87 63 14 23 92 41 58 10
26 73 86 21 12 71 75
11 20 72 47 17 46
0 66
98 22 52 65 66 9 41 42 11
19 5 51
52 28 39 65 87 10 7 44 57
82 81 48 88 59 45 22 32
15 82 73 1
96 70 12 56 88 9 64 5
0 63 18 12
39 48 34 45
35 2 92 12 74 94
12 66 57 92 53 74
55 17
54 48 68 58 77 75 9 31
21 55 31 60 91 27 36 54
2 90 13 30 76 15
70 66
4 71 70 97 10 34 3 52 58
50 33 75 74
45 68 50 12 85 20 42 79 72
21 29 70 86 26
57 20
20 80 78 64 18 0
6 1 9 84 73 74 41 43 33 32
99 44 58 80 30
42 27 86 84 61 36 43 4 40
57 66 46 7 42
85 3 18 57 78 30 65 12 22 96
73 21 40 9
15 50 94 25 96 84 65 8 81 85
74 51 9 34 22 37 12 73 99
67 36 27 38
54 86 12 34 78 14
46 21 27 32
57 15 83 5 44 95 40 31
59 66 72 53 46 41
27 53 87 40 57 90 60 85 35 63
88 89 18 85 44 59 52 16 25 78
61 94 73 18 30 23 51 31 79 3
34 69 82 63 79 56 23 45 65
70 57 37 9 20 5
68 5 8 32
85 39 44 26 50 87
78 39 21
39 70
80 48 62 38 40
38 31 59 39 68 62 10 20
75 12 59 66 28 54
43 9 76 64 45 34 52 25
50 39 5 82 33 19
49 8 94 38 80 51
35 89 67
72 48
40 81 72
98 73 85 21 33 18
43 25 92 79 34 91
70 19
48 59 74 20
87 48
77 34 0 6 81 27 20 63 30 75
35 43
30 43 71 14 55 91 47 94
22 75 9 45 25
58 83 97 88 84 96 35
86 46 5 61 3 42
57 63 76 19 42 35 47 77
6 16 14 15 23 62 80 85 98 42
65 14
26 85 89 96
17 89 93
65 16 80 70 92 74 99 91 46 50
12 66 94 10 85 49
95 69 30 50
35 90 54 9
35 86
48 31 18 70 17 63 65 4 77
6 8 14 77 39 67 0 11 89 17
27 6 71 59 85 70 2 53
23 56 42 40 67 99 72 18 58
5 53 98 43 74 10 85 84
99 8 61 40 25 27 51
53 6 47 77 95 99 30 41 29 88
22 43
86 69 34 61 24
91 69 51 77 94 76 55 81 98
23 79 90 35
7 81
25 1 80 86 26 63 52 44 68
21 97 2 61
36 40 39 44 66 46 8 92 56 64
79 44
91 77 53 71
18 33 57 8 50 91
95 13 64 54 2 24 21 12
37 72 12 62 21 68 47 65 96 60
76 7 15 48 99 98 19 65
43 86 63 19 35 6 22
70 39 62 15 59 63 83
73 8 46 53
88 47 74 81 62 68 99 31 34 52
52 53 19 67 70 57 26 47 89 81
71 32 95 1
54 88
83 71 45 88 54 11 73 33 24 6
51 52
7 16 48
7 48 3 35 90 22
44 5
84 21 10 4 89 42 58 79
31 71 55
84 71
28 8 39 54 81 55 80
74 66 62 58 84 15 75 65 94 17
52 9 97 90 14 10 76 19 85
41 38 88 21 65 39 32
21 27 69 48 90 9 59
21 71 3 80 89 12 54 26 32 6
31 41 59 72 55 99 53 19 58 42
49 57 7
84 85 78 59 87
51 15 34 90 56 60
5 25 97 21 63 50
17 48
16 71 34 40 52 32 62 0 27 18
65 66 76 42 91 90 59 26
46 52 42 40 16 97 65
54 52 97 26 13 19
35 39 22 12 11 37 51 20 14 49
3 36 37
71 61 97 58 96 80 49 2 40
16 66 64 43
16 38 80 64 78 19 9
66 71 51 21 46 34 50 26
1 2 17 90 57 86 6
14 42 23 86 69 47 61 81 80
18 84
84 91 69 19 94 44 92
99 11 31 86 89 81 35
11 74 85 61 17 13 70 89 27 48
59 39 55 93 21 65 96 12 56 35
40 34
99 87 17 84
49 31 80
20 93
95 80 22 44
15 21 56 48 47 7 55 71 31 22
67 28 53 76 87 6 82 77 31 50
50 47 58 29 81 40 65 57
15 92 97 37 25 50 86 99 31 68
8 35 87 49 6 64 28 88 56 14
86 22 74 19 85 96 44 53 92
79 57 99 12
20 28 37 0
30 59
76 57 87 71 94 46
73 19
88 6 83 21 5 45 1
56 69 52
68 83 93 74 13 53 29 50
46 52 62 78 66 4 68
62 73 77 7 16
92 3 89
42 51
19 41 98 32 51 6 79 18 99
69 26 86 16 20 14 25 67 45
8 87 96 53 30 51 59 60 78 15
2 48
85 45 33
33 4 67 63 2 47
88 77 45 36 66 0 94 16
73 10 70 94 22 66 4 28 99 47
79 46 33 51
39 33 63 92 17
43 95 82 74 88 96 37 80 75 99
2 82 88 21 96 71
40 72 35
4 68 34 42 20 6
34 29 85 54 70 81 65 76 12
76 31 39 86 83 20 35
90 66 98 23 51 78 86 80
25 56 6 59 18 42 98 0 87
71 64 97 47 57 58
45 67 44 76
97 6 99 57 26 60 76 90 37
93 54 10 41 59 23
58 23 90 76 89
70 24 14 83 51 15
5 56 26 79 33 91 18
65 35 64 51 82 9 81 12
36 99 79 75
70 2 33 77 99 1 3
29 81 41 4 67 77 19
62 19 89 61 85 45
0 1 55
62 33 21 10 50 76 86 73 60
26 99 65 24 9 14 55 72
69 70 57 28 67
59 67 13 94 1
97 4 20 76 22 27
47 18
34 79 92 64 11 44 54 21
89 53
89 32 34 44 66 59 97
23 77 27
48 41 78 70 44 77 7 37 42
6 95
41 29 33 39 13 70 94 77
76 47 30 31
53 45 37 20
91 1 9 48
60 38 8 37 24
57 37 98 48 94 7 2 33 40
2 21 42 9 38 76 33
16 73 69 38 51 95
90 80 63 68 22 14
62 70 85
41 71
95 10 94 93 21 72
67 73 46 59 94 84 74 52 85
70 59 77 30 16 22 41
53 50 41 32 88 29 99 42 70
41 43 14 50 53 57 30 91
55 95 56
63 84 6 90 89 83
79 75 52 12 54
98 78 66 45 25 12 85
68 60 34 43 41 32 57 27 81
15 97 94 58 86
31 12 98 72 1 61 5 60 23
8 32
83 58 79 64
52 16 78 83 10 3 23
55 82 25 10 51 58
79 41 91
89 15 19 63 10 8 40 70 75 38
17 36 98 24 95 20 62
36 68 20 83 18 0 57 11 54
69 96 62 82 83 63
88 99 19 65 80 24 61 40 32 48
89 60 19 76 44 96 48 49
45 35
40 97 23 89 62 99 79 68 22 63
20 7 28 82 8 72
51 61 35 58 43 18 99
53 19 60
18 4 82 94 75 13 92 3 72
45 37 78 12 52 2 28 31 30
31 28 43 2
89 90 22 9 12 83 42
90 44 76 48 33 0 25 89
2 67 11 58 56 30
44 87 8 96
71 32 5 74 36 61 95 46 52
44 36 24
15 75 57 90 82 39 2 73 3 44
95 24 38 11 93 82
52 5
78 70 33
45 38 94 64 40 78
30 45 15
92 27 62
94 78
38 16 47 1 84 91 95 52
94 46 32 75 13 93 41
85 49 46
77 59 15 66 47
11 65
95 62 91 24 80 66 4 71 52 7
60 59 95 26 32
68 3 23
69 32 29 59 67 90 36
16 71 55 21 62 14 85 53
79 69
94 69 5 92 16 62 24 29 38
39 85
61 28 71 74 63 30
75 54 94 30 33 20 50 65
6 73 54
79 77 88 74
27 4 71
61 40 58 85 81 57
23 6 77 54
25 56 65 10 20 81 35 64
19 61 98 99 8
59 39 23 68 24 81 40
86 87 16 92 72 24 91 27 11 89
4 14 56 67 33 46 49 32
60 59 89 75 5
50 68 75 27 42
15 67
88 56 71 24
91 65 75 13 67 86
32 28
63 23 91 11 59
46 52 86 89 71 98
49 20 35 30 86 75 51 91
58 90 19 53
60 52 24 13 23 74 39 8
76 31 38 88 50 25 75 68
63 1 67 76 4 83 65 6 32
21 16 42 60
69 81 0 23
0 50 99 49 1
88 14 63 39 83 72 65
55 43 21 22 6 12 46
20 2 60 18 87 29 41 56 17 88
27 88 4 79 10 62 45
76 79 65 90 43 34 56 92 61
41 7
86 0 85 77 69 83 87 6 64
33 58
10 19 73 21 66
5 40 79 99 8 14
48 3
98 15 42 90 47 34 67
41 83 92 56 49 11
27 46 96
14 95 70 99 78 66 65
56 29 70 31 42 98 45 28
34 61 66
30 77 80
69 97 39 78
36 88 71 41 72 99
63 77
45 96 28
23 44 15 82 88 29 76
87 97 95 77 47 6 16 36
52 90 10 8 89 42 46 51 56
95 15
93 82 30 0 72 79 67 86 18 55
83 99 20 74 39
33 41 71 91 30 94 38 61
93 98 78 99 50
5 40 88 60
94 6 41 88 63 42 60
60 17 4 88 98 12 81 89 49
87 47 44 43 84
92 12 63 44 39 80
59 20 53 74 87 70
90 91 89
91 74 64 38 10 48 31 43 68
79 22 96
9 56 26 48 36 97 74 71 81 21
2 65 10 62
49 80 85 36 10 76 40 67 6 1
19 61 71 43 16 26 52 30 49 58
74 69 53 43 70 47 68
42 65 1 2 56 81 76
54 99 41 2
28 44 23 49
40 79 81 38 82 16
86 91
90 33 1 74 87 46 78 13 40
85 63 72 99
65 21 79
74 14 35
18 80 99 57 85 9 16
80 1 57 20
16 84 97 94 8 4 11
82 15 79 20 87 48
11 7 65 99
13 25
39 69 14
60 17 24
83 2 73 43
51 75 18 90 50
37 41 18 28 36 58 97
66 84 69
72 99 77 83 34 15 8 84
33 17 61 54 65 34 71 48 37 46
42 10 0 7 69 67 37 34 1
32 86 81
29 42 6 31 53 44
74 26
64 96 35 32 61 30
31 11
54 67 58 32 92 19
98 14
42 33 47 65 27 0 43 68
79 62 12 47 53 21 14 40
97 60 88 35 75
33 70 49
8 17 7 57 10
69 22 99 26 70 7
22 27 47 67
43 93 58 8 9 74
61 93 47 79 99 32 94
97 80 83
22 3 99 47 45 50
85 60 89
42 86 25 72 4 14 13
37 18 55
40 89 69 62 41 22 45 54
7 33 46
24 92 17 78 63 15
19 95 20 97 71 72 91 16 68
97 91 61 28 35 84
28 4 34 54 89
23 62 85 80 88 53 27 87
87 13 29 57 74 34 47 39
50 94 42 45 51 89
90 51 91 41 22 60 28
73 79 49 77
13 78 76 27 23 21 71 97 56 94
88 4 89 20 19 69
50 72 82 39 64 6
64 60
55 82 26
91 38 6 27
6 32 61 28 26 93
86 10
25 54 47 99 32 89 52
56 51 49 43
61 88
46 90 36
79 76 40 51 90 23 49 83 58 20
89 79 77
54 1 5 7 47 32
89 70
32 37 85
98 33
78 31 39 20 52 82 98 61
74 81 89 47
80 17 99 56 82 78 34 8
58 7 15 21 4
48 29 40
55 35
21 9 49 28 24 31 3 80
98 72 91
0 86 12 1 46 37 72 23 4
21 54 58 62
51 49 42 43 37 59 82
28 49 51 19 72 36 48 1 82
21 59 44 60 55 4 84 16 78 25
96 30 7 17 85
45 15 91 92
90 15 88 62 11 38 39 79
86 40 34 0 71 73 21 66 44 32
20 82 18 58 70 77
5 45 91 49 77 88 3 97 8 75
42 40 16 19 8 73 12 56
16 89 55 43 53 48
92 23 17 40 34 18 66 96 65
32 36 62 49 65 66 53 10
7 67
46 19 39 31 92 93 83 24 70 0
23 17 30 12 42 86
72 54 58 55 57 46
52 70 86 3 93
55 83 13 16
89 68 38 83 34 30 51 78 13 3
43 81 87 42
30 31 95 63
28 57 73
30 28 41 14 98 93 37 94 36 81
47 61 9 19 50 10
93 1 69 92 10
91 59 20
82 87 20
49 72 57 43 40
41 29 59 9 53 49 3 52 20 72
4 83 81 0 34 35
80 30 33 98 69 18
35 83 6
9 36 47 50 2 12 44 57 33 97
65 64
44 48
49 25
84 45 61 19
31 10 58 27 68 91 37 76 61 23
87 5 43
58 82 47 68 51 55 62 69
19 92 84 64 32 44 53 56 68 57
0 31 85 8 60 32 56 43
91 24 28 52 41 90
25 87 73 19
21 93 61 10 36 37 50 70 85 52
78 7 72 6 51
95 54 91 28
24 76 59 18 64 44 50 63
16 20 44 13 0 7 9 78 48 5
92 12 15 0
68 58 21 37 75 5 89 27 92 78
88 78 59
78 86 59 60 73 93 62
9 75 70 32 47 67 45 2
96 81
97 2 7 20 53 76 70 79
75 82 35 22 31 7 74
6 36 9 64 65 95 75
22 94
35 58 69 46 32 13 78 79 68 77
81 63 82 51
44 98 21 53 5 23
37 46 90 84 30 13 60 15
9 21 20 25 12 44 42
36 65 62 81
20 77 43 63 56 42 62 25
66 23 90 75
70 22 47 41 36 97
22 18
68 13 88 75 43 73 60 78
38 3 79 70 1
83 69 5 55 47 89 91 8 85
62 91 30 85
54 35 91 48 85 5 4 36 71
68 84 4 62 80
75 7 38 14 3
32 86 37
49 62
37 38 3 27 97 21
5 0 72 93 99 27 21 88
29 13 45 22 77 84 44
20 47 4 84 8
21 30
65 25 54 83 2 22 74 40 51
64 24 32 81 53 25
9 45 79 0 8 20 52
15 31 51 70 32
44 46 79 64
32 48 43 3
97 64 32 69 12 25 50 75 91 1
62 72 3 77 39 93 0
69 95 90 16 91 48 52 27 45
20 34 90 24 7
53 46 38 39
41 81 36 52 72 95
25 22 51 80 84 54
16 9 5 76 85
3 47 55 75
93 34 56 96 17 81 19 95 39
13 10 22 24 62 69
14 74 33
4 15 16 26 44 64 35 42
79 36 35 2 61
81 12 36 13 20 65 82
42 85
9 28 61 56 68 6 30 40
22 12 25 48 30
46 96 39 90
83 95 65
59 70 45 2 74 90 80 47 97
20 34 93 57 65 17
65 82 87 36 8
84 35 67 49 56 25 90
58 8 28 19 44 74 80 65 13
16 48 43 44 11 53 35 97 14
25 26 96 0 42 43 9
74 66 42 13 20 79
26 45 87 42 20 83
9 70 82 95 43 69 60
93 56 65 6 90 17 47
70 39 69 97 56 24 53 66 20
72 28
2 50 65 90 35 49 89
91 89 20 78 45 49 18 84
61 87 12 5 26 63 27 40 66 82
14 20 27 31 52 35
62 55 78 10
31 51 55 50 68 87 64 61 37 69
77 75 60
75 85 64 93 50 83 31
71 27 83
95 56 39 51 35 69 62
40 56 99 20 79
94 60 75 11 19 82
34 29
23 51 14 47 21 3 58 70
1 25 56 94 78 43 70
91 97 63 76 77 73
28 66 9 96 25 40 63 19 36 33
41 52 74 8 19 34 27
44 8 95 70 88 54 77 34 96
29 69 19 75 90 87
74 66 3 98 5 60 13 8
86 77
95 31 61 40 0 53 45
60 53
29 55
67 2
19 90 85 2 17 24
55 94 9 82 79 16 68
60 25 83 49 4 47 40 43 96
58 81 88 96 39 72 80 25
47 32
18 16 75 14 70 46 28
26 40 22 33
81 80 5 63 61 29
36 7 81
53 72 33 61
11 44 3 65 92 57 4
65 13 50 78 6 69 25 44
36 83 62 92 16 5 59 63 93
10 68 60 27 86 70 80 65 26
97 95 41
89 95 28
98 12 50 77 68 6 93 64 56
62 2 44 68 40 70
31 25 43 14 67 11 86 68
66 20 21 7 87 13 67
16 53 94
95 92
22 26 20 19 24 70 7
18 77 95 82 93 35 76
53 84 44 52
72 88 23 12 92 45 30 48 42
63 61 1 85 59
64 43 21 41 86
99 67 65 68 26 78
41 3 93 5 17 72 64 86
8 9
43 81
72 34 59 44 88
5 19 30 54 93 15 18 31 0
88 78 72 12
54 71 87 79 78 97 25
48 24 59 68
77 5 60 69
78 68 8 79
64 66 74 59
68 65 11 43 3 86 49 15 90
10 69 0 79 39 58 85 67
1 34 50 39 80 61 90
35 90 55 69 80 27 82
37 1 38 27 4 71 11
31 29 83 42
43 7 15
1 98 16 26 72 37
16 96 61 17
83 39 13 34 19 21 98 96
43 13 98 24 1
42 62 18 98 4 82
48 10 65 14 0 93
54 44 58 34 69 38 41
52 9 35 68 20 55 4
63 72 95 13 57 92
0 25 19 7 33 11 93 23 27 52
55 58 38 66 84 19
64 70
99 4 71 92 98 74 32 22 76 17
8 37 7 45 38 24 77 83 96 53
22 41 36 39 92
14 34 7 79 3 45 9 70 74
2 75
82 95 21 26 64 99 44 16
67 79 68 14
91 55 75 32 25 35 86 6
41 65 74 6 67 12
30 70 35 66 80 27 60
62 92 50 26 55 74
6 43 39 40 29 30
67 72 8 84 61 88 35 58 79 40
71 62 1 32 69 7 11 38 13 0
37 87 4 86 53 61
73 12 84 86 40 27 44
84 93 52
20 58 12 39 77 72
8 47
25 92 18 80 33 51 74
17 77 87 70 86 84
35 8
62 55 91
58 69 21 22 27 20 80 15 84
40 20 12
31 51 8 19 25 37
18 87 4 32 92 79 25 68 54 35
56 72 89 19 15
77 47 73
93 26 94 61 81
22 88 53 11
67 42 87 97 30
89 6 62 74 11 77 29 98 14 3
60 72 5 22 49 4 63 9 38
88 89 42 8 18 70 43
37 80 57 76 53 48 95 96 60
16 86 70 53 81 46
47 95 72 32 63 48
11 22 40 56 79 58
77 42 37 28 31 11 30 49 45
58 62 17 57 59 0 93 33 65 36
51 97 77 61 25
9 29 71 79 59 39 37 32 65
88 85 2
28 5 7
44 65 37 42 97 32 86 83
10 44 98 24 21 64 52 47
32 20 41 81 87 33 6 91 66 24
35 40 8 22 46 36 6 45 91
57 17 53 19
88 95 39 65 45 81 97
83 71 82 20 12 91
82 78 93 85 18 62 34 33 38
48 5 85 73 80 1 86 41
80 43 82 85 84 90
69 13 40 79 1 63 28 57 32
70 24 51 26 65 95
49 67 38
58 39 82 75
67 66 76
18 84 15 13 77 65 69 70 38
67 4 88 78 38
30 83 4 59 21 72 65 77
76 53 9
26 60 16 39 96 82 38 20
4 80 21 8 74 84 87 17 34
70 27 82 65
57 40 31 16 12 86 95 62
63 92 90 55 85 1 46 77 72 44
68 97
20 76 50
59 99 13 6 79 82
44 62 66 48 77 59 4 0
50 31 68 88 13
29 75 24 48 74 18 14 16 2
88 15 76 9 95 30 28
75 98
69 4 54 20
18 38 2
0 75 16 36
0 40 87 83 72 35 45 58 44
60 15 6 63 46 79 95 34 76
81 24 37 63 67 69 25
57 36 44 67 84 14 50 52 25
62 55 19 32 18
19 26 99 1 52 15 46 65 13
82 73 33 91 85 70 14
9 62 17 39 13 90 88
62 61 36 70 78 55 71 40
63 85 52 66 39 43 48 16 76
46 27
0 32
58 47
28 96 85 80
63 68 72 8 95 93 96 51
42 62 12
51 68 73 16 93 4 69
71 24 3 28
67 98 10 25
72 78 10 68
30 79 81 57
81 24 28 22 21 31 86 88
49 87 35
14 2 92
30 58 82 97 31 90 78 33 62
70 73 94 85 8 18 44 32 67 11
54 91 45 18 36 0 66 29 25 77
15 46 85 61 86
67 81
97 24 76 29
84 38
81 15 45 24 82 43 88 92 89
7 97 32 82 4 76 89
26 81 67 63 50 44 4
0 11 9
98 51 60 43 13 30 47 55
29 47 23 88 67 24 33 17 57
31 90
63 86 91 49 22 30 1 10 98 75
14 94 29 51 60 13 80 59 81
53 87
8 43 37 70 76 77
17 85 96 8 36 35 81 39 72
31 79
17 22 88 84 47 38
58 91
87 84 66 59 20 21
51 98 88 72
92 98 72 30 94 33 51 42
17 60
69 35 71
68 13 61
43 79 86 97 48 49
93 31 44 86 42 70 25 81 21 58
52 10 59
84 56
42 23 40 16 72 45 28 19 1
8 12
84 55
7 5 42 34 21 31 60
18 73 70 69 52 64 16 90
53 15 92
85 99 4 92
49 26 68 43 11 30 1 36
37 82
8 58 38
80 43 92 3 95 88 31
31 78 34 25 72 98 7 71
68 69 90 54 58 7
83 2
82 56 36 10 64
99 96 71 78 92 56 7 30 25 93
14 78 70 49 51 74 16
40 55 57 85 32 94 17 51
65 54 13 86 6
67 40 3 52 70 59 89 46 44
37 14 31 58 10 90
17 27 72 84
59 96 48 84 12
4 44 3 85 63 76 95 89 52 96
38 58 15
26 21 24 75 7 8 74 57
76 44 15 24
50 35 93 36 31 79 87 74
12 82 50 88 84 80
47 0 36 59
53 17 38 35
23 12 98 45 90 17 61 85 33 0
12 14 90 93 44
29 51 56 86 52 40 24
19 65 75 9 33 80 1 97 88 21
98 66 75 42 87 68
57 63 52 7 32 69 25 96 12
37 68 46 74 58 19 65
2 99 89 32 68 15 95 79
16 34 19 79 97 70 3 26 30 1
9 42 43 5 7 36 93 76
27 11
51 53 55
37 66 3
2 24 32 43 7 30 33
13 91 55 71 75
43 48 68 89 38 13 84 12 88
20 36 23 99 69 9 59 96 66 81
72 94 98 80 69 60 21
4 76 86
48 47 81 72 65
91 36 45 73 89 99 72 9 56
19 62 90 94 98 2
1 39
3 8
39 62 60 29 86 1
15 7 99 68 60 82 3 17 72
1 15 17 94 60 75
98 56 10 42 19 33 96 55
73 1 83 74 63 24 12 69 76 62
17 15 14 87 31 70 48 79 58
23 40 25 12 84 93 16 30 71
31 15 49 46 94 20 77
57 38 93 11 42 44 0
36 74 35 8 54 33 51 65
85 10 53 21 38
38 17 33 90
71 67 89 32 8 76
35 0 2 28 53
11 65 29 74 25 21 93 95 15 33
90 15 28 62 53 2 32 63 41 39
44 40 83 49 66 0 18 52 53
39 48 92
17 44 3 4 98 95 53 67 48
77 68 94 47 91 66
50 71 76 25 64 47
0 99 42 24 67 88 62 79 47
30 25
84 57 91 7 46 94 4 86 17
79 56 83 31 2 10 4 86 52 64
31 3 28 55 4 40 67 12 66
90 35 81 37 40 97 94
63 70 33 59 67
37 26 79 40 92 88
22 53 4 88 69 86 82 30 12
42 57 23 60 64 76 4
81 40 73 25 68
14 84
56 59 26 80 74
72 38 64 99
53 91 40 68 0 77 64 90
30 61 79 80 75 13 3 48 63 2
23 45 90 49
83 60 41 46 62 49 13 88 32 5
38 14 43 65
96 20 19 18 28 53 90 6 22
83 28 70 21 63 18 79 1
13 53 16 60 5 70 42 96 28 21
24 47 85 88 36 81 95 9 71
85 66 84 37 10 64 14 26 38 79
28 65 87 96 6 18
93 68 51 81 37 78 80 48
18 29 40 39 15 97 32
26 82 29 54 87 62 9 93
12 33 56 14
38 32 96
24 31 84 71 7 47 95 81 70
23 52
89 20 12
44 74 31 76
66 78 67 90 37 89 91 51
96 91 73 78 99 72 89 97
64 47 68 1
93 49 9 94
21 2 96 45 55 38
11 77 42 2 97 33 3 84
40 45 35 93 56 97 39 14 67
87 61 7 22 94 5 90 57 71 47
62 56 75 66 92 47
75 28 6 3 20 1 77 29
0 40 24 88 9 27
71 18 97 1 89 81 93
53 51 84
19 87 26 3 86 81 20 62 44 6
54 32 27 47 50
18 17 86
68 71 90 75 0 60
33 17 42 92
61 39 41 72 66
79 64 17 50 81 20 39
7 76 84 13 10
94 82 43 76 34 46 49 92 20 18
1 91 93 41 9 22 36
17 65 46
26 98 37 68 32 63 33 25 4 56
52 14 89 19 27 51
31 62 16 46 43 79
21 59
10 99 44 39 86 72 7 30 73
38 65 37 72
79 97 41 5 46 87 83
93 44 66 28
23 47 71 95 86
75 36 61
44 56 55 98 37 83 77 65
31 63 11 21 44 93 82
2 4 63 13 6 8 59 22 11
57 88 10 29 6 61 25
14 38 43 35 18
67 65 52 23 27 59 88 0 86 7
81 54 69 48 16 28 20
40 37 99
59 12 20 56 23 3
6 14 78 12 15 86 8 10
89 36 46 67 19 42
75 55 8 10 21 58
34 99 16 22
89 88 23 4 96
40 12 3 81 6
66 26 63 15 6 73 25 96 80
13 38 82 48 84 14
30 32 22 15 25 39 42 62
4 45 95 14 25
19 87 85 18 3 93
92 46 76 18 45
12 53
97 39 14 74 45
25 20 38
71 74 98 29 78 89 46 44
6 60 5 38 10 92 36 93
34 4 28 64 85
45 28 73 42 56 18 97 66
27 48
50 66 43 58 9
45 58 41 44 71
77 53 26 97 89
6 24 4 92 43 48
28 90 76 30 84
28 95 92 39 86 47 15 77 73 20
92 75 61 63 11 12
3 74 24
75 57 76 64 92 51 39
31 33 26 68 3 52 2 93
60 62 72 14 53 20 46
23 89 72 17 50 61
60 51 47
47 38
67 24
52 3 96 56 78 36 63 61
29 19 58 61 53 45 35 99 14 86
19 71 63
56 68 18 10 65 12 36 21
92 97 3 31 69
62 37 61 67 75 34 84 57 36
36 37 26 73 71 41 87 88 61
41 89 35 55 68 46 5 3
80 48 50 86 46 42 36 15 56 81
67 50 72 7 29 89
27 26 9 81
46 45 78 31
20 55 50 85 64
64 74 6
65 4
71 56
20 41 52 57 7 49 98
58 25 17 60 73 66 18 81 3
68 29 0 69 81 73
78 76 57 49 54
20 79
53 86 61
83 9 86 75
84 41 69 4 27 35 74 0
22 90 97 47
97 41 72 45
18 74 8 80 52 23
32 55 66 52 86
54 24 33 47 34
95 26 67 5 13 99 2 79 40
58 22 64 93 24 65 6 79
22 20
54 80 11 10 78 5 92 39 45
34 40
30 44 18 38 9 84 29
24 20 89 88 42 1 78 51 94
71 93 28 65
49 77 60 30 76 54 11
43 70 0 29 93 52 71 44 74 76
58 76 63 84 78 24
98 37 79 34 17 7 55 15 30 24
56 25 17 9 95 86 93 38 53
86 13 21 91 0 22
4 38 91
29 33
19 78 17
78 74 42 53
45 42 59 97 54 47
20 6 51 7 60 27 95 14 71
58 79 60 96 40
56 44 60 78
1 20 17 62 90 74 68 91 21
44 91 53 48 45 50 57 23 21
93 86 56 57
7 56 40
57 38
29 25 82 49 4
21 44 4 89 24 74 49
11 80 27 19 47
32 73 71 51 28 29 57
21 34 61 48 3
37 6
79 23 33 32
19 42 24 78 28 41
8 62
75 46 0 76 45
60 65 49
56 51 14
80 74 66 82 6
91 3 54 22 10 37 27 74 29 17
35 75 55 28 42 2 22 0
50 44 11 6 79 96 47 61 57 38
45 76 87 89 29 23 42 63 28
24 92 85 32 70 87 55 30
32 78 12
55 51 44 89
69 48 44 43 8 21
53 54 94 75 51 97 76 40
52 11 34 57 92 6
39 55 81 31
78 94 56 30 63
94 26 12 80 86 83
92 46 23 52 5 38 65
62 67 21
88 94 11 52 82 13 50 24 65
53 4 64 26 89 23 36 29 51
93 45 72 22 79 56 55 0 31
83 91 31 57 12 35 71 95 77
88 41 77 73 4 98 87 78 86 75
68 58 26 61 16 71 47 19 54
18 38
82 9 53
81 16 60 72 95 97 18 64 85 83
25 10 79 84 88 74 76 49 55 11
5 12 16 48
64 16 84 30 17 81 11
64 90 94 88 67 33 73 76 52
97 59 7 27 23 17 65 98 84
6 21 5 57 22 27
87 80 28 34 42
13 66 88 50 59 67 0 21 62 23
73 65 93 25 31 23
40 97
13 89 67 60 76 36 5
30 12 81 16 84 74
15 93 77 31 38 46 18 3 16 63
28 80 91 3 5
90 73 44
36 22 81 95 55
70 38 46 75 31 56
87 52
49 82
0 65 32
66 91 58
86 27 60 99
70 99 45 44 73
59 65 9 27 32 23 90 48
22 40 58 36 87 21 6 15
63 94 68 37 50 15
15 10 6 17 52
64 55 19 45 61 66 51 82 11
33 92 99 35 10
96 38 62 22 27 42 65 68 35
70 2 17 32 76 83 7 62
36 18 5 73 95 21 51 65 40
48 74 88
90 8 40 42
75 92 87 4 0 16 99
52 86 68
76 14 29 66
13 27 90 68 52 1 78 62 65 22
78 45 56
94 11 96 1
27 9 86 18
88 2 40 34 14 11 43 8 51
32 68 20 17 89 59 57
30 36 73 15 93
96 76 23
80 61 17
6 48 45 51 86 58
79 18 97 57 54 9 88 71 24 72
28 77 96 7 72 57
10 31 90 57 17 86 11 68 19 22
58 70 88 30 77 63 20 29 43 66
70 57 78 84 52 46
6 26 95
83 50 84 34 75 97 93 53 49 55
41 2 55 98 71 52 6 5
49 14 19 6 29 33 55
56 99 76 5 67
78 57
39 67 80 54 23 75 40
42 15 69 97 9
53 20 63 32 22
74 89 94 37 59 82 69
39 31 38 23 79 0 46
88 90 45 21 35 19
57 17 53 85 69 15 21
3 60
61 96 18 39 36
83 70
43 61 31 20 93 85 55 42 75
17 96 79 64 38 36 95 49 57
10 12 25 38 53 43 98
3 51 78 50 12 84 53 66
22 69
91 93 61 69 95 53 51 28 46 72
93 80 92 85
91 47 71
90 36 63 71 34 14
99 72 25 71 52 42 41 36
31 88 79 37 74 58 52 13
28 18
32 1 74 64
77 84 20 95 22 6 72 31 49 51
67 44 48 73 59
87 10 74 57 73 78 46 82
61 0 99
23 25 98 52 15 33 64 14 28 95
36 27 5
58 77
20 70 14
39 7 41 5 83 55 30
25 90
12 61 13
24 14 60
50 92 61 67 70 19
65 4 13 55 63 2 79 87 96 54
15 64 8 40 4
44 38 26 11 19 92 62 73 48 0
1 62 69 91 63 35 65 76
91 23 79
74 62 26 30 38 46 68
76 62 30 4 49 95 83 12
51 52 46
96 91 67
9 89 23 77
85 52 8 47 80 97 31
27 30 65
37 49 54 70 56 83 36 98 74 68
43 5 71 52 66 41 34 22 36 19
99 57 74
69 99 5 66 79 36 96
73 29 88 93 76 87 35 78
3 72 26 82 46 93 71
73 55 97 93
42 80 31 2 56 75 37 23 30
48 47 63 78
62 48 9 8 63
52 25 68 40 31
35 4 98 12 45
59 36 83 56 94 75 72 82 76
17 93 69 72
46 33 62 32 57 20 52 88 72 21
87 30 10 80 54
87 34 20 13 60 74 41
42 15 69 50 35 7 38 86 63
34 71 40 80 81
68 53 82 34 10 78 24 32
74 63 52 50 68 33 22 31 32 38
10 75 69 86
52 92 54 28 23 50 2
68 76 73 84 10 34 39 29 48
99 48 46 12 80 30 1 86
38 72 0 98 43 48
69 21 49
85 27 42 61 31 54 11 75
40 52 61 79 78 54 27 95 83 75
54 82 84 97 44 63
98 39 50 87 15 54 78 28
69 10 65 83 52 3 44
55 17 94 21 29 42
62 58 15 36
1 34 95
92 96 86 68 32 88 4 44 14 53
45 28 27
51 97 40 10 37 62 19 84 69 14
32 20 48 1 43 75 81
68 59 85 28 98
65 4 54 75
40 60 24 88 86 85 48 73 37 77
70 52 44 54 62
60 75 43 40 73 52 21 34 6 10
54 90 77 55 14 46 60
37 35 2 36 38 85 58
37 3 38
60 10 50 6 35 58 18
47 18 63 59 98 78 41 53 14
73 84 31 81 28
1 72 57 33
59 62 96
45 8 26 88 11 77 33 60
49 18 94 93 78
18 15 14 3
18 39 84 43 55 85 81 12 41 4
12 97 96 39
51 28 79 83 69 85 10 48
32 50 39 63 98 13 14 4 99 96
68 6 45 54 31 69 98
50 38 11 6 69 53
90 48
34 29 63 71 66 82
48 15 6
39 83 16 36 62 88
61 5 76
23 10 30 61 38 79 15 98
22 67 39 16
84 48 12 67 85 32 76 69 62
41 59 42 75
33 54 20 52
25 63 37 15 88
1 41
32 57
78 13 99 75 28 38
77 69 23
92 32 94 12 82
9 78 70 40 11 54 67 79 2 74
41 87 77 71 72 44 47
4 28 72 58 49 99 35 25
28 46 21 86
42 18 2 5 21 35 56 45 36
2 81 25 6 53 70 16 67 82 65
46 7 71 37 94 87
52 21 47 8 61 40 28 98 38
99 88 56 72 51 19 73 49
97 11
54 44 77 69 88 31 92 24 62 47
48 20 96 8 0
48 63 68 82 79 98 33 6 57
63 70 68 17 41
20 56 54 15 84 45 52 7 24 82
79 77 1 26 17 80 61 56 14
79 9 13 30 18 58 57
94 27 19 75
11 51 36 23
87 57 20 11
54 33 41 25
49 16 90 60 86
66 83 2 54 58 61 51
0 87 10 71 1 74 36 22
40 12 24 94 96
26 97 4 24 93 78 36 32
17 94 8 29 74 44 1 84 87 16
67 64 55 92 99 36
3 44 47 50 69 53 39
15 33 86 88 0 26
26 39 65 14 17 19 9 79 5 10
19 26 81 61 33
1 78 38 64 46
29 80 87 63 28 74
41 86 6 83
33 25 49 32 47
13 38 76 25
98 90 20 85 41 11 28
87 54 84 88 74 89 38 5
30 50 97
13 81
84 95 88 48 56
77 52 67 70 42 72 19 59 69
10 82 13 51 61 22 91 90 57 69
38 15
28 10 2
15 40 58
2 95 51 3 17 80 86 12 45 78
77 38 0 53 65 97 84
64 37 50
10 9 98 21 2 70
78 62 95 30 5 39 56 72
98 92 19 58 77 81
28 20
40 34 24 52
17 1 32 96 2 85 49 10 33
61 65 27 35 15
22 42 96 77 91 35 97 74
93 67
6 20
24 23 10 54 91 87
96 40 26 31 53 65 7 35 61 74
57 87 95 16 13 12 9 37 31
80 50 42 16 13 19 35 91 56
9 15 58 8 33 65 29 37 88 27
48 85
20 35 36
52 67 93 78 3 12 32 76 36 71
17 69 98 48
78 80 30 21 97 1 85 79 16
30 87 70 1 22
8 17 84
8 77 98 62 60 51 25 82 59
76 17 70 15 59 51 88 28 50
23 38 41 96 68
1 55
74 23 63 6 31 29 14 30 83 19
20 33 73
91 77 16 93 80
53 12 88 28 31
42 45 35
47 63 21 2 49 79 16 1
14 85
51 29 3 31 6 88
83 68 18 80 54 87
95 11 57 54 42 8 20 19
83 23
12 88 78 58 20 41
85 44 21 57 43
23 12 59 28 1
95 2 32 75 7 88
30 9 17 51 73 43 55 84 23 21
29 51 10 2
13 90 36 23 71 30 8
13 7 87 43
80 23 59
64 41 22 1
34 29 46 40 76
2 97 42 84 98 61 49 34
42 5 87 26 98 56 94 30 70
62 54 27 30
15 74 20 52 7
21 28 10
66 1 72 98 48
13 57 67 14 82 40 5 95 78
15 83 43 76 40 96 26 56
92 5 97 70
0 78 48 55 86 11 69 10
40 77 22 67 46 83 30
48 91 84 18 65
84 41 61 86 91
6 79 10 43 20
77 2 84 50 6
20 67 35 28 52
7 90 71 61 31 83 69 49 11 95
1 60
0 47 56 42 80 8 20 99 96
24 88 54
61 10 41
60 74
61 90 62 65 49 35
34 94 13 56 78 32 77 12 63 80
64 83 68 55 27 34 35 86 69
91 36 26 67 71 93 50 42
18 42 23 52 88 53 26 83
68 62 74 38 45 92 11 60
39 47 16
18 99 81 66 75 71 21 13
63 0 7 43 48 1 84
85 48 49 31 86 60 12 40
18 72 91
67 16 82
18 62 30 51 48 35 45 11 81 54
88 51 78 87 74 8 61 27
28 13 5 68 40 87 60 67 61
18 23 21 66
75 69 34
88 29 48 81 84 47 46
10 12 73 67 55 1 11
91 62 10 60
45 87 82 88 44
15 1 60 35 27 2 99 18 96
87 88 74 46 84
84 23 79 44 35 86 37 1 24 57
5 13 83 31 6 52 43 30 92
78 74 77
85 58
80 40 95 1 77 8 53 91 81
9 46 61 71 8
53 99 16 14 46
34 84
55 77 62 86
41 26 82 36 21 91 19 38 18 45
38 71 10 13
41 85 63 18 92 49
91 94 79 9 63
20 28 82
40 51
63 70 25 90 64 85 41 52 72 39
86 52 85 54 13 55 41 77 11 59
50 79 8 95 74 83
33 62 98 38 56 14 77 78 17 60
80 58 82 96 43
9 99 34 87 26 90 98 64 41 79
13 67 18 55 5 78 43
15 65 71
18 47 14 64 30 84 15 90 71
74 57 30 17
95 36 30 58 56 87 35 81
18 92 40 37 4 86
63 13 1 31 57 80
73 81 92 68 10 57
54 28 88 82 49 3 58 35 63
68 62
13 17
1 56 12 42 20 24
46 82
14 63
49 66 29 30 56 6 45 77
53 38
34 70 2 23 69 3
20 16 25 86
74 94 10 60 2
55 30 9 36 71
18 76 95
8 14 50 61 22 2 21
22 2 78 99 18 68
96 21 36 13 74 22 71
85 84 49 4
73 20 5 70 44 8 90 79
2 66 89 88
13 77 76 28 8 59 81 50 85
12 15 95 78 87 1 55 35
8 38 32 93 72 21
85 38 9 46 66 10 84
3 41
72 38 68 75 78 13 14 17
78 28 5 47 49 34
89 84
73 36 17 90 93
91 20 80 50 25 38 83 10 16 41
97 65 15 11 66 91 8 26
38 80 96 78 87 43 73
85 21 32 0
69 89 46 91 83 29 11 42 12 36
3 28 11 58 41 52 92 64 51
51 92 89 91 25
92 25 62 66 15
76 54 16 19 44 53 50 60
87 78 22 99
19 16 58 96 50 9 25 30 43 74
49 37 24 70 9 88 65 35
48 57 61 8 53 19 15 10
51 65 74 52 73
7 82 54 6 61 2 69 37
13 58 94
88 45 79 17 68 46 52 36 4
60 44 14
44 17
83 87 0 10 80 37
47 87 98 54 65 96 72 1
34 80 39 36
2 27 31 9 58 56 54 12
28 46 3 73 39 71
70 95
68 84 43 96
52 32 64 40 14 95 69
98 75 38 65 85 30 4 17
77 41 6 27 8 34
96 59 48 60 27 47 84 11 43 66
2 30 36 54 96 89 7 5 16
22 82 24 26
81 36 74 28 11 72 15 95 41
87 48 70 49 2 69 65
54 68 6 26 59 35 33
9 10 63 94
8 34 44 90 79
60 11 48 85 7 82
3 89 45 99 15 46 80 55 54 57
23 48 24 73 99 12
34 48 87
55 69 42
92 83 15 39 20 77
13 82 87
23 22
45 12 48 92 20 44
14 46 76 45 58 1
45 72
31 24 81
52 82 0 89 93 20 23 95 46
90 1 27 50
52 76 9 33 57 26 98 13
86 43
95 91 65
21 24 76
81 86
47 43 46 82 45 12 80 41
29 6 4 97 58 78
42 20 0 59
63 88 20 71 29 21 15 98 69 81
57 75 94 77 30 39
16 4 21 97
32 50 30 99 61 38 25 62 3
76 39 34 13 24 19
43 83 1 48 21
19 27 8 63 44 21 43 20
67 5 48
16 1 77 65 8
24 86 60 2 46 58 43
97 89 39 54 75
85 35 3 37 30
98 60 48
73 64 69 4
3 87 93 25
69 53
58 90 6 37 51 22
12 84 88 75 92
27 25
38 52 78 18 40 83 9
38 91 42 96 27 84 82 73 71
36 85 84 4 0
42 89 52 11 39 80 97 87 77
49 73 29 79
91 2 18
39 1 67 80 4
3 47 70 19 30 17 91 63 94 98
42 57
39 85 37 7 16
56 12
52 73 76 75 84 35
40 98 93 51 65 80 71 83 64 90
16 65
13 89 82 18 4 46 21 85
62 51 23 86 34 98 56 65
66 81 10 18 70 89
19 56 92 5 84 46
95 99 70 67 35
99 7 46 68 65 78 58 16 79
39 14 65 98 92 4 10 78 67 22
77 69 78 72 96 87 91 7 58
48 56 57
40 16 76 83 66 59 30 71
16 36 98 47 26 8 51 2 60
8 43 48 66 99 92 16
29 75 82 72 62 85 15
41 34
79 23 19
82 66 80 99 88 22 72
89 91 61 75 36 72 79 49 88
27 52 80 92 36 95 6 16 74 22
95 96 1 42 40 61 26 51 24 35
20 40 62 11 45 4
93 8 51 89 20 28 21
24 54 2 98
12 99 92 31 57
23 52 37 28 4 39 27 68 62
35 1 70 84
97 16
23 9 5 10 44 80 99
80 40 3 45 99 61 53 47 21
56 65 86 13
45 20 10 91 66 71 47 29 83 55
22 9 66 93 21 41 34 13
61 86 9
99 70 30 2 26 75 89 36
63 45 87 44 59 67 0
3 30 31 16 11 33 5 17
13 3 0 77 11 31 5
24 39 72
22 75 70 35 44 27
33 22 65 10 31 11
30 94 20
97 2
58 76 29 43
62 77 36 96 8 18 21 85 61
2 72 50
66 87 34 44 94 25
52 6 65 15 11
8 65 47 13 59
81 84 68 88 31 20 79 34 18 92
33 82 30 64 71 79 51 60
2 40 48 91 4 86 95 31 9 97
76 30
83 51 22 61 12
53 62 60 82
7 15 90 2 35 17 66 53 80 24
70 25 29 6 24
5 75 20 44
24 86 89 3
59 13 1
70 46 45 80
74 60 94 76
90 44 92 25 37 24 18 43
38 74 19 77 14 89 72
7 80 56 89 16 2 42 36 90 64
47 85 81 63 34 78 10
56 94
45 78 39
26 17
85 67
65 41 77 94 50
19 95 40 76 24
24 99 54 80
67 71 18
37 56 49 40 24 51 7 22
78 18 23 65 70 90 7
46 56 87 23 50 48
38 46
85 11 28
16 54 48 3 20 8 26 66 7 84
74 30 83 14 95 8 12
16 93 9 67 35 55 38
97 0 26 5 6
14 95
15 57
93 35 24 75 22 50 53 54 15
76 63 8 81 62 13
89 23 47 44 57 9 39 40
98 70 82 75 7 80
18 49 93 70 13 71 79 91 74
96 6 67 50
13 40
75 99 48 89 62 84 60 6
28 24 48 10 72
17 61 77 23 63 39
2 84
11 54 24
36 31 45 80
83 91 12 61 90 80 38 66
60 65 12 16
94 5 95 81 24 36 50 90
65 52 57 21 37 90
4 77 14 42 74 91 63 24 28 30
8 27 77 98
95 35 12 49 62 32 43 81 79
38 61 52 62 1 24 39 29 11 75
7 96 12 1 29 56 35
14 54 29 70 42 1 28
51 61 59 15
35 49 13 2
51 92 35 33
83 6 26 68 34
43 19 20 31 75
13 21 96 18 66 90 78 82 79 46
0 23 28 36 7 32 53
71 59 75
51 23 34 97 77 7 68 18
89 50 8 24 85 69 91 23
86 6 65 75 44 46
87 95 40
65 1 33 28 56 26
64 42 96 85 20 89 98
20 83 91 33 22 7
25 94 15 30 7 97 0 27 66 90
65 28 70 34 93
72 47
17 72 24 27 64 49
49 55 64 81 57 2
74 63 41 86 50 66
38 98 58 1 39 70 24 5 64
30 23 16 92 82 2 4
40 76 81 23 61 74 83 36 31
10 91 45 72 70
19 86 23 13 60 29 3 5 99 98
89 21
37 81 29 75 15 92 0 16 18 50
16 71 96 32 69 41
71 75 32 11 41 52
41 10 35 22 11 77 84 96 16 60
65 87 52
18 41 76 20 6 33
88 81 37 15 1 60 46
71 65 55
30 18 61
24 87 41 29 23 65 13 25
27 80
79 47 52
53 98 26 21 54 85 52
89 65 60 50
70 53
27 55 82 53 74 9 41
27 85 97 65 73 80 33 47
96 29 44 27 60 92 30
17 10 7 41 72 18 14 24 8 45
59 29 49 92 15 11 21 74 81 31
87 7 46 25 83 3
56 28 74 19 27 91
97 8 31 80 6 93 85 89 32 98
91 53 6 36 18 72
27 76 25 6 17 0 31 80 22
60 20 84 36 15 73 13 0 86 42
93 39 75 44 96 69 62 45 57 99
41 5 94 71 52 22 1 62
18 88 40 2 42 16 4
61 85 86 79 23 33 24
97 18 14 47 58
69 5 33 11 27 54
4 80
31 21
76 62 21 45 32 11 51 97
12 91 0 93 40 8 79
46 3 1 0 70
31 30 17 75 94 21 50 23
51 2 59 41 11 19
33 43 54
64 85
27 98 31 70
68 17 29 39 34 42 25 67
56 16 18 71 12 86 27 35 77 34
98 52 29
41 95 8 12 37 35 71 63
90 43 15
6 85 50 93
61 96 5
11 20 47 92 7 42 89
67 82
71 47 80 64
89 20 95 17 39 55 32
63 7 41 78 14 72 74 60
45 55 84 90
46 35 33 99 43 91 31
96 97 20 6 67 81 29 60 59 39
59 28 63 55 37 62 14
18 0 21 93 66 53 74 36 95 63
74 56 28
34 93 6 48
29 49 91 9 94 79 76
86 10 8 99 20 13
35 36 46 11 26 87 70 95
51 52 78 45 10 68 4 50 1 63
14 79
76 52 90 11 19 95 14
87 91 51 5 64 96 9 45 12
13 47 19
65 42 22 58 46 4 75 3
33 15 27
93 41
11 60 97 16 65 78
8 57 28 98 93
53 29 66 71 45
92 49 63 86 23 43 76
19 57 53 18 6 0 20 98
75 15 39
40 2 57 27 83 14 38
74 86 18 8 85 55 38 11
11 45 95 30 75 34 32
55 4
35 18 75 65 68
82 50 62 67 72 77 44 58 26
95 27 87 69 4 1 24 48
67 45 13 50 39 27 79 44
23 20 36 94 6 81 42 54 48
5 33 95 67 46
66 80 29 59
91 57 1 60 2 39 81 61 28 19
76 52 47 69 15
90 38 35 72 58
3 71 77 85
22 5
74 46 59 55 49 45
85 3
37 1 9 63 26 38
89 59 75 62 3 49 53 34 90 8
41 0 10 8 86 58 72 64 34
32 49 53
94 40 99 18 66
34 62 42 74 28
61 99 33 31 29 95 90 65 34
44 64 60 58 79 93 21 78
44 54 60 82 63
95 4 54 53 74 40 0 87
59 73 21 91 86
2 56 32 72 90
75 49 8 61 52
54 26 42 14 50 31 38 63 29 12
39 83
51 69 24 64 53
4 55 91 0 56 22 64 79 65 72
49 20 67 14 58 13 11 43 12 28
0 48 9 1 77 35 18 63
88 71 90
68 0 19 42 56
45 8 88 39 23 17 21 82
1 77 98 74 44 68
46 78
86 0 23 72 77 47 22
52 70 25 94 50
35 6
51 45 86 33 17 21 15
48 35 23 13 70 60
44 9 29 34 85
97 80 28 73 46 16 98 53 26 57
50 63 17 22 88 92
64 22 83 4 55 49 71 66 59
70 39 9 28 6 80 73 91 83 31
22 20 30 97 40 89 43
72 16 97 69 34 76 90 30 50
51 55 0
67 2 8 94 63 14 3 76 48 44
73 67 59 95 83
88 79
93 16 2
2 75 99 94 82 54
99 92 5 31 29 32 30 39 65 88
70 45 90 47
81 50 23 18 51 40 96
14 40 55 31
40 67 36 72 92
91 2 42 66 26 88 9 7 11
81 74 36 37 16 40 94
48 87 99 71 47 50 91 0 7
52 68 53 84 10 4 73 49 66 90
14 77 97 39 48 43
31 91 65 50 45
89 86 39 58 21 29
