107 0
98 0
100 0
1462 0
108 0
2748 0
2654 0
1459 0
2752 0
2747 0
115 0
102 0
2756 0
1394 0
94 0
2751 0
1344 0
1460 0
2879 0
3220 0
3385 0
1412 0
1463 0
1330 0
6429 0
111 0
104 0
99 0
2758 0
3043 0
3624 0
112 0
2754 0
1343 0
1464 0
2750 0
1434 0
6713 0
118 0
91 0
1332 0
1396 0
8384 0
3626 0
106 0
7015 0
1435 0
4686 0
5044 0
7568 0
4277 0
4998 0
5095 0
2755 0
1421 0
5073 0
1436 0
3346 0
103 0
1422 0
5072 0
6712 0
1441 0
1226 0
6339 0
4870 0
1229 0
1334 0
2753 0
2759 0
1397 0
3627 0
1228 0
1461 0
1458 0
6711 0
7418 0
4856 0
1329 0
6841 0
3740 0
6840 0
1328 0
6707 0
1338 0
1345 0
1339 0
5639 0
1613 0
6768 0
3625 0
105 0
1342 0
4278 0
1418 0
9612 0
3623 0
1683 0
10492 0
1223 0
1336 0
5140 0
9537 0
110 0
7202 0
92 0
7430 0
7124 0
1426 0
10702 0
8723 0
6534 0
6445 0
6715 0
7258 0
7280 0
1347 0
8331 0
7388 0
6307 0
6714 0
7266 0
6708 0
8516 0
2793 0
7962 0
3531 0
8846 0
8106 0
7431 0
3024 0
3741 0
6842 0
7299 0
10480 0
7290 0
10873 0
1348 0
7993 0
9755 0
7223 0
1428 0
10532 0
1568 0
4002 0
7429 0
8878 0
2367 0
7061 0
7961 0
7508 0
10880 0
1341 0
4339 0
6310 0
7301 0
7823 0
3528 0
9105 0
3739 0
3530 0
93 0
6443 0
7839 0
10874 0
7417 0
5008 0
10497 0
9023 0
6853 0
7802 0
120 0
5245 0
7298 0
7389 0
7963 0
8132 0
8104 0
6860 0
10869 0
10872 0
10875 0
10876 0
10877 0
10871 0
10878 0
10879 0
10881 0
10870 0
10868 0
6710 0
5244 0
1340 0
7293 0
7590 0
6861 0
7294 0
116 0
7576 0
7594 0
7593 0
6709 0
7506 0
7507 0
6852 0
6849 0
10493 0
7684 0
7683 0
7575 0
4276 0
7291 0
7801 0
6854 0
6848 0
6850 0
5071 0
8092 0
7385 0
8778 0
7567 0
7569 0
3529 0
8041 0
7824 0
7591 0
7592 0
6817 0
8042 0
8046 0
8043 0
8045 0
6706 0
7505 0
6856 0
9163 0
6857 0
6859 0
5338 0
6851 0
6855 0
11677 0
11678 0
11679 0
11680 0
11676 0
7400 0
11681 0
9457 0
6750 0
6751 0
7270 0
7271 0
7272 0
7295 0
7682 0
7269 0
89 0
7399 0
5094 0
5337 0
6748 0
9567 0
9456 0
6847 0
7503 0
11675 0
9162 0
8123 0
8105 0
7289 0
7292 0
7296 0
119 0
184 0
29 0
305 0
170 0
63 0
1985 0
304 0
177 0
178 0
171 0
1197 0
183 0
1402 0
7895 0
871 0
186 0
1698 0
2786 0
167 0
952 0
1696 0
1193 0
182 0
948 0
4610 0
1017 0
1192 0
1191 0
7382 0
1438 0
2615 0
1404 0
3495 0
1918 0
7566 0
7636 0
51 0
3728 0
1925 0
1926 0
1924 0
6821 0
43 0
4399 0
5779 0
1194 0
5715 0
6349 0
173 0
3729 0
5778 0
1916 0
190 0
1981 0
5777 0
5359 0
4876 0
5105 0
1913 0
1915 0
35 0
4402 0
8127 0
6807 0
1986 0
1923 0
894 0
187 0
1978 0
7191 0
9493 0
191 0
5719 0
7493 0
5716 0
1982 0
4406 0
1975 0
175 0
179 0
180 0
9225 0
6601 0
4756 0
7793 0
7792 0
7791 0
1190 0
1983 0
1980 0
9317 0
9318 0
9319 0
5371 0
7190 0
1917 0
5370 0
5372 0
7189 0
9316 0
10348 0
8324 0
5369 0
5776 0
700 0
169 0
1393 0
820 0
2451 0
595 0
1405 0
2046 0
1427 0
166 0
8335 0
7303 0
1960 0
1973 0
223 0
1968 0
1961 0
2382 0
2379 0
1744 0
1958 0
1125 0
5136 0
1525 0
205 0
211 0
573 0
206 0
1972 0
1967 0
226 0
2837 0
819 0
3398 0
5806 0
1957 0
1966 0
5807 0
821 0
5280 0
2835 0
1964 0
2838 0
2383 0
1956 0
1955 0
1963 0
1526 0
1189 0
3469 0
3305 0
5103 0
824 0
3826 0
1531 0
228 0
9645 0
7071 0
1599 0
2834 0
5805 0
815 0
1974 0
1523 0
6195 0
224 0
215 0
5586 0
1600 0
1965 0
3074 0
1520 0
2449 0
2384 0
1601 0
1851 0
4084 0
1854 0
1604 0
4441 0
9690 0
5615 0
4054 0
6882 0
3468 0
3467 0
1858 0
5365 0
1521 0
6197 0
3078 0
207 0
3791 0
221 0
4053 0
3307 0
5268 0
4937 0
823 0
5616 0
5933 0
1518 0
3075 0
3827 0
3076 0
1529 0
8359 0
2424 0
1603 0
5935 0
4052 0
8837 0
5265 0
1856 0
5845 0
213 0
1610 0
1848 0
5101 0
5881 0
1516 0
1853 0
2417 0
6030 0
3309 0
5587 0
1524 0
3306 0
6881 0
1609 0
217 0
3978 0
4526 0
5266 0
9180 0
4524 0
8648 0
8649 0
5100 0
5844 0
2421 0
6198 0
6032 0
9197 0
1852 0
5938 0
5937 0
1369 0
5588 0
5496 0
12415 0
12416 0
12417 0
12418 0
1527 0
1962 0
8776 0
11746 0
11748 0
11749 0
11751 0
11750 0
4530 0
8857 0
8858 0
8859 0
8775 0
3070 0
1598 0
1597 0
1602 0
1607 0
1595 0
1608 0
4523 0
3771 0
10341 0
204 0
10422 0
4938 0
222 0
227 0
818 0
5267 0
7046 0
1594 0
2447 0
4086 0
202 0
10340 0
5264 0
3769 0
4936 0
4083 0
2446 0
7045 0
8927 0
11388 0
9179 0
10421 0
10304 0
240 0
787 0
1690 0
409 0
270 0
1500 0
244 0
1691 0
2552 0
242 0
2619 0
2004 0
2008 0
613 0
260 0
1695 0
1936 0
964 0
2006 0
1301 0
3140 0
1999 0
236 0
3620 0
137 0
2002 0
1519 0
3641 0
2007 0
1850 0
263 0
2001 0
1350 0
243 0
6088 0
1942 0
4820 0
3209 0
4451 0
234 0
6476 0
1971 0
4448 0
4678 0
4214 0
3139 0
3134 0
268 0
4198 0
4450 0
2005 0
6263 0
2000 0
4452 0
2003 0
6211 0
6264 0
6479 0
6487 0
2828 0
2831 0
241 0
9161 0
2832 0
1998 0
5921 0
6481 0
2830 0
3136 0
7160 0
1934 0
6472 0
10649 0
8368 0
5883 0
6210 0
8367 0
6484 0
7135 0
225 0
10636 0
1530 0
10667 0
9560 0
2010 0
6261 0
1692 0
10668 0
9618 0
1010 0
2833 0
10374 0
5368 0
4681 0
4211 0
4679 0
4680 0
4682 0
4274 0
3135 0
6266 0
3138 0
4200 0
9559 0
10674 0
10669 0
10681 0
1935 0
9052 0
11491 0
8254 0
6209 0
6216 0
6213 0
4819 0
2058 0
2057 0
10672 0
10651 0
6217 0
10639 0
10680 0
4574 0
1933 0
9795 0
8979 0
2829 0
6075 0
4212 0
9332 0
8976 0
4199 0
11775 0
5284 0
6262 0
6265 0
11816 0
11815 0
12240 0
1938 0
1939 0
4821 0
1689 0
10664 0
8365 0
10658 0
10673 0
10675 0
10676 0
10677 0
10671 0
10678 0
10665 0
10663 0
10661 0
10660 0
10659 0
10657 0
10666 0
10662 0
10654 0
10653 0
10670 0
2055 0
10655 0
6215 0
6214 0
1694 0
7868 0
5303 0
10631 0
10633 0
8366 0
8978 0
8977 0
8980 0
2059 0
8001 0
7720 0
11306 0
11715 0
11307 0
11308 0
5367 0
10647 0
10648 0
6635 0
10650 0
10652 0
6634 0
10635 0
11642 0
6810 0
6809 0
10646 0
10637 0
10638 0
9536 0
10630 0
5366 0
11490 0
9535 0
11305 0
10634 0
6808 0
4572 0
10373 0
256 0
6632 0
11714 0
10645 0
132 0
485 0
124 0
702 0
488 0
521 0
494 0
453 0
483 0
1013 0
497 0
3458 0
1911 0
447 0
286 0
496 0
491 0
3965 0
4841 0
492 0
1256 0
6719 0
4191 0
5039 0
698 0
1072 0
5855 0
7675 0
9482 0
594 0
4190 0
487 0
10177 0
495 0
482 0
10216 0
10465 0
822 0
1213 0
516 0
1098 0
189 0
2386 0
1335 0
2697 0
96 0
1407 0
7642 0
1337 0
3628 0
648 0
2680 0
4358 0
1704 0
2352 0
2839 0
117 0
2841 0
101 0
2353 0
121 0
5647 0
7426 0
7874 0
3880 0
6309 0
2314 0
114 0
7312 0
1575 0
70 0
406 0
3160 0
2206 0
135 0
1230 0
4076 0
6749 0
7386 0
2800 0
7564 0
7565 0
7755 0
232 0
7387 0
7198 0
4393 0
6858 0
8160 0
8044 0
7916 0
9768 0
7921 0
7922 0
7754 0
7756 0
7753 0
7757 0
8118 0
95 0
881 0
950 0
519 0
666 0
951 0
4132 0
1425 0
7300 0
9130 0
1265 0
887 0
1889 0
3017 0
2966 0
3372 0
3631 0
3634 0
1703 0
2964 0
3638 0
3015 0
3011 0
3374 0
1883 0
5669 0
4871 0
3629 0
3013 0
5247 0
3640 0
5068 0
3637 0
3021 0
12161 0
7011 0
4547 0
3635 0
3636 0
7203 0
1275 0
3630 0
7095 0
3632 0
8797 0
8805 0
8739 0
6999 0
5281 0
8822 0
8728 0
8625 0
7010 0
7062 0
3022 0
5282 0
8651 0
8652 0
8743 0
8468 0
5067 0
12182 0
6793 0
4546 0
8495 0
8737 0
5066 0
6196 0
3010 0
4550 0
8821 0
665 0
4551 0
4548 0
9056 0
8941 0
3018 0
1708 0
3633 0
8738 0
12427 0
12426 0
8877 0
11188 0
12502 0
12501 0
12500 0
3020 0
8385 0
8176 0
9606 0
8872 0
8871 0
8879 0
11189 0
3027 0
3016 0
6993 0
7009 0
7248 0
8799 0
8798 0
8909 0
8908 0
8907 0
8906 0
8594 0
8593 0
7247 0
8796 0
8592 0
8905 0
8940 0
433 0
703 0
2749 0
3071 0
432 0
8497 0
2757 0
72 0
1561 0
79 0
1569 0
1558 0
1555 0
1567 0
3654 0
3645 0
932 0
86 0
4279 0
1563 0
971 0
4628 0
3578 0
4236 0
771 0
4627 0
1566 0
1556 0
6758 0
523 0
1562 0
1559 0
1870 0
8008 0
1557 0
2582 0
1560 0
4500 0
6449 0
1565 0
4531 0
9650 0
6784 0
2186 0
11767 0
6448 0
4227 0
11766 0
4535 0
6766 0
7743 0
4229 0
6767 0
4534 0
4532 0
7748 0
7747 0
7744 0
7742 0
7740 0
7917 0
7914 0
141 0
36 0
57 0
2811 0
2806 0
1045 0
3498 0
9414 0
9415 0
9416 0
3486 0
962 0
3490 0
4519 0
162 0
3079 0
45 0
4873 0
712 0
6478 0
311 0
4807 0
6343 0
6633 0
4592 0
6555 0
7424 0
1305 0
6554 0
56 0
6556 0
7678 0
7639 0
6551 0
5751 0
6549 0
873 0
66 0
4404 0
720 0
310 0
7240 0
7784 0
7483 0
6552 0
6553 0
7886 0
318 0
7485 0
6550 0
7556 0
7786 0
7379 0
7785 0
7783 0
7787 0
7638 0
7315 0
313 0
7935 0
7378 0
7555 0
7313 0
6739 0
7859 0
7923 0
6548 0
6547 0
7484 0
7788 0
7869 0
7870 0
7871 0
7872 0
7873 0
6545 0
7393 0
7392 0
7391 0
317 0
312 0
7486 0
307 0
8261 0
7390 0
7482 0
7637 0
4929 0
420 0
3567 0
6412 0
3568 0
6569 0
6416 0
6411 0
6360 0
6499 0
931 0
3646 0
422 0
503 0
6415 0
505 0
3649 0
7433 0
3619 0
6515 0
7559 0
7469 0
6409 0
5625 0
7803 0
3652 0
7471 0
6414 0
7487 0
6361 0
7490 0
7804 0
6413 0
8007 0
7822 0
7821 0
506 0
3651 0
8258 0
3032 0
7674 0
7952 0
7990 0
7749 0
7751 0
3647 0
3648 0
7539 0
7673 0
7466 0
7991 0
7989 0
7750 0
7752 0
7491 0
7489 0
9134 0
6829 0
6830 0
7558 0
7537 0
7534 0
2277 0
7533 0
6073 0
6777 0
8006 0
6408 0
515 0
90 0
6370 0
944 0
6371 0
2419 0
6373 0
4168 0
7544 0
6369 0
28 0
7167 0
7622 0
6372 0
7549 0
2890 0
4790 0
4270 0
7547 0
6875 0
8088 0
7543 0
6631 0
6682 0
4174 0
7615 0
949 0
7633 0
7621 0
946 0
7617 0
7546 0
7231 0
6368 0
6879 0
8026 0
7251 0
6880 0
6819 0
4271 0
7614 0
7619 0
6629 0
7229 0
7233 0
7634 0
8027 0
6745 0
7616 0
6874 0
8174 0
8030 0
8031 0
7168 0
2228 0
7994 0
8040 0
8039 0
8038 0
8037 0
7924 0
8097 0
8096 0
8098 0
8099 0
8100 0
6872 0
8173 0
8175 0
7542 0
7548 0
7632 0
6876 0
6877 0
6878 0
7612 0
8028 0
8029 0
7169 0
7230 0
7228 0
10218 0
10219 0
11395 0
7610 0
7227 0
10217 0
7166 0
8025 0
2051 0
528 0
3968 0
2700 0
2702 0
775 0
4985 0
3159 0
4428 0
2701 0
9344 0
6405 0
3897 0
3698 0
2193 0
615 0
3156 0
2704 0
2195 0
6345 0
776 0
2713 0
2709 0
8307 0
2707 0
2705 0
2459 0
3154 0
3538 0
2706 0
1251 0
3157 0
577 0
3700 0
7685 0
6347 0
6785 0
6341 0
6346 0
3833 0
6363 0
3844 0
3836 0
7644 0
2625 0
1235 0
6571 0
6406 0
6407 0
4430 0
4431 0
5726 0
4374 0
6364 0
2708 0
4459 0
6787 0
6687 0
6404 0
2567 0
6229 0
6366 0
2718 0
7646 0
7933 0
4181 0
3155 0
6689 0
1244 0
4429 0
5727 0
12046 0
12047 0
2454 0
1249 0
6367 0
10439 0
10440 0
10441 0
10442 0
12045 0
7944 0
7943 0
7946 0
6362 0
6786 0
6782 0
6781 0
7942 0
6780 0
6779 0
2717 0
2715 0
2710 0
2703 0
5810 0
7652 0
7651 0
7650 0
7648 0
7647 0
7941 0
10438 0
7643 0
12548 0
6778 0
2699 0
414 0
418 0
73 0
413 0
81 0
416 0
1693 0
3030 0
410 0
1494 0
419 0
1826 0
5673 0
3031 0
421 0
1491 0
8159 0
7829 0
5076 0
343 0
415 0
238 0
407 0
8465 0
7467 0
408 0
2291 0
417 0
7468 0
4065 0
9818 0
5514 0
9720 0
411 0
231 0
2164 0
342 0
3226 0
8323 0
3882 0
1821 0
3565 0
3563 0
11468 0
3033 0
9788 0
9789 0
9790 0
9791 0
3881 0
2162 0
1827 0
1828 0
9299 0
9300 0
9301 0
9399 0
9298 0
9398 0
9395 0
9396 0
9397 0
12042 0
8693 0
8692 0
8691 0
9394 0
9124 0
8690 0
405 0
11392 0
3029 0
12041 0
6659 0
197 0
192 0
361 0
1210 0
194 0
362 0
196 0
2698 0
764 0
353 0
476 0
2694 0
4408 0
478 0
4407 0
2681 0
1205 0
4410 0
1206 0
2995 0
1211 0
3779 0
358 0
354 0
3087 0
3308 0
4409 0
3509 0
3085 0
3177 0
3573 0
6678 0
6677 0
6679 0
474 0
479 0
481 0
1209 0
347 0
3572 0
344 0
9096 0
9097 0
9098 0
6009 0
3086 0
1212 0
4625 0
2696 0
2693 0
2692 0
4028 0
4027 0
6006 0
6008 0
351 0
7171 0
8848 0
174 0
185 0
1876 0
38 0
3500 0
1431 0
176 0
1914 0
1669 0
2502 0
1912 0
4447 0
4446 0
4445 0
247 0
3494 0
2500 0
4384 0
4385 0
2501 0
2503 0
2504 0
2506 0
2507 0
4504 0
1171 0
1169 0
1172 0
1225 0
1227 0
4689 0
237 0
1176 0
1170 0
1175 0
1177 0
1173 0
6843 0
1224 0
4004 0
1174 0
1179 0
1178 0
5048 0
5047 0
1168 0
3393 0
1222 0
4003 0
7810 0
7811 0
6844 0
6839 0
87 0
830 0
62 0
5104 0
585 0
6701 0
5721 0
7446 0
7444 0
5630 0
6796 0
3044 0
8252 0
8157 0
6623 0
8178 0
5638 0
10525 0
6636 0
4576 0
8177 0
10498 0
10500 0
10520 0
10472 0
10494 0
10526 0
10527 0
10530 0
7984 0
10598 0
6789 0
10886 0
10892 0
6231 0
9881 0
7443 0
9172 0
6788 0
10916 0
10898 0
10899 0
10901 0
10918 0
10902 0
10903 0
10904 0
10905 0
10906 0
10917 0
10910 0
10907 0
10908 0
10909 0
10915 0
10914 0
10913 0
10885 0
10912 0
10911 0
10896 0
10897 0
10882 0
10883 0
10884 0
10887 0
10888 0
10890 0
10891 0
10893 0
10895 0
10889 0
8257 0
8253 0
7649 0
11439 0
963 0
4607 0
5401 0
5464 0
5722 0
11394 0
11393 0
11389 0
11387 0
11386 0
11383 0
6348 0
6469 0
6698 0
6699 0
7133 0
8000 0
9920 0
10333 0
10471 0
149 0
1799 0
2135 0
147 0
3918 0
4470 0
1745 0
4015 0
4017 0
4020 0
146 0
53 0
888 0
2941 0
3905 0
2803 0
4411 0
1254 0
664 0
5023 0
3359 0
3360 0
9417 0
4857 0
2515 0
7867 0
930 0
6495 0
6493 0
7663 0
6491 0
7904 0
6494 0
7902 0
7768 0
7903 0
7905 0
7906 0
6334 0
6332 0
7411 0
7412 0
7413 0
7380 0
7409 0
6335 0
10186 0
10185 0
6177 0
7662 0
928 0
6501 0
7776 0
8260 0
8259 0
9439 0
7775 0
7765 0
9440 0
7410 0
7925 0
7773 0
6871 0
6496 0
6497 0
1300 0
7376 0
7404 0
7405 0
7406 0
7407 0
7408 0
6490 0
5195 0
8212 0
8209 0
8213 0
8210 0
8211 0
8214 0
8216 0
7849 0
7671 0
7672 0
7670 0
7848 0
8145 0
8146 0
8147 0
8148 0
8149 0
8150 0
8151 0
8152 0
8153 0
7877 0
6328 0
6325 0
6323 0
9793 0
9794 0
6324 0
7375 0
11971 0
11970 0
9326 0
10074 0
10112 0
10113 0
10114 0
10115 0
10116 0
10118 0
10119 0
10120 0
11574 0
11588 0
11582 0
11583 0
11584 0
11585 0
11586 0
11587 0
11589 0
11590 0
11591 0
11581 0
6330 0
6503 0
6331 0
7664 0
7545 0
7660 0
7769 0
7766 0
7767 0
7770 0
7771 0
7772 0
7764 0
7659 0
7661 0
7665 0
7774 0
6333 0
7377 0
7732 0
6326 0
6498 0
6365 0
10487 0
7731 0
7733 0
7729 0
1031 0
1440 0
1030 0
1038 0
1398 0
1761 0
1414 0
2365 0
1764 0
2329 0
1037 0
4865 0
308 0
4683 0
3392 0
4690 0
5936 0
4688 0
3420 0
4687 0
3717 0
4833 0
1763 0
6464 0
6474 0
7442 0
6743 0
4834 0
2366 0
6600 0
2363 0
6760 0
9523 0
6761 0
11108 0
11107 0
8171 0
10291 0
8391 0
6599 0
11106 0
8390 0
8161 0
8170 0
10290 0
1855 0
3520 0
1333 0
925 0
886 0
654 0
880 0
2940 0
3895 0
5174 0
5470 0
3348 0
5278 0
4013 0
4760 0
138 0
4848 0
5374 0
5375 0
889 0
5376 0
1954 0
2810 0
2378 0
6509 0
4684 0
6937 0
3012 0
961 0
2377 0
3885 0
8764 0
5458 0
5457 0
5456 0
8405 0
5856 0
7013 0
12245 0
5169 0
8505 0
8529 0
4648 0
8255 0
5459 0
5705 0
3381 0
12247 0
12246 0
12244 0
12243 0
12242 0
8490 0
8256 0
9829 0
6168 0
8507 0
8508 0
5460 0
12423 0
12424 0
12425 0
9830 0
9835 0
9826 0
9827 0
9828 0
9831 0
9834 0
9833 0
9832 0
9825 0
5377 0
5379 0
8617 0
11227 0
11226 0
11225 0
8616 0
8766 0
6792 0
9011 0
877 0
2315 0
2316 0
490 0
2695 0
651 0
1970 0
534 0
2144 0
2139 0
1648 0
2140 0
2318 0
5973 0
699 0
4571 0
2319 0
493 0
5696 0
365 0
2312 0
4387 0
2317 0
878 0
2142 0
10714 0
5329 0
6013 0
876 0
6144 0
2143 0
10955 0
2311 0
2141 0
12237 0
12238 0
12239 0
5327 0
5330 0
2313 0
9630 0
879 0
7907 0
7908 0
7909 0
7910 0
5585 0
10397 0
10396 0
10978 0
6011 0
10979 0
10980 0
10981 0
6010 0
9511 0
5443 0
9859 0
8854 0
7761 0
11580 0
7760 0
7759 0
2138 0
11579 0
7758 0
10437 0
9858 0
9510 0
14 0
4051 0
1092 0
1096 0
4221 0
883 0
1095 0
518 0
1077 0
5600 0
884 0
4048 0
450 0
4046 0
4047 0
1090 0
1442 0
1097 0
6823 0
5902 0
650 0
9184 0
9182 0
9183 0
9185 0
4050 0
653 0
5357 0
6150 0
6151 0
6149 0
7059 0
25 0
3466 0
4866 0
3316 0
2412 0
945 0
5107 0
3643 0
3391 0
4685 0
1127 0
3390 0
1009 0
6281 0
7492 0
9103 0
3319 0
5106 0
3690 0
1302 0
157 0
4405 0
3083 0
718 0
7809 0
1297 0
1303 0
5390 0
3084 0
1554 0
8047 0
933 0
1307 0
6513 0
7538 0
8297 0
2809 0
1306 0
1308 0
7536 0
8048 0
1298 0
9406 0
10925 0
10924 0
8125 0
1309 0
7865 0
1304 0
1299 0
7866 0
7863 0
11092 0
7981 0
7861 0
8124 0
7864 0
11192 0
11143 0
10923 0
11088 0
11091 0
10926 0
9345 0
9611 0
8296 0
11191 0
7862 0
11194 0
11193 0
11087 0
11085 0
11089 0
11090 0
11086 0
10928 0
10927 0
10922 0
11145 0
11322 0
11142 0
11141 0
11737 0
11321 0
11140 0
11736 0
11831 0
10921 0
144 0
5940 0
8457 0
7014 0
8399 0
61 0
1490 0
1488 0
1489 0
145 0
430 0
133 0
2618 0
4867 0
8036 0
1444 0
1255 0
2066 0
2513 0
911 0
2067 0
584 0
620 0
4259 0
4321 0
2069 0
3382 0
1247 0
5378 0
9276 0
9277 0
4649 0
2068 0
7051 0
7356 0
4783 0
5682 0
1544 0
8558 0
2063 0
6925 0
6926 0
6924 0
5097 0
6941 0
5096 0
4035 0
9668 0
9787 0
10380 0
1390 0
563 0
1969 0
2836 0
5317 0
3105 0
5249 0
4141 0
6053 0
564 0
9590 0
5981 0
811 0
923 0
6068 0
326 0
1790 0
323 0
10986 0
3106 0
324 0
4525 0
3104 0
7286 0
11270 0
9934 0
4527 0
4529 0
565 0
3770 0
11369 0
11286 0
8757 0
10985 0
11956 0
11957 0
11958 0
11959 0
11955 0
3103 0
322 0
321 0
11368 0
11367 0
11366 0
11365 0
11364 0
12318 0
9784 0
3102 0
319 0
11363 0
2840 0
2843 0
2844 0
2842 0
2514 0
5455 0
3921 0
9487 0
4224 0
4861 0
5794 0
4863 0
37 0
6059 0
1392 0
1399 0
1437 0
6691 0
1430 0
1419 0
6735 0
2301 0
10894 0
1433 0
1424 0
1420 0
1417 0
1409 0
7277 0
7065 0
6675 0
12510 0
12509 0
12508 0
12506 0
12505 0
12504 0
12503 0
12507 0
6027 0
8332 0
8334 0
1408 0
8061 0
8060 0
8059 0
8056 0
8055 0
8054 0
8053 0
8052 0
8051 0
8050 0
6026 0
8049 0
6025 0
2542 0
2614 0
2293 0
2289 0
3066 0
1976 0
6136 0
7930 0
7929 0
5725 0
7928 0
7931 0
2287 0
7965 0
7966 0
7967 0
7968 0
7970 0
7971 0
7972 0
7973 0
7975 0
7977 0
7978 0
7979 0
7980 0
7982 0
7983 0
7985 0
7986 0
7987 0
5544 0
5545 0
5546 0
5527 0
5531 0
5528 0
5523 0
5533 0
5526 0
5530 0
5529 0
8081 0
3069 0
3068 0
5626 0
3067 0
4666 0
7974 0
9903 0
464 0
3322 0
5532 0
7969 0
6436 0
3320 0
5525 0
5628 0
5624 0
5627 0
5622 0
3317 0
5724 0
7225 0
7976 0
5548 0
7988 0
7265 0
7264 0
7226 0
7224 0
517 0
1025 0
2895 0
624 0
7462 0
6826 0
1079 0
1023 0
6690 0
6827 0
3158 0
6825 0
4840 0
9776 0
6392 0
4130 0
4131 0
8357 0
8080 0
8079 0
6388 0
10040 0
8076 0
10025 0
10026 0
10028 0
10029 0
11699 0
11710 0
11709 0
11708 0
11707 0
11706 0
11705 0
11704 0
11703 0
11702 0
11701 0
11700 0
6387 0
6389 0
6390 0
6391 0
8077 0
8074 0
6386 0
484 0
3304 0
7326 0
7105 0
2090 0
3518 0
7331 0
7353 0
7336 0
7363 0
6510 0
1024 0
10030 0
10016 0
7347 0
7341 0
7362 0
288 0
10027 0
10089 0
7321 0
11258 0
5556 0
7351 0
7322 0
7325 0
7349 0
7350 0
10836 0
6511 0
7327 0
7348 0
10011 0
7359 0
10021 0
7323 0
7355 0
12541 0
6508 0
12536 0
12537 0
12538 0
12539 0
12544 0
12543 0
12542 0
12540 0
9235 0
6512 0
3303 0
3302 0
10204 0
7330 0
7328 0
7329 0
7332 0
7360 0
7358 0
7357 0
7352 0
7333 0
7334 0
7335 0
7337 0
7339 0
7342 0
7344 0
7345 0
7354 0
10052 0
10017 0
10019 0
10020 0
10022 0
10023 0
7320 0
10014 0
701 0
4786 0
1700 0
4624 0
5449 0
918 0
1707 0
6970 0
4779 0
6972 0
4785 0
4549 0
8458 0
8506 0
1701 0
8599 0
8509 0
589 0
1705 0
8638 0
6971 0
8434 0
5775 0
8510 0
8774 0
8432 0
8511 0
4777 0
8431 0
8773 0
8924 0
6967 0
4782 0
4105 0
8503 0
7104 0
6966 0
8513 0
8514 0
8925 0
8923 0
8772 0
8435 0
8433 0
11539 0
8618 0
8557 0
1250 0
4784 0
4781 0
4780 0
8641 0
8640 0
8639 0
9037 0
9039 0
9041 0
9042 0
8637 0
9323 0
1706 0
6965 0
9036 0
9322 0
8614 0
1699 0
49 0
2183 0
1860 0
275 0
3080 0
48 0
1257 0
42 0
5355 0
4373 0
9884 0
4457 0
4372 0
9429 0
9428 0
1798 0
126 0
1400 0
1800 0
1802 0
1122 0
1803 0
885 0
1804 0
1873 0
1874 0
1805 0
578 0
1015 0
2965 0
3028 0
1685 0
580 0
3696 0
287 0
284 0
5262 0
3336 0
7611 0
781 0
783 0
5328 0
4256 0
3339 0
782 0
8233 0
784 0
6608 0
10015 0
1005 0
6610 0
10121 0
6609 0
10050 0
3969 0
3967 0
4593 0
4589 0
6638 0
6639 0
6640 0
6641 0
6642 0
3962 0
513 0
508 0
1496 0
1492 0
1499 0
11398 0
309 0
511 0
11064 0
11065 0
11066 0
11067 0
11068 0
11069 0
8996 0
8997 0
8998 0
8999 0
9000 0
9001 0
9002 0
8994 0
315 0
1498 0
5158 0
5154 0
1497 0
4591 0
3970 0
4588 0
5672 0
509 0
512 0
501 0
502 0
504 0
500 0
4594 0
5164 0
5671 0
4209 0
1513 0
3964 0
5162 0
5157 0
5160 0
5161 0
5150 0
510 0
6637 0
4263 0
5675 0
11070 0
6602 0
7221 0
1389 0
1415 0
2043 0
128 0
2465 0
5108 0
3483 0
4581 0
3482 0
4609 0
5515 0
4578 0
4580 0
4582 0
4583 0
4584 0
68 0
1054 0
77 0
1051 0
3082 0
606 0
1890 0
3073 0
3699 0
3966 0
6818 0
6337 0
5717 0
188 0
7397 0
6351 0
6822 0
26 0
7268 0
8201 0
4868 0
7396 0
7398 0
198 0
10230 0
8202 0
6165 0
6164 0
11378 0
11379 0
11380 0
11381 0
11377 0
11376 0
11496 0
7267 0
6336 0
11375 0
245 0
3606 0
2505 0
1920 0
1248 0
2309 0
2310 0
4045 0
5816 0
9898 0
6359 0
3457 0
3019 0
6319 0
4478 0
7421 0
2936 0
8115 0
4872 0
8180 0
8181 0
6422 0
7419 0
7420 0
7422 0
7425 0
9739 0
64 0
423 0
30 0
426 0
1977 0
1984 0
3622 0
431 0
424 0
428 0
429 0
9407 0
427 0
10410 0
2885 0
4018 0
2886 0
2883 0
1403 0
2884 0
1406 0
6987 0
3496 0
83 0
82 0
2665 0
2878 0
2664 0
3940 0
2666 0
2548 0
9021 0
9014 0
11573 0
1201 0
2553 0
2561 0
2562 0
2563 0
2564 0
2560 0
2559 0
2558 0
2557 0
2556 0
2555 0
1187 0
3347 0
2204 0
3343 0
2202 0
2203 0
3812 0
623 0
634 0
2201 0
8570 0
2200 0
2205 0
4400 0
3809 0
7175 0
4401 0
7173 0
4029 0
5260 0
136 0
3345 0
7177 0
7178 0
7180 0
2208 0
10134 0
3806 0
3807 0
3808 0
3811 0
3813 0
5261 0
6394 0
7174 0
7172 0
609 0
229 0
267 0
6228 0
610 0
611 0
4552 0
604 0
6227 0
7579 0
9435 0
9434 0
9771 0
10484 0
8995 0
6383 0
8271 0
11021 0
11879 0
6384 0
6382 0
9775 0
9770 0
9772 0
9773 0
9774 0
11435 0
7222 0
9769 0
4477 0
5843 0
1429 0
6354 0
8333 0
1395 0
1401 0
8336 0
1919 0
6435 0
1921 0
6342 0
591 0
3081 0
3413 0
4874 0
3901 0
6630 0
6514 0
6628 0
4877 0
4878 0
9806 0
9807 0
9808 0
9809 0
9740 0
9741 0
3414 0
3412 0
4755 0
6470 0
6410 0
5629 0
6702 0
6703 0
7373 0
9303 0
9341 0
9342 0
9343 0
9304 0
8185 0
8186 0
8187 0
6704 0
6700 0
5577 0
7800 0
7495 0
7423 0
5524 0
10332 0
345 0
359 0
3919 0
5618 0
4494 0
2689 0
5336 0
2145 0
1181 0
6028 0
10400 0
9133 0
5901 0
4837 0
10398 0
5695 0
5903 0
6033 0
10401 0
9132 0
9131 0
10343 0
10344 0
10345 0
10346 0
10347 0
10402 0
5335 0
5617 0
10342 0
8381 0
5341 0
1535 0
8398 0
8402 0
8401 0
8501 0
8400 0
8744 0
8407 0
8470 0
8467 0
8403 0
8471 0
8533 0
8624 0
8626 0
8408 0
8410 0
8500 0
8968 0
8969 0
8970 0
8971 0
8502 0
5344 0
8493 0
8494 0
3026 0
5760 0
3846 0
8779 0
3025 0
7262 0
7259 0
8580 0
7260 0
8581 0
8579 0
7236 0
7261 0
7263 0
1537 0
8469 0
5666 0
5761 0
5762 0
507 0
279 0
866 0
869 0
860 0
6525 0
6527 0
6529 0
6530 0
862 0
863 0
865 0
874 0
858 0
1432 0
867 0
875 0
859 0
5710 0
6528 0
7276 0
6526 0
864 0
868 0
870 0
6674 0
6673 0
1702 0
4475 0
6344 0
7926 0
261 0
8341 0
6973 0
8477 0
8382 0
1439 0
8427 0
8380 0
8845 0
8801 0
7016 0
8338 0
8695 0
8682 0
8383 0
8928 0
8681 0
8851 0
8379 0
8411 0
8882 0
8876 0
8852 0
8888 0
8904 0
8903 0
8902 0
8901 0
8900 0
8899 0
8898 0
8897 0
8896 0
8894 0
8893 0
8892 0
8891 0
8890 0
8889 0
8884 0
8883 0
8802 0
8339 0
8340 0
8800 0
8337 0
4495 0
1801 0
4712 0
8413 0
3958 0
5024 0
3373 0
5018 0
4710 0
4711 0
4713 0
5020 0
5022 0
5017 0
5019 0
5021 0
1857 0
2422 0
891 0
5753 0
4590 0
2898 0
5034 0
2889 0
1354 0
8397 0
10137 0
5595 0
10164 0
8394 0
8396 0
6241 0
8393 0
8395 0
5752 0
7453 0
7381 0
3644 0
392 0
383 0
3798 0
2952 0
4016 0
3805 0
4049 0
3799 0
4663 0
3800 0
3801 0
3524 0
3977 0
3802 0
3804 0
4161 0
4162 0
9497 0
9813 0
3803 0
6103 0
3976 0
6104 0
9498 0
203 0
4479 0
6873 0
7897 0
6063 0
4474 0
6791 0
9767 0
8310 0
8272 0
4481 0
8242 0
8243 0
10501 0
10502 0
10488 0
10503 0
10505 0
10507 0
10510 0
10512 0
10513 0
10514 0
10515 0
10517 0
10518 0
10519 0
10521 0
10522 0
10523 0
10524 0
10528 0
10531 0
10533 0
10496 0
7896 0
10474 0
10475 0
10476 0
10477 0
10478 0
10479 0
10481 0
10482 0
10483 0
10485 0
10486 0
10489 0
10490 0
10491 0
10495 0
10499 0
6062 0
6790 0
10075 0
1994 0
526 0
1416 0
1993 0
1995 0
1996 0
1997 0
486 0
3333 0
2808 0
3077 0
7996 0
9369 0
5604 0
6930 0
9370 0
9330 0
5398 0
2807 0
10303 0
76 0
67 0
85 0
3179 0
4388 0
80 0
75 0
78 0
11195 0
5684 0
9584 0
11196 0
12043 0
12044 0
12125 0
5683 0
12124 0
248 0
254 0
246 0
250 0
253 0
255 0
251 0
252 0
3715 0
3722 0
3716 0
3718 0
3719 0
3720 0
3721 0
3725 0
3726 0
3727 0
11782 0
11783 0
11784 0
11781 0
11841 0
11836 0
11837 0
11838 0
11839 0
11840 0
11842 0
11843 0
11844 0
11845 0
11835 0
11572 0
11571 0
272 0
1035 0
1032 0
1033 0
1027 0
4335 0
4337 0
4338 0
5934 0
1029 0
1039 0
1036 0
647 0
1034 0
7096 0
9948 0
9949 0
9950 0
9947 0
11567 0
11747 0
643 0
8441 0
8472 0
6338 0
8623 0
1411 0
5246 0
661 0
3954 0
4210 0
8984 0
8680 0
8697 0
7318 0
5242 0
6238 0
5442 0
8983 0
8985 0
8698 0
218 0
7780 0
1847 0
1118 0
212 0
4905 0
7777 0
4473 0
5709 0
7215 0
10171 0
7927 0
7781 0
7782 0
8215 0
8642 0
11605 0
209 0
208 0
7779 0
7778 0
11433 0
11434 0
11432 0
11602 0
11603 0
11604 0
11606 0
11607 0
11608 0
1846 0
4201 0
4202 0
4203 0
8512 0
3487 0
1746 0
7060 0
8377 0
4019 0
8378 0
8647 0
1751 0
1126 0
1743 0
2087 0
3662 0
1747 0
1233 0
2088 0
1749 0
1748 0
1750 0
3663 0
2089 0
2093 0
642 0
636 0
3906 0
7402 0
7461 0
4745 0
6563 0
10018 0
626 0
10178 0
10084 0
10082 0
10081 0
7176 0
7179 0
6393 0
7464 0
7463 0
10080 0
10086 0
10085 0
10083 0
10079 0
10144 0
10153 0
10154 0
10155 0
10157 0
10158 0
10159 0
1410 0
425 0
5711 0
1495 0
4595 0
2091 0
1413 0
2651 0
5663 0
4449 0
4044 0
2801 0
4709 0
5294 0
4043 0
9337 0
9905 0
8827 0
7887 0
7888 0
9904 0
10989 0
10988 0
10142 0
9544 0
10987 0
576 0
4476 0
4632 0
8550 0
7257 0
8409 0
8646 0
8645 0
2652 0
1116 0
1119 0
2092 0
4850 0
1115 0
7216 0
4849 0
2687 0
1117 0
6693 0
4851 0
4708 0
1123 0
9824 0
1114 0
1124 0
1120 0
6692 0
6694 0
47 0
1564 0
54 0
6744 0
6420 0
7532 0
7604 0
6663 0
7818 0
7820 0
6672 0
6661 0
6664 0
6665 0
6666 0
6669 0
6670 0
6671 0
6662 0
6660 0
5159 0
7554 0
6465 0
7550 0
7551 0
7552 0
7553 0
5156 0
4835 0
7582 0
7577 0
7580 0
7581 0
8024 0
4354 0
5153 0
5152 0
6466 0
7819 0
7578 0
7535 0
5155 0
6561 0
6667 0
6668 0
6463 0
6462 0
2248 0
530 0
2270 0
5035 0
3553 0
2254 0
5040 0
5038 0
3569 0
5036 0
5037 0
3571 0
294 0
18 0
3552 0
22 0
19 0
20 0
13 0
16 0
23 0
17 0
21 0
2763 0
7447 0
7470 0
7454 0
7445 0
7457 0
7403 0
7456 0
7455 0
1697 0
7452 0
8133 0
8237 0
8238 0
8236 0
1020 0
1012 0
3456 0
1040 0
1041 0
1043 0
1044 0
3460 0
3462 0
1026 0
1018 0
10044 0
10045 0
10046 0
10047 0
10048 0
10049 0
7620 0
1007 0
4282 0
4284 0
4285 0
4286 0
4289 0
4280 0
1022 0
1016 0
1042 0
6052 0
1019 0
2647 0
4288 0
1006 0
1004 0
10452 0
1712 0
2198 0
1871 0
1868 0
1863 0
1865 0
9968 0
2199 0
1869 0
1861 0
1867 0
2194 0
7509 0
4461 0
1859 0
2197 0
11313 0
11314 0
11315 0
11316 0
1866 0
4456 0
4458 0
4460 0
4455 0
9170 0
7531 0
4875 0
6423 0
6434 0
6684 0
7557 0
6441 0
6681 0
6683 0
7911 0
7912 0
7913 0
6680 0
8004 0
8005 0
8002 0
7530 0
273 0
276 0
65 0
59 0
281 0
274 0
282 0
280 0
278 0
9620 0
9619 0
277 0
271 0
3810 0
8685 0
11922 0
11923 0
11924 0
11925 0
11926 0
11927 0
11928 0
11929 0
11930 0
11931 0
11932 0
11933 0
11934 0
11935 0
11936 0
11937 0
11938 0
11939 0
11940 0
11941 0
11942 0
11943 0
11944 0
11945 0
11946 0
11947 0
11948 0
11949 0
11950 0
11951 0
11952 0
11953 0
11954 0
3225 0
9583 0
9582 0
9575 0
9578 0
9579 0
9580 0
9581 0
9585 0
9574 0
779 0
772 0
3168 0
8311 0
6622 0
7945 0
9576 0
9577 0
770 0
6419 0
285 0
10042 0
10043 0
4255 0
4730 0
289 0
10146 0
10053 0
5557 0
10205 0
10166 0
283 0
8596 0
10123 0
11071 0
11251 0
11267 0
11266 0
11265 0
11264 0
11263 0
11262 0
11261 0
11260 0
11259 0
11257 0
11256 0
11254 0
10122 0
10165 0
11243 0
11244 0
11245 0
11246 0
11247 0
11248 0
11249 0
11252 0
11253 0
11255 0
10041 0
10051 0
10039 0
8595 0
216 0
3550 0
579 0
6340 0
5591 0
4864 0
5590 0
4839 0
5594 0
7183 0
5723 0
5596 0
7242 0
7243 0
5593 0
5597 0
4268 0
2873 0
2259 0
2880 0
2246 0
2875 0
2881 0
2876 0
2257 0
2258 0
2877 0
8454 0
3465 0
8453 0
8531 0
8532 0
8538 0
8539 0
8523 0
10458 0
8527 0
8530 0
8534 0
8536 0
10457 0
1538 0
1539 0
1532 0
5947 0
1534 0
1536 0
8526 0
5340 0
5339 0
9925 0
9926 0
9924 0
8463 0
5342 0
8540 0
5346 0
1533 0
7687 0
8524 0
8525 0
6775 0
8535 0
8537 0
4023 0
10920 0
10919 0
3484 0
1183 0
6163 0
3485 0
3488 0
3491 0
5703 0
9877 0
3489 0
9876 0
5961 0
6034 0
882 0
6169 0
10156 0
5648 0
3389 0
8926 0
8566 0
9883 0
8567 0
12197 0
12196 0
12195 0
8569 0
8568 0
10360 0
10359 0
8112 0
8117 0
8110 0
8111 0
8114 0
11906 0
11905 0
11904 0
11903 0
11902 0
11901 0
11900 0
11899 0
11898 0
11897 0
11896 0
11895 0
11894 0
11893 0
11892 0
11891 0
11890 0
11889 0
11888 0
11887 0
11886 0
11885 0
10070 0
7853 0
7851 0
7852 0
7854 0
7855 0
7858 0
7850 0
6546 0
6685 0
7860 0
8116 0
10506 0
7856 0
7857 0
2420 0
316 0
605 0
3691 0
3695 0
3570 0
3694 0
3693 0
3697 0
3692 0
4480 0
780 0
5151 0
5957 0
2054 0
9558 0
9057 0
2538 0
3608 0
601 0
9305 0
9287 0
3564 0
2627 0
2641 0
2631 0
2628 0
9159 0
2637 0
2636 0
4381 0
2626 0
2639 0
9160 0
4378 0
4379 0
4382 0
2640 0
2638 0
2634 0
2633 0
2632 0
2630 0
2629 0
2624 0
9302 0
2623 0
10199 0
10195 0
10194 0
10192 0
10188 0
10203 0
10202 0
10201 0
10200 0
10196 0
10193 0
10191 0
10190 0
10189 0
10187 0
11593 0
11594 0
11595 0
11596 0
11597 0
11598 0
11599 0
11592 0
10006 0
10198 0
4726 0
8078 0
8947 0
10197 0
11250 0
10800 0
10238 0
5910 0
5913 0
2683 0
5911 0
5914 0
786 0
5915 0
5912 0
2682 0
2688 0
2686 0
2685 0
2684 0
8612 0
8613 0
788 0
785 0
8611 0
1650 0
8665 0
8664 0
4913 0
7052 0
4265 0
8792 0
8793 0
8931 0
8932 0
8930 0
8791 0
3642 0
4553 0
635 0
10002 0
10003 0
10143 0
10148 0
10149 0
9998 0
10000 0
637 0
640 0
3342 0
3341 0
7101 0
10221 0
10222 0
10220 0
7098 0
7100 0
9999 0
10145 0
10147 0
10150 0
639 0
10001 0
7099 0
4114 0
4113 0
7813 0
7814 0
9916 0
8707 0
7816 0
11216 0
7812 0
11215 0
11214 0
11213 0
11212 0
11211 0
11210 0
11209 0
11208 0
11207 0
9915 0
5269 0
5272 0
5273 0
5274 0
5275 0
148 0
5271 0
5163 0
5277 0
10843 0
4272 0
10424 0
10423 0
1387 0
1684 0
1231 0
4163 0
4707 0
1943 0
4789 0
4471 0
4164 0
4165 0
4472 0
8929 0
4626 0
6533 0
8128 0
6353 0
6531 0
6532 0
5720 0
7879 0
6352 0
7934 0
7878 0
7880 0
7881 0
6350 0
6828 0
7876 0
3334 0
3335 0
4489 0
4490 0
8544 0
9038 0
11356 0
11355 0
11354 0
11353 0
8548 0
8547 0
8546 0
8545 0
8543 0
8542 0
11352 0
8541 0
1021 0
11179 0
11183 0
11184 0
11186 0
11178 0
11180 0
11181 0
11182 0
11185 0
11857 0
11866 0
11858 0
11859 0
11860 0
11861 0
11862 0
11863 0
11864 0
11865 0
11177 0
11856 0
11855 0
11854 0
11853 0
11852 0
11851 0
11850 0
11849 0
11848 0
11847 0
11846 0
10167 0
10093 0
10456 0
11077 0
11340 0
10455 0
3380 0
109 0
3383 0
3387 0
3386 0
3384 0
3388 0
10998 0
5230 0
11006 0
11005 0
11004 0
11003 0
11002 0
11001 0
10999 0
10997 0
10996 0
10995 0
7825 0
6426 0
7834 0
8156 0
7832 0
7836 0
7730 0
7835 0
7838 0
7837 0
7833 0
7831 0
7830 0
7828 0
7827 0
7826 0
8158 0
8155 0
8218 0
8219 0
8220 0
8217 0
195 0
5759 0
2622 0
2621 0
2539 0
5302 0
5882 0
2060 0
2540 0
2620 0
2056 0
2617 0
9190 0
9191 0
2541 0
5757 0
5758 0
7012 0
8439 0
5343 0
8522 0
8521 0
33 0
2787 0
31 0
5283 0
3522 0
1979 0
6133 0
5569 0
6132 0
6134 0
6131 0
5568 0
1502 0
1825 0
7686 0
9655 0
12121 0
11818 0
12087 0
12088 0
12086 0
6460 0
6459 0
6461 0
8262 0
8263 0
8264 0
8265 0
8266 0
6458 0
6468 0
6467 0
6421 0
6425 0
6427 0
6428 0
6432 0
6442 0
6444 0
6439 0
6431 0
8057 0
6795 0
6424 0
6440 0
1069 0
489 0
7102 0
1075 0
1078 0
1062 0
1080 0
1087 0
1064 0
10124 0
10125 0
1068 0
1074 0
1081 0
6492 0
3523 0
8009 0
8011 0
3554 0
8012 0
2423 0
3551 0
8010 0
9688 0
9689 0
3549 0
587 0
2307 0
5257 0
9692 0
9693 0
5259 0
9617 0
9691 0
11502 0
11351 0
11350 0
11362 0
3002 0
4287 0
1649 0
8075 0
7314 0
861 0
4283 0
1651 0
6560 0
9676 0
9329 0
1647 0
6559 0
1646 0
6558 0
1762 0
4935 0
4518 0
2376 0
2374 0
2375 0
1258 0
8306 0
4257 0
4795 0
4797 0
8769 0
9044 0
4796 0
4798 0
4258 0
8770 0
8771 0
9045 0
9046 0
9047 0
9048 0
9049 0
9050 0
9043 0
3821 0
3825 0
3822 0
3828 0
1446 0
3823 0
3824 0
4507 0
3820 0
3819 0
5932 0
11285 0
947 0
8389 0
3560 0
2771 0
7117 0
8461 0
8459 0
8598 0
8460 0
8464 0
9760 0
8627 0
8628 0
8629 0
8630 0
8631 0
8632 0
5661 0
5668 0
5670 0
8838 0
8839 0
8840 0
8841 0
8842 0
8843 0
8423 0
9147 0
8633 0
7494 0
5667 0
5664 0
5662 0
8844 0
142 0
5373 0
139 0
9860 0
123 0
5941 0
5942 0
134 0
140 0
113 0
5258 0
10509 0
7120 0
9524 0
5894 0
5896 0
9040 0
3208 0
3207 0
5895 0
5893 0
11871 0
11870 0
11800 0
3132 0
663 0
3493 0
1508 0
3131 0
3519 0
662 0
3517 0
660 0
10469 0
10470 0
10215 0
10468 0
11821 0
11819 0
11820 0
11822 0
11823 0
11824 0
11817 0
8963 0
8965 0
8966 0
8967 0
8962 0
8504 0
8713 0
11224 0
11228 0
8753 0
8759 0
8964 0
9975 0
8609 0
8736 0
8761 0
8760 0
8758 0
3562 0
3898 0
7992 0
8194 0
7950 0
8195 0
8196 0
8197 0
8198 0
8199 0
8200 0
1423 0
3710 0
3713 0
3711 0
3712 0
3714 0
3228 0
3558 0
9112 0
6159 0
6160 0
6161 0
6162 0
2182 0
3561 0
3559 0
7042 0
7041 0
3556 0
11429 0
11385 0
11683 0
11684 0
11686 0
11687 0
11689 0
11690 0
11384 0
11682 0
11685 0
11688 0
8301 0
11752 0
7214 0
7218 0
7219 0
7220 0
7213 0
10101 0
10358 0
7217 0
214 0
9181 0
6613 0
6612 0
9352 0
9347 0
9349 0
9350 0
9351 0
9346 0
6620 0
6616 0
6617 0
6619 0
6621 0
6611 0
12061 0
12062 0
12063 0
12060 0
9348 0
6614 0
6618 0
6969 0
3453 0
11722 0
10516 0
8885 0
2302 0
3454 0
3455 0
3452 0
11721 0
11720 0
12468 0
12469 0
12470 0
12471 0
12472 0
12473 0
12474 0
12475 0
12476 0
12477 0
1503 0
8824 0
1900 0
1506 0
9722 0
6245 0
1898 0
1899 0
9721 0
9723 0
9724 0
9725 0
958 0
954 0
12129 0
957 0
5858 0
956 0
5665 0
12128 0
5857 0
5859 0
5860 0
953 0
9136 0
9135 0
8815 0
1373 0
1376 0
1377 0
1378 0
1374 0
1372 0
5251 0
5250 0
1375 0
10382 0
10383 0
10384 0
10381 0
7056 0
7057 0
7055 0
8392 0
4729 0
4727 0
4728 0
4731 0
4733 0
4734 0
4736 0
4738 0
4739 0
4740 0
4741 0
4744 0
4747 0
4752 0
4725 0
1283 0
4742 0
4737 0
4750 0
4754 0
4735 0
4746 0
4748 0
5292 0
4005 0
3555 0
4501 0
9405 0
10454 0
10453 0
5123 0
5110 0
5111 0
5112 0
5114 0
5116 0
5118 0
5120 0
5122 0
5124 0
5125 0
5109 0
5848 0
5849 0
5852 0
5853 0
5854 0
5847 0
5121 0
5117 0
5119 0
5851 0
5850 0
5113 0
7586 0
7589 0
8235 0
7583 0
3014 0
7587 0
7249 0
8794 0
8795 0
8455 0
7584 0
7585 0
7588 0
8456 0
1922 0
9906 0
9907 0
9908 0
9911 0
9912 0
9913 0
9914 0
7697 0
7689 0
7690 0
7691 0
7692 0
7695 0
7696 0
7699 0
7700 0
7688 0
4822 0
7693 0
7698 0
9423 0
2280 0
3843 0
9418 0
9427 0
9420 0
9419 0
9421 0
9424 0
9425 0
9426 0
3842 0
3841 0
3845 0
3840 0
3838 0
3834 0
3832 0
1885 0
1881 0
1882 0
1886 0
8440 0
8474 0
8475 0
8473 0
1887 0
1888 0
7310 0
8476 0
7309 0
7311 0
7308 0
1880 0
15 0
1049 0
1052 0
1048 0
1061 0
1050 0
1055 0
1056 0
1057 0
1058 0
1059 0
6945 0
3910 0
3909 0
3912 0
3913 0
3914 0
3911 0
2065 0
5798 0
1268 0
4222 0
4220 0
4225 0
5453 0
5700 0
5452 0
9902 0
8957 0
8958 0
8959 0
8960 0
8961 0
8956 0
8203 0
8312 0
7116 0
2188 0
4262 0
7118 0
7115 0
7114 0
6128 0
7081 0
10940 0
7746 0
7083 0
10435 0
10944 0
9938 0
10941 0
10943 0
10945 0
10946 0
10947 0
10948 0
7080 0
586 0
9873 0
9872 0
5444 0
6012 0
593 0
5227 0
575 0
10208 0
10207 0
596 0
590 0
581 0
5447 0
5448 0
5446 0
5441 0
3738 0
2064 0
8886 0
9623 0
9622 0
9621 0
9869 0
9868 0
348 0
6322 0
6316 0
6321 0
8113 0
6318 0
6315 0
6317 0
6320 0
1796 0
6069 0
1261 0
1259 0
8466 0
1262 0
6244 0
8486 0
8487 0
6243 0
8485 0
11144 0
11624 0
4579 0
11197 0
6797 0
6727 0
11629 0
11548 0
11625 0
11626 0
11627 0
11628 0
11000 0
11754 0
11755 0
11756 0
11757 0
11758 0
11759 0
11760 0
11761 0
11762 0
11763 0
11753 0
4394 0
4397 0
4356 0
4396 0
4398 0
4395 0
8913 0
8914 0
8915 0
8916 0
8917 0
8910 0
8911 0
6757 0
5939 0
8912 0
4267 0
4903 0
6737 0
6725 0
6729 0
6724 0
6730 0
6720 0
6733 0
6742 0
6741 0
6740 0
6738 0
6736 0
6734 0
6731 0
6726 0
6723 0
6722 0
6721 0
10329 0
10328 0
5263 0
8724 0
8574 0
5772 0
8388 0
9026 0
8725 0
8722 0
5234 0
9979 0
592 0
10758 0
11218 0
9978 0
10820 0
11217 0
11219 0
11220 0
3023 0
527 0
525 0
522 0
1829 0
520 0
5345 0
524 0
8620 0
8621 0
8622 0
8619 0
499 0
4749 0
10056 0
10057 0
10059 0
10060 0
10054 0
9608 0
10055 0
10061 0
2797 0
4001 0
5196 0
3344 0
2791 0
5197 0
5198 0
5199 0
2792 0
2795 0
2796 0
1331 0
6645 0
6644 0
7234 0
6646 0
7281 0
7274 0
7235 0
7279 0
7282 0
6643 0
7278 0
6576 0
6573 0
6574 0
6575 0
6562 0
6568 0
6572 0
6567 0
6570 0
6565 0
4170 0
6564 0
6566 0
7956 0
6430 0
6358 0
7915 0
7715 0
7960 0
7959 0
7958 0
7957 0
7955 0
7954 0
7953 0
7951 0
7949 0
7948 0
7714 0
7713 0
7712 0
84 0
5362 0
4817 0
5563 0
5978 0
5980 0
11382 0
11777 0
11778 0
11779 0
11780 0
11776 0
2334 0
8361 0
8362 0
2512 0
1959 0
2511 0
8363 0
8364 0
2509 0
2510 0
2508 0
5877 0
710 0
717 0
715 0
714 0
716 0
719 0
709 0
713 0
3231 0
7885 0
3227 0
3229 0
3224 0
2298 0
8478 0
8430 0
8479 0
8582 0
8583 0
8584 0
8585 0
314 0
7572 0
7573 0
7571 0
6167 0
7574 0
7570 0
5360 0
5102 0
5361 0
11234 0
11235 0
11236 0
11237 0
5358 0
10296 0
10297 0
10295 0
11233 0
8349 0
8346 0
8938 0
8939 0
8554 0
8345 0
8347 0
8348 0
8344 0
8749 0
8748 0
122 0
5534 0
6071 0
8577 0
7162 0
1196 0
11390 0
11391 0
7159 0
7161 0
7158 0
4587 0
6728 0
4803 0
7238 0
7239 0
7241 0
7237 0
872 0
50 0
5115 0
10656 0
10679 0
11646 0
11960 0
11961 0
11962 0
11963 0
11964 0
11965 0
11966 0
11967 0
11968 0
11969 0
11647 0
2364 0
6732 0
6820 0
6166 0
7806 0
10338 0
10339 0
10337 0
6752 0
6753 0
6754 0
6756 0
6759 0
8972 0
8973 0
8974 0
9942 0
9936 0
9939 0
9940 0
9941 0
9935 0
5270 0
9937 0
8975 0
1232 0
5879 0
1028 0
5878 0
2999 0
2029 0
6031 0
3477 0
3478 0
10151 0
10152 0
2998 0
3471 0
3475 0
3476 0
3479 0
3481 0
2997 0
3470 0
1063 0
4997 0
2802 0
2804 0
2805 0
2798 0
5552 0
5553 0
5559 0
5560 0
5561 0
5562 0
5564 0
5558 0
4995 0
4996 0
4994 0
5554 0
6312 0
6313 0
6311 0
8462 0
11022 0
12551 0
12552 0
12553 0
12554 0
12555 0
12556 0
12557 0
12558 0
12559 0
12560 0
12561 0
12562 0
12563 0
11020 0
12306 0
12304 0
12305 0
12307 0
12308 0
12309 0
12310 0
12311 0
12312 0
12313 0
12314 0
12315 0
12316 0
12317 0
12303 0
10473 0
10504 0
7613 0
2794 0
3989 0
3988 0
3723 0
3990 0
8787 0
8788 0
8782 0
8783 0
8784 0
8786 0
8790 0
8781 0
8789 0
8785 0
8496 0
8767 0
8820 0
55 0
6433 0
8072 0
8069 0
8070 0
8071 0
8068 0
8058 0
8003 0
8073 0
7609 0
8807 0
8808 0
8809 0
8806 0
8855 0
8856 0
8853 0
5865 0
8662 0
5864 0
5866 0
5862 0
5863 0
5861 0
9571 0
9570 0
9786 0
11483 0
7371 0
7370 0
7369 0
7372 0
7368 0
2249 0
11411 0
11410 0
5333 0
8850 0
8849 0
2045 0
6489 0
10097 0
10090 0
10091 0
10092 0
10094 0
10095 0
10096 0
10098 0
10099 0
10100 0
10088 0
2645 0
2648 0
2649 0
2650 0
2646 0
2196 0
6615 0
8684 0
8686 0
8688 0
8689 0
8683 0
5728 0
8687 0
7645 0
7947 0
8165 0
7068 0
986 0
7067 0
7069 0
7070 0
7066 0
306 0
44 0
7893 0
7890 0
7891 0
7892 0
7889 0
7894 0
8634 0
8635 0
8636 0
8602 0
8601 0
8600 0
8603 0
8606 0
8597 0
8571 0
8572 0
8573 0
8605 0
8604 0
10357 0
10356 0
6385 0
4869 0
3461 0
10031 0
10032 0
10033 0
10034 0
10035 0
10036 0
10037 0
10038 0
1823 0
8745 0
8746 0
8747 0
4231 0
8450 0
8446 0
8448 0
8445 0
8449 0
8447 0
9263 0
8863 0
8865 0
8862 0
8864 0
8866 0
8867 0
8868 0
8869 0
8861 0
1786 0
1781 0
1782 0
1784 0
1780 0
1785 0
11556 0
11570 0
11569 0
11568 0
11566 0
11563 0
11562 0
11560 0
11557 0
11555 0
11565 0
11564 0
11561 0
11559 0
11558 0
6504 0
6502 0
6500 0
8943 0
8944 0
8945 0
8946 0
8948 0
8949 0
8950 0
8942 0
7252 0
7253 0
7254 0
7255 0
7256 0
7250 0
6799 0
6483 0
6475 0
6477 0
6480 0
6482 0
6488 0
6471 0
6486 0
6473 0
6798 0
6485 0
8654 0
8657 0
8658 0
8659 0
8660 0
8661 0
8653 0
8655 0
8406 0
8656 0
8663 0
4732 0
8921 0
8920 0
8922 0
8918 0
3472 0
8919 0
5168 0
5170 0
5167 0
9013 0
9015 0
9017 0
9018 0
9022 0
9024 0
9025 0
8679 0
7204 0
7200 0
7201 0
7197 0
7199 0
3003 0
3005 0
3008 0
3009 0
3001 0
3004 0
3006 0
3007 0
3000 0
10072 0
10063 0
10064 0
10066 0
10067 0
10068 0
10069 0
10071 0
10062 0
10073 0
7741 0
7745 0
10065 0
4341 0
8811 0
8556 0
8810 0
8803 0
8804 0
8812 0
8813 0
4342 0
4340 0
2418 0
2425 0
5228 0
7394 0
7395 0
12090 0
12091 0
12092 0
12093 0
12094 0
12095 0
12096 0
12097 0
12098 0
12099 0
12089 0
6003 0
8562 0
4355 0
4350 0
4353 0
4349 0
4352 0
4804 0
2300 0
4802 0
4806 0
4801 0
4351 0
11537 0
11538 0
11536 0
6824 0
4261 0
8436 0
8881 0
8576 0
8578 0
8387 0
7304 0
8575 0
7305 0
7306 0
7307 0
8676 0
8677 0
8678 0
8675 0
6955 0
9586 0
10419 0
10418 0
10420 0
10417 0
6557 0
9587 0
6648 0
10511 0
6647 0
6649 0
10127 0
10126 0
9610 0
9609 0
4662 0
9607 0
11074 0
11073 0
11075 0
11078 0
11072 0
10350 0
10349 0
10370 0
10371 0
10369 0
4665 0
235 0
230 0
233 0
239 0
9291 0
9290 0
4493 0
4492 0
8814 0
8412 0
7316 0
8414 0
7317 0
7319 0
9054 0
9055 0
5057 0
3148 0
5547 0
5058 0
5061 0
5062 0
5063 0
10277 0
5056 0
10276 0
5796 0
5797 0
5799 0
5800 0
5770 0
5771 0
5774 0
5769 0
5773 0
3418 0
2222 0
2219 0
2220 0
2221 0
2224 0
2225 0
2226 0
2218 0
1253 0
2223 0
2227 0
9224 0
12127 0
12126 0
6783 0
2712 0
12029 0
12030 0
12031 0
12028 0
9701 0
2181 0
9700 0
9702 0
2185 0
2180 0
2187 0
2189 0
2191 0
2179 0
2192 0
7496 0
7498 0
7500 0
6072 0
6074 0
6076 0
6070 0
24 0
46 0
52 0
11524 0
11522 0
11523 0
11521 0
7499 0
7428 0
2416 0
7432 0
3042 0
1512 0
3045 0
3041 0
8351 0
8352 0
8353 0
8354 0
8350 0
6153 0
6154 0
6155 0
6157 0
6158 0
6152 0
6156 0
5592 0
4776 0
7297 0
7163 0
7165 0
7164 0
7302 0
3650 0
8371 0
8372 0
8373 0
8375 0
8369 0
8309 0
7088 0
8374 0
8376 0
4482 0
10321 0
12549 0
6794 0
6578 0
6579 0
6580 0
6581 0
6577 0
7563 0
4006 0
9008 0
9007 0
9004 0
9005 0
9003 0
9006 0
9009 0
6438 0
3218 0
6894 0
3219 0
3223 0
6975 0
6974 0
2297 0
2303 0
2296 0
2299 0
2305 0
2295 0
2306 0
2308 0
10294 0
10293 0
5867 0
11535 0
11528 0
11529 0
11530 0
11531 0
11532 0
11533 0
11534 0
11527 0
588 0
12052 0
12053 0
12054 0
12055 0
12056 0
12051 0
554 0
220 0
8700 0
8702 0
8703 0
8704 0
8705 0
8706 0
8708 0
8709 0
8710 0
8699 0
8300 0
8299 0
8298 0
9460 0
9461 0
9462 0
9463 0
9464 0
9465 0
9466 0
9459 0
7701 0
6887 0
6888 0
7063 0
7064 0
6940 0
6943 0
6944 0
6946 0
6939 0
3492 0
8650 0
9099 0
9100 0
9101 0
2967 0
2968 0
2184 0
2963 0
2960 0
11043 0
11044 0
11045 0
11046 0
11047 0
11048 0
11049 0
9033 0
9032 0
9034 0
9035 0
9031 0
1014 0
8163 0
8164 0
8166 0
8168 0
8169 0
8162 0
3653 0
7497 0
40 0
5650 0
5649 0
5644 0
5645 0
5646 0
5643 0
8565 0
8560 0
8561 0
8564 0
8559 0
5927 0
1830 0
8563 0
6587 0
6583 0
6584 0
6585 0
6586 0
6582 0
6329 0
6588 0
7657 0
7658 0
7656 0
4859 0
8817 0
8819 0
4860 0
4862 0
4858 0
8756 0
8752 0
8751 0
8754 0
8755 0
8750 0
210 0
7232 0
645 0
10406 0
10407 0
10408 0
10409 0
10405 0
5243 0
6194 0
6192 0
6193 0
6686 0
5400 0
2867 0
4757 0
4758 0
4759 0
4761 0
4762 0
4763 0
4764 0
10206 0
10024 0
10214 0
5203 0
5201 0
5202 0
5204 0
5205 0
5200 0
11541 0
11542 0
11543 0
11544 0
11545 0
11546 0
11547 0
11549 0
11550 0
11551 0
11540 0
10234 0
10235 0
10236 0
10237 0
10239 0
10232 0
10240 0
10231 0
10180 0
10179 0
10233 0
4127 0
5065 0
5069 0
5070 0
4126 0
5064 0
9626 0
4128 0
3182 0
582 0
10460 0
8987 0
8986 0
60 0
7918 0
7919 0
7920 0
7130 0
7132 0
7131 0
7128 0
7129 0
7082 0
1466 0
1467 0
1468 0
1469 0
1465 0
514 0
7106 0
7107 0
7108 0
7103 0
6051 0
6050 0
10301 0
10302 0
10300 0
8484 0
8482 0
8483 0
8481 0
8480 0
8304 0
7401 0
8305 0
8308 0
8313 0
8314 0
8316 0
8321 0
8322 0
2765 0
2766 0
2767 0
2768 0
2770 0
2762 0
2769 0
1267 0
8833 0
8829 0
8830 0
8831 0
8834 0
8835 0
8836 0
8828 0
8832 0
10950 0
10952 0
10953 0
10954 0
10956 0
10957 0
10949 0
8992 0
8993 0
8991 0
1505 0
1507 0
1509 0
1510 0
1511 0
1514 0
1515 0
1501 0
1504 0
10106 0
10103 0
10104 0
10105 0
10107 0
10108 0
10109 0
10110 0
10111 0
10102 0
9165 0
9166 0
9167 0
9164 0
1185 0
1186 0
1180 0
1184 0
1188 0
4275 0
4264 0
4266 0
4269 0
4260 0
8763 0
8765 0
8768 0
8762 0
4273 0
8356 0
8358 0
8360 0
8355 0
7110 0
7111 0
7109 0
7112 0
7113 0
7618 0
10135 0
10136 0
10138 0
10139 0
10140 0
10141 0
1121 0
7790 0
7789 0
1346 0
8248 0
8249 0
8247 0
11881 0
11882 0
11880 0
11883 0
11884 0
6606 0
6605 0
6607 0
6604 0
3422 0
5817 0
3417 0
3419 0
3421 0
3423 0
3424 0
3416 0
5186 0
5183 0
5184 0
5185 0
9885 0
4310 0
4311 0
4309 0
4188 0
9865 0
4182 0
4184 0
4177 0
4180 0
4183 0
4176 0
1783 0
12165 0
12166 0
12167 0
12168 0
12164 0
8825 0
8823 0
8826 0
8610 0
8608 0
8607 0
5522 0
5521 0
2450 0
2452 0
2453 0
2456 0
2457 0
2458 0
2461 0
8429 0
8424 0
8425 0
8428 0
8422 0
8426 0
9995 0
9996 0
9994 0
8551 0
8552 0
8553 0
8555 0
8549 0
7170 0
8342 0
5925 0
5917 0
5918 0
5919 0
5920 0
5922 0
5923 0
5924 0
5916 0
5439 0
5432 0
5433 0
5434 0
5435 0
5436 0
5437 0
5438 0
5431 0
7510 0
7511 0
7513 0
7514 0
7515 0
7516 0
5059 0
6067 0
6065 0
6066 0
6301 0
6299 0
1884 0
6437 0
9850 0
9849 0
11804 0
11801 0
11805 0
11802 0
11803 0
1686 0
1687 0
1682 0
5637 0
5636 0
1688 0
7275 0
7273 0
3724 0
3459 0
4075 0
6002 0
10320 0
6001 0
4345 0
4344 0
4346 0
4343 0
5718 0
4838 0
4844 0
4845 0
4846 0
4847 0
4836 0
4843 0
1239 0
1236 0
1237 0
1238 0
1241 0
1242 0
1243 0
1234 0
8671 0
8668 0
8669 0
8670 0
8672 0
8673 0
8674 0
8667 0
10005 0
10007 0
10008 0
10009 0
10010 0
10012 0
10013 0
10004 0
2250 0
2252 0
2253 0
2247 0
2251 0
12049 0
12050 0
12048 0
6018 0
6015 0
6016 0
6017 0
6019 0
6020 0
6021 0
6014 0
8520 0
8518 0
11833 0
11834 0
11832 0
8517 0
8590 0
4228 0
4233 0
4234 0
4235 0
4237 0
4226 0
4232 0
6812 0
6813 0
6814 0
6815 0
6816 0
6811 0
6916 0
6914 0
6915 0
6917 0
9372 0
10428 0
10429 0
10430 0
10372 0
5749 0
4778 0
8452 0
8451 0
3047 0
3046 0
3050 0
8988 0
8989 0
8934 0
8935 0
8936 0
8937 0
8933 0
7136 0
7137 0
7138 0
7139 0
7134 0
5674 0
7123 0
7121 0
7122 0
7125 0
7126 0
7127 0
7119 0
7143 0
7144 0
7145 0
7146 0
7147 0
7148 0
7142 0
7152 0
7153 0
7154 0
7155 0
7156 0
7157 0
7151 0
11289 0
11290 0
11291 0
11292 0
11293 0
11294 0
11288 0
8732 0
8730 0
8731 0
8733 0
8734 0
8735 0
8729 0
8712 0
8714 0
8715 0
8716 0
8711 0
8519 0
7092 0
7090 0
7091 0
7093 0
7094 0
7097 0
7087 0
1182 0
8981 0
8982 0
8887 0
10210 0
10211 0
10212 0
10213 0
2892 0
3837 0
9280 0
6292 0
6288 0
6289 0
6290 0
6291 0
6287 0
11337 0
11338 0
11339 0
11341 0
11342 0
11336 0
10299 0
11576 0
11577 0
11575 0
6226 0
10298 0
5296 0
5297 0
5293 0
5295 0
11769 0
11768 0
4908 0
4902 0
4904 0
4906 0
4907 0
4901 0
12069 0
12065 0
12066 0
12067 0
12068 0
12064 0
10087 0
10077 0
10078 0
10076 0
8320 0
8315 0
9061 0
9060 0
8328 0
8329 0
8330 0
8327 0
7193 0
7194 0
7195 0
7196 0
7192 0
10130 0
10131 0
10132 0
10133 0
10129 0
4068 0
4069 0
4070 0
4071 0
4067 0
12115 0
12116 0
12117 0
12118 0
12114 0
10644 0
10641 0
10642 0
10643 0
10640 0
8141 0
8142 0
8143 0
8144 0
8140 0
4376 0
4377 0
4375 0
11717 0
11718 0
11719 0
11716 0
7210 0
7211 0
7212 0
7209 0
1680 0
1681 0
1679 0
6763 0
6764 0
6765 0
6762 0
10444 0
10445 0
10446 0
10443 0
8587 0
8588 0
8589 0
8586 0
10161 0
10162 0
10163 0
10160 0
5291 0
5289 0
5290 0
5288 0
3617 0
3618 0
3621 0
3616 0
3527 0
3525 0
3526 0
3521 0
8741 0
8742 0
8740 0
4787 0
4788 0
6247 0
6248 0
6246 0
5396 0
5397 0
5395 0
5481 0
5482 0
5480 0
5241 0
5248 0
5240 0
9381 0
9382 0
9380 0
10182 0
10183 0
10181 0
8443 0
8444 0
8442 0
9686 0
9687 0
9685 0
1612 0
1614 0
1611 0
9409 0
9408 0
8696 0
8694 0
2939 0
2938 0
5192 0
5191 0
10310 0
10309 0
619 0
618 0
9053 0
9051 0
7208 0
7207 0
7246 0
7245 0
8232 0
9677 0
839 1
375 1
367 1
849 1
836 1
374 1
1774 1
607 1
381 1
3203 1
3957 1
9309 1
3861 1
1813 1
843 1
837 1
5253 1
4706 1
696 1
1662 1
2577 1
1666 1
1897 1
1896 1
1204 1
1099 1
1771 1
3796 1
1091 1
3537 1
1060 1
1895 1
3534 1
3221 1
1819 1
1835 1
4250 1
3615 1
297 1
3532 1
3535 1
2166 1
4248 1
1953 1
1894 1
1094 1
4391 1
4392 1
1093 1
168 1
4586 1
1362 1
4249 1
4077 1
3543 1
9901 1
3759 1
293 1
5177 1
3536 1
3533 1
6251 1
9899 1
3737 1
5176 1
9900 1
5031 1
5748 1
7999 1
12492 1
4585 1
6090 1
728 1
9616 1
9458 1
9240 1
12529 1
6253 1
1046 1
6093 1
6092 1
6256 1
6255 1
4390 1
8172 1
393 1
1357 1
853 1
1664 1
676 1
1832 1
675 1
1352 1
2602 1
3376 1
1585 1
852 1
1931 1
2613 1
1818 1
2115 1
1663 1
2616 1
1581 1
1836 1
1551 1
3960 1
9102 1
1839 1
1580 1
1838 1
3395 1
5986 1
4533 1
1356 1
3879 1
3375 1
3036 1
1578 1
1833 1
673 1
3039 1
1584 1
4347 1
6717 1
5254 1
3377 1
1741 1
2236 1
1837 1
1548 1
2108 1
2242 1
3948 1
9106 1
5620 1
1841 1
2044 1
1543 1
2499 1
9361 1
2235 1
1549 1
5984 1
5736 1
9108 1
5985 1
667 1
5085 1
5307 1
4605 1
5983 1
9892 1
9206 1
7843 1
2243 1
6418 1
2244 1
2498 1
1541 1
5742 1
1831 1
5304 1
2497 1
1550 1
4698 1
9107 1
3814 1
7842 1
5332 1
2285 1
2113 1
12396 1
1582 1
2240 1
2237 1
2234 1
7841 1
5334 1
5743 1
5026 1
1552 1
2239 1
668 1
9501 1
9502 1
9503 1
11324 1
9324 1
9522 1
9588 1
1840 1
5306 1
3815 1
9875 1
9874 1
11471 1
11472 1
11473 1
11287 1
1579 1
7736 1
9327 1
9328 1
9325 1
11482 1
1546 1
1576 1
9847 1
10994 1
9848 1
9841 1
9842 1
9844 1
9846 1
5025 1
2496 1
9392 1
1540 1
2494 1
2238 1
5621 1
2493 1
1659 1
2492 1
7840 1
9646 1
9840 1
2233 1
10993 1
12015 1
7008 1
5619 1
1320 1
1280 1
1133 1
2080 1
3146 1
3253 1
3151 1
2083 1
1129 1
1146 1
1285 1
1147 1
3987 1
4751 1
3340 1
3744 1
3503 1
498 1
2078 1
1322 1
3985 1
3251 1
1136 1
3984 1
2079 1
3332 1
3230 1
3743 1
3250 1
3983 1
3153 1
3238 1
5316 1
1286 1
3243 1
1067 1
3242 1
2082 1
5550 1
3582 1
3255 1
966 1
3986 1
538 1
2484 1
2778 1
9519 1
3746 1
3544 1
9293 1
9518 1
3247 1
9151 1
9861 1
2084 1
3742 1
5714 1
5383 1
5551 1
9867 1
4502 1
5143 1
529 1
9496 1
3501 1
3259 1
5092 1
5384 1
3703 1
5146 1
3745 1
3263 1
2607 1
5419 1
9615 1
5145 1
11011 1
11012 1
9564 1
5712 1
3252 1
9145 1
4743 1
4982 1
4983 1
3256 1
4080 1
5713 1
11013 1
11010 1
11009 1
11008 1
5382 1
5380 1
5388 1
5387 1
5386 1
9143 1
9142 1
9141 1
11811 1
11810 1
11809 1
11808 1
11807 1
11812 1
11813 1
11814 1
3254 1
3249 1
5418 1
3262 1
3258 1
3260 1
3261 1
7085 1
7086 1
9243 1
11600 1
11187 1
11083 1
12547 1
7084 1
9242 1
4606 1
3331 1
3246 1
5417 1
155 1
152 1
154 1
151 1
159 1
153 1
2042 1
160 1
3795 1
3797 1
3072 1
2463 1
631 1
656 1
3130 1
158 1
935 1
295 1
3129 1
156 1
161 1
5233 1
3164 1
5389 1
150 1
3137 1
4129 1
2462 1
3839 1
5016 1
9139 1
4842 1
9673 1
2581 1
6007 1
927 1
939 1
5175 1
9716 1
4101 1
9488 1
2466 1
9717 1
9703 1
9704 1
5077 1
5391 1
5657 1
5074 1
934 1
2576 1
6126 1
9672 1
9647 1
9714 1
6125 1
9671 1
11400 1
12420 1
69 1
978 1
1677 1
370 1
2490 1
1671 1
3514 1
2489 1
1596 1
2488 1
1215 1
3513 1
2491 1
2487 1
3516 1
5134 1
5135 1
3512 1
3511 1
3515 1
1674 1
7075 1
4934 1
7017 1
968 1
1588 1
2150 1
937 1
2170 1
4537 1
2495 1
943 1
1591 1
2151 1
1102 1
2448 1
4418 1
3757 1
4414 1
2279 1
1587 1
4412 1
3566 1
4416 1
4415 1
938 1
2177 1
1593 1
4413 1
4417 1
1586 1
4536 1
970 1
1590 1
1592 1
6806 1
7608 1
3763 1
942 1
6831 1
974 1
941 1
2467 1
967 1
5224 1
1101 1
6716 1
5223 1
4963 1
6805 1
9674 1
936 1
1709 1
969 1
5212 1
4538 1
7384 1
6718 1
5222 1
6597 1
972 1
9157 1
3415 1
11445 1
1711 1
1713 1
1710 1
5089 1
7383 1
9296 1
9297 1
11137 1
11138 1
11139 1
6804 1
973 1
9109 1
5802 1
4964 1
11136 1
10249 1
10248 1
965 1
9156 1
753 1
896 1
1383 1
1658 1
1317 1
893 1
1653 1
1324 1
3048 1
4064 1
1657 1
4063 1
902 1
1654 1
3959 1
9335 1
4061 1
4062 1
3930 1
1655 1
4058 1
4073 1
4060 1
4059 1
1652 1
8777 1
2716 1
9977 1
6199 1
58 1
480 1
2072 1
477 1
2076 1
2114 1
1772 1
475 1
3093 1
1767 1
545 1
2671 1
2160 1
2672 1
1766 1
2738 1
2608 1
2077 1
697 1
3928 1
4078 1
2161 1
2483 1
4192 1
3602 1
548 1
4491 1
4081 1
4205 1
3931 1
3938 1
3856 1
3296 1
4520 1
1282 1
6208 1
4692 1
9313 1
3857 1
4691 1
9792 1
11349 1
9116 1
5943 1
2111 1
2112 1
11343 1
11344 1
11345 1
11346 1
11347 1
11348 1
9115 1
9565 1
9563 1
694 1
9569 1
9114 1
4204 1
1162 1
677 1
1834 1
669 1
2241 1
4465 1
4366 1
4464 1
4466 1
674 1
1351 1
5305 1
172 1
1773 1
897 1
905 1
1765 1
5173 1
1770 1
900 1
899 1
9589 1
1775 1
3480 1
895 1
1877 1
6356 1
2604 1
1472 1
7488 1
2773 1
1776 1
904 1
1875 1
3963 1
1778 1
2775 1
2584 1
2777 1
1879 1
5750 1
892 1
2580 1
2776 1
2774 1
5988 1
9765 1
9766 1
6355 1
6357 1
11007 1
901 1
5801 1
11198 1
4570 1
890 1
9845 1
2578 1
10334 1
7427 1
11238 1
11438 1
4765 1
9864 1
795 1
1820 1
1456 1
1370 1
1769 1
1777 1
396 1
670 1
1816 1
1455 1
27 1
1817 1
2740 1
1812 1
1814 1
1065 1
5589 1
1479 1
11426 1
74 1
1451 1
34 1
2978 1
929 1
2899 1
2603 1
2598 1
1553 1
1011 1
41 1
1927 1
3894 1
3162 1
2714 1
5194 1
1349 1
3892 1
4555 1
3890 1
9241 1
5193 1
1454 1
3893 1
3891 1
9336 1
4103 1
5276 1
1457 1
9437 1
9438 1
1240 1
5404 1
8239 1
10399 1
9122 1
9413 1
2284 1
9412 1
1355 1
1358 1
3896 1
2275 1
9123 1
8240 1
11806 1
2918 1
9843 1
9521 1
11401 1
11673 1
9520 1
9411 1
5402 1
1385 1
1388 1
2016 1
2013 1
3330 1
3678 1
2743 1
9631 1
9632 1
630 1
2464 1
9566 1
39 1
8780 1
10984 1
9738 1
298 1
632 1
3222 1
5744 1
5504 1
3944 1
3937 1
3945 1
3941 1
6091 1
12155 1
10508 1
4791 1
12163 1
12162 1
12160 1
12159 1
12158 1
12157 1
12156 1
12154 1
12153 1
12152 1
12151 1
12150 1
12149 1
12148 1
12147 1
12146 1
12145 1
12144 1
12143 1
12142 1
12141 1
12140 1
12139 1
12138 1
12137 1
12136 1
678 1
1735 1
2159 1
2073 1
6094 1
1946 1
602 1
2737 1
3975 1
3973 1
6893 1
9168 1
372 1
9432 1
3934 1
3926 1
1736 1
1949 1
9433 1
9815 1
9816 1
9817 1
4569 1
219 1
940 1
2107 1
845 1
838 1
1475 1
835 1
846 1
841 1
847 1
2105 1
2790 1
840 1
3788 1
844 1
1811 1
1484 1
377 1
3878 1
833 1
3786 1
3787 1
4089 1
5745 1
5256 1
5255 1
6102 1
6099 1
5549 1
6078 1
4305 1
4304 1
842 1
2106 1
2942 1
6100 1
6101 1
5252 1
2788 1
832 1
11358 1
11357 1
6064 1
11374 1
3584 1
3580 1
3586 1
3585 1
3575 1
3583 1
3587 1
3576 1
1542 1
3577 1
3591 1
3852 1
3574 1
3853 1
9403 1
9436 1
3851 1
4185 1
3592 1
5819 1
9402 1
9401 1
9404 1
9400 1
11396 1
3850 1
3849 1
3848 1
4178 1
8343 1
3588 1
5001 1
4189 1
9274 1
11743 1
11739 1
11740 1
11741 1
11742 1
11744 1
11745 1
11738 1
5820 1
6106 1
5286 1
5821 1
5476 1
9152 1
9153 1
9150 1
2690 1
755 1
5141 1
11695 1
11694 1
11696 1
11697 1
11698 1
10209 1
11872 1
6933 1
10858 1
11772 1
11774 1
469 1
1318 1
468 1
1070 1
1321 1
1325 1
466 1
1371 1
1327 1
6171 1
471 1
1326 1
1316 1
5354 1
2862 1
1319 1
5353 1
470 1
1740 1
1323 1
5166 1
6172 1
1310 1
6173 1
3768 1
3237 1
3241 1
3239 1
4106 1
4107 1
3762 1
3765 1
3764 1
3766 1
3593 1
9534 1
9533 1
9532 1
9530 1
6201 1
463 1
3761 1
6170 1
10432 1
10464 1
11317 1
9529 1
6200 1
1477 1
5356 1
9269 1
11633 1
9963 1
4096 1
9472 1
9964 1
3767 1
5781 1
628 1
5229 1
9452 1
11691 1
5309 1
4693 1
12340 1
12395 1
12385 1
11447 1
11304 1
10335 1
4098 1
4597 1
12387 1
12394 1
12393 1
12392 1
12391 1
12390 1
12389 1
12388 1
12379 1
12386 1
12378 1
12384 1
12383 1
12382 1
12381 1
12380 1
373 1
3863 1
3858 1
3860 1
1218 1
4370 1
3862 1
4371 1
1367 1
4367 1
3922 1
1216 1
1221 1
4368 1
4369 1
7058 1
4566 1
4557 1
4558 1
4559 1
4560 1
4561 1
4563 1
4565 1
4556 1
9694 1
9695 1
9696 1
1474 1
1476 1
1470 1
7937 1
7938 1
4564 1
2213 1
1478 1
2210 1
2209 1
8302 1
8303 1
2212 1
1481 1
1482 1
7939 1
1731 1
1738 1
1732 1
1733 1
1737 1
1739 1
2071 1
1486 1
1779 1
2216 1
1485 1
1471 1
5440 1
1487 1
9198 1
1734 1
7936 1
7940 1
1742 1
1480 1
1483 1
2214 1
2882 1
4568 1
2482 1
543 1
2085 1
2255 1
3502 1
1845 1
3883 1
4647 1
1073 1
9137 1
3886 1
2486 1
4646 1
3889 1
8083 1
9158 1
9138 1
3888 1
3887 1
3884 1
8082 1
4645 1
473 1
465 1
3612 1
3245 1
4359 1
3939 1
360 1
7340 1
5220 1
4357 1
2656 1
2951 1
5999 1
9366 1
9365 1
9140 1
9852 1
5027 1
979 1
2274 1
2662 1
2658 1
2661 1
3301 1
2858 1
2322 1
3705 1
10264 1
3706 1
9710 1
9711 1
10263 1
10265 1
10266 1
10267 1
3298 1
3300 1
3297 1
11334 1
11333 1
3299 1
9506 1
9707 1
9708 1
9709 1
9712 1
9706 1
9737 1
9734 1
9735 1
9736 1
9733 1
3707 1
9508 1
3701 1
127 1
9856 1
9857 1
3708 1
3704 1
7343 1
3709 1
4664 1
9507 1
9144 1
903 1
1160 1
898 1
2023 1
2022 1
5501 1
2020 1
5315 1
11050 1
3399 1
3401 1
3405 1
4974 1
3402 1
3403 1
5783 1
3400 1
3407 1
9441 1
9442 1
9444 1
9445 1
5782 1
5785 1
5780 1
4966 1
4968 1
4970 1
4971 1
4972 1
4976 1
4977 1
4980 1
4969 1
4965 1
11310 1
11311 1
11312 1
11309 1
2351 1
4981 1
3411 1
3409 1
3406 1
4973 1
4967 1
4978 1
5787 1
9446 1
9443 1
4979 1
5784 1
11449 1
12550 1
1878 1
4521 1
856 1
1815 1
5187 1
3864 1
9742 1
88 1
561 1
553 1
2736 1
555 1
569 1
566 1
550 1
570 1
556 1
5279 1
5793 1
5791 1
557 1
562 1
2739 1
6624 1
6625 1
6627 1
574 1
571 1
567 1
559 1
558 1
5790 1
5792 1
549 1
5789 1
2019 1
2014 1
2017 1
2015 1
2012 1
2070 1
4419 1
2074 1
3051 1
4421 1
2075 1
2979 1
4294 1
4420 1
11158 1
11157 1
3751 1
9471 1
11156 1
9470 1
551 1
12248 1
12249 1
12250 1
12251 1
12252 1
12253 1
12254 1
12255 1
12257 1
12259 1
12260 1
12261 1
12262 1
12264 1
12265 1
7704 1
5237 1
9176 1
12235 1
12236 1
12234 1
9175 1
12411 1
12408 1
12409 1
12410 1
12412 1
12413 1
12414 1
12407 1
9178 1
5822 1
9177 1
9880 1
9253 1
9104 1
10257 1
3680 1
9254 1
9638 1
11159 1
12256 1
12258 1
12263 1
9247 1
608 1
4119 1
1288 1
4999 1
2323 1
4123 1
4125 1
4116 1
2324 1
5385 1
4121 1
4124 1
2325 1
4120 1
4115 1
9538 1
9362 1
9363 1
9364 1
9764 1
4122 1
4118 1
11525 1
11526 1
9636 1
9637 1
9640 1
9641 1
9642 1
9643 1
9635 1
472 1
2173 1
4313 1
4317 1
1277 1
4315 1
3248 1
1295 1
1279 1
1294 1
1296 1
2321 1
4314 1
1278 1
1290 1
1287 1
1281 1
1293 1
2327 1
2326 1
11273 1
11276 1
11275 1
11274 1
11272 1
2320 1
4312 1
11303 1
5326 1
6242 1
657 1
658 1
259 1
659 1
2660 1
2153 1
655 1
1545 1
3750 1
2152 1
2149 1
5996 1
5997 1
5998 1
6000 1
3747 1
5995 1
2052 1
774 1
1864 1
777 1
2050 1
3165 1
9219 1
9220 1
9222 1
2053 1
4912 1
4911 1
4910 1
3167 1
3170 1
3173 1
9221 1
11424 1
11425 1
3161 1
3463 1
9218 1
9675 1
11423 1
11121 1
11132 1
11131 1
11130 1
11129 1
11128 1
11127 1
11124 1
11123 1
11122 1
11120 1
11119 1
11117 1
11116 1
11115 1
11114 1
11113 1
11125 1
11112 1
2989 1
2984 1
2988 1
2983 1
2986 1
2987 1
2981 1
11154 1
11147 1
11148 1
11149 1
11150 1
11151 1
11152 1
11153 1
11146 1
2982 1
9374 1
9375 1
9376 1
9378 1
9379 1
9371 1
7706 1
7707 1
7708 1
7709 1
7702 1
7705 1
7711 1
9373 1
11118 1
11126 1
7703 1
7710 1
9377 1
9639 1
404 1
1386 1
1391 1
9186 1
1384 1
805 1
1379 1
1382 1
4318 1
296 1
3749 1
3760 1
8438 1
2655 1
9553 1
9554 1
8437 1
3758 1
2853 1
2871 1
2861 1
2851 1
2866 1
2859 1
11175 1
11176 1
11174 1
2872 1
2870 1
2869 1
2868 1
2865 1
2864 1
2863 1
2860 1
2857 1
2856 1
2855 1
2854 1
2852 1
2850 1
2849 1
2847 1
2846 1
2845 1
4253 1
4010 1
4638 1
5602 1
4011 1
5403 1
4522 1
4637 1
4643 1
4644 1
5578 1
4634 1
4636 1
4639 1
4641 1
4642 1
4007 1
4009 1
5603 1
5928 1
5601 1
5926 1
403 1
394 1
2272 1
4705 1
2267 1
2271 1
400 1
9146 1
2268 1
4702 1
6203 1
4700 1
9312 1
9798 1
9797 1
9796 1
4704 1
4703 1
4701 1
9719 1
4699 1
9718 1
4380 1
5051 1
2175 1
6056 1
5219 1
11231 1
11232 1
12487 1
12499 1
12488 1
12489 1
12490 1
12491 1
12493 1
12494 1
12495 1
12496 1
12497 1
12498 1
12486 1
12485 1
12484 1
12483 1
12482 1
12481 1
12480 1
12479 1
12478 1
6057 1
6055 1
6054 1
540 1
4022 1
2595 1
2597 1
2049 1
2596 1
4612 1
2599 1
2600 1
3540 1
2711 1
5093 1
2601 1
3539 1
4611 1
4615 1
4024 1
4021 1
6417 1
671 1
3114 1
834 1
1730 1
2172 1
2741 1
9389 1
9390 1
2518 1
5413 1
4640 1
4012 1
5416 1
5414 1
5579 1
9255 1
9251 1
9169 1
9820 1
9870 1
9871 1
9819 1
5945 1
5946 1
5944 1
9250 1
9252 1
9249 1
9248 1
9246 1
9245 1
5763 1
143 1
2653 1
2668 1
2679 1
2678 1
3942 1
3932 1
2674 1
2675 1
2676 1
2677 1
2673 1
2670 1
2667 1
3956 1
3953 1
3943 1
3925 1
3933 1
3927 1
3924 1
3923 1
9279 1
6236 1
6237 1
6239 1
6240 1
6235 1
9278 1
3404 1
4306 1
4307 1
2789 1
5982 1
4308 1
851 1
2980 1
2018 1
4090 1
2341 1
11027 1
11029 1
10467 1
11026 1
11028 1
11025 1
2919 1
8167 1
2026 1
9839 1
4562 1
9837 1
9838 1
11465 1
2905 1
11495 1
4082 1
71 1
5091 1
1131 1
2783 1
2782 1
2785 1
2779 1
2780 1
2781 1
11402 1
1752 1
4087 1
5137 1
4512 1
5139 1
6061 1
6060 1
536 1
542 1
4334 1
4975 1
533 1
544 1
531 1
9270 1
9271 1
532 1
535 1
537 1
539 1
541 1
546 1
547 1
3947 1
257 1
4041 1
3974 1
2273 1
2659 1
3972 1
3971 1
4036 1
4037 1
4038 1
4040 1
4042 1
5287 1
8317 1
2734 1
9473 1
6254 1
10268 1
10269 1
10271 1
6282 1
6283 1
10270 1
11160 1
11161 1
11162 1
5285 1
2328 1
2081 1
4389 1
1364 1
2047 1
4057 1
4316 1
9878 1
5450 1
5451 1
4056 1
9879 1
4055 1
5972 1
2900 1
2901 1
2902 1
2903 1
2904 1
4486 1
5351 1
4487 1
1195 1
4488 1
5348 1
5349 1
5350 1
5352 1
5347 1
4386 1
3748 1
5471 1
5399 1
8818 1
7998 1
5472 1
7995 1
7997 1
8208 1
12397 1
5468 1
2025 1
1271 1
1113 1
3847 1
2922 1
3163 1
2256 1
3473 1
2027 1
2028 1
5147 1
3379 1
3378 1
552 1
11501 1
11500 1
5049 1
5974 1
5054 1
5055 1
10312 1
10313 1
10314 1
10315 1
10316 1
10317 1
10318 1
10319 1
10311 1
5052 1
5543 1
5050 1
5053 1
5977 1
5975 1
5976 1
5541 1
5542 1
5540 1
3060 1
4072 1
9778 1
3172 1
4899 1
2455 1
9780 1
9777 1
9779 1
4074 1
4900 1
11466 1
622 1
9669 1
633 1
9670 1
2894 1
627 1
10128 1
2891 1
2893 1
2896 1
2897 1
629 1
638 1
641 1
621 1
599 1
2934 1
4039 1
2937 1
2935 1
5028 1
2933 1
7875 1
683 1
412 1
2158 1
4766 1
4772 1
4767 1
4768 1
4769 1
4770 1
4771 1
4823 1
2024 1
3115 1
3108 1
3110 1
5609 1
5607 1
4930 1
4931 1
4932 1
4933 1
5605 1
5606 1
5610 1
3112 1
3113 1
3109 1
3107 1
1353 1
9265 1
9264 1
9266 1
9267 1
9268 1
1768 1
5410 1
1100 1
2217 1
9965 1
5409 1
10261 1
10260 1
1473 1
2009 1
3673 1
3681 1
3683 1
3684 1
3685 1
3686 1
3689 1
4432 1
3677 1
3675 1
3682 1
11399 1
3679 1
3687 1
3688 1
1665 1
1547 1
4898 1
9410 1
1606 1
4809 1
7141 1
7140 1
2485 1
4635 1
12020 1
12017 1
12018 1
12019 1
12021 1
12022 1
12023 1
12016 1
6401 1
6397 1
6398 1
6399 1
6402 1
6395 1
6396 1
10243 1
10244 1
10241 1
6400 1
10242 1
2 1
371 1
368 1
369 1
379 1
378 1
380 1
6105 1
6107 1
366 1
3916 1
5099 1
3915 1
3917 1
5098 1
1843 1
11422 1
12266 1
3233 1
3234 1
3235 1
3236 1
3232 1
5623 1
1844 1
1842 1
11421 1
11420 1
2579 1
2985 1
4600 1
4824 1
4825 1
4832 1
4826 1
4827 1
4828 1
4829 1
4830 1
8020 1
8021 1
8022 1
8019 1
3240 1
5786 1
3464 1
4503 1
9644 1
11492 1
2171 1
1991 1
1989 1
1990 1
1988 1
1987 1
1589 1
5499 1
1161 1
1159 1
5502 1
10951 1
5498 1
7074 1
11109 1
11110 1
11111 1
5500 1
5497 1
9933 1
1360 1
1366 1
1361 1
1363 1
1365 1
1359 1
4800 1
4799 1
2921 1
2663 1
1656 1
6603 1
4095 1
4094 1
7244 1
5823 1
10250 1
10258 1
10251 1
10252 1
10253 1
10254 1
10255 1
10256 1
10259 1
11319 1
11320 1
11318 1
5178 1
5181 1
5180 1
5179 1
5182 1
2048 1
11323 1
5987 1
11427 1
5735 1
2657 1
1443 1
4383 1
4499 1
11058 1
11059 1
11051 1
11052 1
11053 1
11054 1
11055 1
11056 1
11057 1
11060 1
11061 1
11062 1
11063 1
4498 1
4497 1
3142 1
3143 1
3144 1
3145 1
3147 1
3150 1
3141 1
12101 1
12102 1
12103 1
12104 1
12105 1
12106 1
12100 1
3149 1
3152 1
4104 1
4099 1
4100 1
4102 1
4093 1
2178 1
2167 1
2168 1
2174 1
4097 1
2176 1
2165 1
9333 1
3035 1
2635 1
9491 1
9223 1
3037 1
9489 1
9490 1
9492 1
1862 1
5172 1
5171 1
3504 1
3508 1
3506 1
3505 1
3507 1
3510 1
6931 1
6929 1
7073 1
7076 1
7077 1
7078 1
7079 1
7072 1
3350 1
3349 1
12024 1
10246 1
10247 1
10245 1
2583 1
9551 1
9550 1
6771 1
1928 1
6123 1
6124 1
6122 1
6252 1
6249 1
164 1
5747 1
165 1
163 1
5746 1
10426 1
10427 1
10425 1
9010 1
3098 1
3095 1
3096 1
3097 1
3099 1
3100 1
3101 1
3094 1
1945 1
2211 1
1493 1
778 1
3497 1
2537 1
3499 1
401 1
5828 1
5830 1
5831 1
5832 1
5082 1
5088 1
5084 1
5087 1
5081 1
9393 1
9391 1
5083 1
2215 1
1940 1
8139 1
8136 1
8137 1
8138 1
8134 1
4303 1
4302 1
5045 1
5046 1
5885 1
4187 1
5884 1
5886 1
5887 1
5888 1
2409 1
2410 1
3610 1
3611 1
3614 1
3609 1
3613 1
3607 1
9573 1
9572 1
4171 1
5461 1
5462 1
4167 1
4169 1
4172 1
4173 1
4175 1
4166 1
4213 1
794 1
5950 1
5951 1
7541 1
7540 1
5949 1
5948 1
11792 1
11789 1
11790 1
11791 1
11793 1
11794 1
11795 1
11788 1
11601 1
3946 1
1266 1
1269 1
1272 1
1273 1
1274 1
1276 1
1263 1
1264 1
9955 1
9952 1
9954 1
9956 1
9957 1
9958 1
9951 1
9953 1
181 1
572 1
3410 1
1824 1
4091 1
4092 1
4088 1
5517 1
5518 1
5519 1
5520 1
5516 1
4362 1
4361 1
3955 1
5445 1
7475 1
7476 1
7477 1
7478 1
7479 1
7480 1
7481 1
7474 1
1947 1
1948 1
1950 1
1952 1
1944 1
1951 1
6770 1
11487 1
11488 1
11489 1
4567 1
9990 1
9988 1
9989 1
9991 1
9992 1
9993 1
9987 1
2920 1
5406 1
5041 1
1166 1
4348 1
6298 1
5405 1
5511 1
9513 1
9514 1
9515 1
9516 1
9517 1
9512 1
10323 1
10324 1
10325 1
10326 1
10327 1
10322 1
5846 1
9236 1
9237 1
9238 1
9239 1
3590 1
5090 1
744 1
6260 1
6258 1
6259 1
6257 1
5632 1
5633 1
5634 1
5635 1
5631 1
4602 1
4598 1
4599 1
4601 1
4596 1
9960 1
9961 1
9962 1
9966 1
9959 1
11084 1
11622 1
11623 1
11621 1
7285 1
7284 1
7283 1
568 1
2062 1
9531 1
10364 1
10365 1
10366 1
10363 1
8085 1
8086 1
8087 1
8084 1
3980 1
3981 1
3982 1
3979 1
5788 1
9715 1
9713 1
2745 1
2746 1
2744 1
3830 1
3831 1
3829 1
7034 1
7035 1
7033 1
4921 1
4922 1
4920 1
598 1
600 1
597 1
3396 1
3397 1
3394 1
9495 1
9494 1
6079 1
6077 1
7414 1
9743 1
9862 1
10292 1
6913 1
12027 1
10466 1
6035 1
397 2
249 2
350 2
454 2
612 2
757 2
1642 2
7 2
129 2
3286 2
355 2
2096 2
2109 2
2110 2
3283 2
752 2
2848 2
2519 2
3211 2
2554 2
349 2
2097 2
356 2
2549 2
1200 2
2517 2
3214 2
3281 2
3665 2
3664 2
3667 2
4066 2
3666 2
9814 2
329 2
331 2
334 2
857 2
1753 2
855 2
848 2
1756 2
330 2
1139 2
1754 2
1083 2
1450 2
850 2
2909 2
1130 2
332 2
2911 2
2906 2
1137 2
1291 2
4608 2
399 2
1142 2
854 2
5000 2
1132 2
1128 2
1145 2
3257 2
1135 2
4895 2
2908 2
1134 2
333 2
328 2
1140 2
1289 2
1143 2
1757 2
6058 2
1138 2
6865 2
4891 2
7415 2
3408 2
5734 2
5733 2
5732 2
4892 2
3264 2
6089 2
4894 2
4893 2
4897 2
4890 2
4889 2
4886 2
4885 2
4882 2
4881 2
4880 2
9699 2
4879 2
1312 2
440 2
1633 2
1638 2
3542 2
1641 2
2207 2
4146 2
1639 2
4157 2
1631 2
4223 2
4159 2
1634 2
4149 2
1220 2
4142 2
4155 2
4150 2
4147 2
4160 2
4145 2
5555 2
2643 2
1637 2
10540 2
1640 2
1632 2
10569 2
10570 2
1198 2
4955 2
12333 2
4143 2
3548 2
1203 2
1199 2
1643 2
1630 2
3210 2
1635 2
2642 2
7439 2
3992 2
3669 2
4 2
3998 2
3993 2
4815 2
3672 2
438 2
299 2
2397 2
4031 2
3995 2
4814 2
3999 2
4656 2
4653 2
4813 2
3997 2
4544 2
4117 2
4818 2
2345 2
3996 2
9113 2
4030 2
2975 2
4000 2
5318 2
2977 2
9356 2
5756 2
5322 2
3785 2
7716 2
5509 2
5209 2
3994 2
9660 2
5320 2
6306 2
11019 2
6776 2
4816 2
4573 2
10229 2
10226 2
10529 2
3991 2
11017 2
10746 2
4034 2
11281 2
11279 2
11278 2
11277 2
9661 2
11325 2
11326 2
11327 2
11328 2
9781 2
11332 2
8277 2
10227 2
10225 2
10224 2
11268 2
10223 2
11016 2
11868 2
11869 2
7901 2
11014 2
11867 2
2190 2
300 2
2976 2
301 2
3557 2
2061 2
292 2
291 2
2245 2
2772 2
5454 2
2944 2
303 2
2764 2
11630 2
1872 2
5908 2
2943 2
10434 2
5411 2
290 2
8615 2
5959 2
10228 2
959 2
2962 2
8528 2
6186 2
9020 2
2948 2
302 2
5907 2
11190 2
8386 2
10942 2
6755 2
2961 2
8990 2
11018 2
8895 2
8591 2
5239 2
2947 2
12219 2
12222 2
12223 2
12221 2
12218 2
12217 2
12224 2
12220 2
12466 2
12467 2
12465 2
5408 2
5407 2
6189 2
6188 2
6187 2
5909 2
11631 2
2946 2
2945 2
6095 2
10436 2
9311 2
10451 2
10433 2
9499 2
9310 2
756 2
1219 2
10184 2
6934 2
1313 2
12511 2
439 2
5314 2
6097 2
5506 2
7629 2
6250 2
7815 2
4156 2
1214 2
4434 2
7440 2
9232 2
7640 2
10561 2
10536 2
7435 2
9447 2
8023 2
9761 2
9763 2
7628 2
7630 2
4158 2
4148 2
10567 2
10550 2
695 2
5030 2
5421 2
5423 2
7434 2
8190 2
8246 2
10535 2
10564 2
10565 2
10566 2
10568 2
10571 2
10572 2
10573 2
10574 2
10575 2
10576 2
10577 2
10578 2
10579 2
10580 2
8179 2
5503 2
10548 2
10537 2
10538 2
10539 2
10541 2
10542 2
10543 2
10544 2
10545 2
10546 2
10547 2
10563 2
10534 2
10551 2
10552 2
10553 2
10554 2
10555 2
10556 2
10558 2
10559 2
10560 2
10562 2
9231 2
9762 2
5505 2
7794 2
125 2
2593 2
364 2
2592 2
2099 2
1311 2
2588 2
1217 2
1315 2
2586 2
2609 2
445 2
3213 2
1380 2
2094 2
3291 2
2590 2
3212 2
3217 2
3285 2
2587 2
1314 2
3287 2
3541 2
2585 2
3216 2
2591 2
2104 2
2098 2
5803 2
2594 2
5804 2
3545 2
3546 2
3547 2
3215 2
4462 2
5835 2
8325 2
2101 2
9744 2
4008 2
9745 2
5029 2
5833 2
9485 2
9836 2
1155 2
1152 2
2516 2
4435 2
1106 2
8241 2
2437 2
5495 2
5493 2
5488 2
5508 2
5494 2
2431 2
5489 2
10379 2
10376 2
10377 2
10378 2
10375 2
6451 2
6453 2
6455 2
6456 2
6450 2
5492 2
5905 2
5906 2
6454 2
6457 2
5904 2
1150 2
1151 2
2426 2
2435 2
2430 2
2427 2
2428 2
2436 2
3116 2
5490 2
5677 2
1154 2
2432 2
1157 2
2433 2
1156 2
2551 2
2438 2
11667 2
11665 2
11666 2
11668 2
11670 2
11672 2
11664 2
5570 2
5730 2
5731 2
5729 2
5571 2
2434 2
4014 2
3120 2
3117 2
1149 2
1153 2
1148 2
11671 2
9505 2
9504 2
9625 2
9624 2
9552 2
2381 2
2102 2
1381 2
2380 2
2385 2
3782 2
4144 2
3781 2
2531 2
3597 2
3594 2
5474 2
3783 2
5479 2
9604 2
8122 2
4651 2
3784 2
2163 2
3780 2
8119 2
5868 2
9727 2
8120 2
8121 2
5478 2
5477 2
5475 2
5473 2
2526 2
2523 2
2524 2
1517 2
2530 2
4403 2
2536 2
2527 2
2535 2
5487 2
5486 2
2528 2
2534 2
4079 2
5818 2
2529 2
2525 2
4295 2
2522 2
9272 2
9273 2
8090 2
2533 2
11223 2
10413 2
2532 2
2521 2
10935 2
10416 2
4292 2
10362 2
10395 2
10412 2
10414 2
11222 2
10394 2
10411 2
10361 2
10415 2
10450 2
10934 2
11221 2
750 2
451 2
2350 2
3265 2
459 2
443 2
455 2
768 2
761 2
2349 2
6045 2
5512 2
5510 2
436 2
449 2
6044 2
5415 2
6043 2
2347 2
2337 2
2338 2
6697 2
754 2
5210 2
2342 2
6696 2
1904 2
762 2
758 2
2335 2
6042 2
2339 2
2336 2
1907 2
11242 2
434 2
444 2
6047 2
6695 2
11241 2
11240 2
11239 2
8091 2
7185 2
7187 2
7186 2
7184 2
8089 2
1910 2
1909 2
1905 2
1903 2
1902 2
8222 2
7846 2
7847 2
11269 2
1901 2
7844 2
8221 2
7181 2
442 2
6295 2
2691 2
4961 2
5142 2
2550 2
7338 2
10549 2
10557 2
6048 2
7324 2
10392 2
5425 2
12229 2
12230 2
12231 2
12232 2
12233 2
12228 2
12227 2
12226 2
12225 2
3034 2
2103 2
4152 2
1202 2
4440 2
6098 2
461 2
5469 2
2570 2
462 2
460 2
5764 2
6029 2
1755 2
1053 2
201 2
2147 2
2910 2
2907 2
5079 2
766 2
4883 2
5612 2
5078 2
5080 2
5430 2
9568 2
2148 2
10973 2
11155 2
452 2
769 2
767 2
1088 2
763 2
765 2
6803 2
4207 2
6676 2
4206 2
4208 2
7932 2
456 2
751 2
760 2
2095 2
448 2
7762 2
5993 2
5992 2
5990 2
7763 2
5491 2
2344 2
5989 2
1937 2
3062 2
2394 2
6 2
2400 2
1084 2
5226 2
2269 2
5144 2
2399 2
2396 2
5424 2
2401 2
2398 2
9614 2
363 2
9605 2
9613 2
5611 2
5613 2
2402 2
11134 2
11101 2
5876 2
5614 2
11135 2
11133 2
8109 2
437 2
8 2
4545 2
759 2
2146 2
6864 2
6650 2
2589 2
6654 2
6833 2
6653 2
6652 2
6867 2
6651 2
7465 2
1066 2
1008 2
3200 2
3201 2
3202 2
200 2
4962 2
9331 2
7726 2
7728 2
7727 2
199 2
9321 2
11504 2
9320 2
1071 2
2611 2
3276 2
3581 2
6129 2
5825 2
4239 2
3598 2
2606 2
1085 2
3603 2
4193 2
3601 2
4240 2
5824 2
3605 2
4238 2
3961 2
4241 2
3604 2
3600 2
3599 2
5640 2
5641 2
5642 2
6139 2
6140 2
6130 2
8847 2
11634 2
11635 2
3639 2
4952 2
3951 2
3950 2
5979 2
12545 2
12546 2
11773 2
11 2
3193 2
9 2
1 2
5 2
2157 2
2156 2
12 2
10 2
2155 2
8017 2
2568 2
8034 2
2154 2
3 2
7845 2
8032 2
8033 2
8035 2
7719 2
11829 2
11302 2
9893 2
11826 2
11827 2
11828 2
11830 2
11825 2
5953 2
7526 2
7528 2
8189 2
7529 2
12359 2
12358 2
12357 2
12356 2
12355 2
12354 2
12353 2
12352 2
12351 2
12350 2
12349 2
12348 2
12347 2
9188 2
9189 2
10963 2
10977 2
10975 2
10974 2
10971 2
10969 2
10967 2
10966 2
10965 2
10964 2
9187 2
10962 2
10961 2
10960 2
10959 2
10968 2
10958 2
4151 2
4652 2
5707 2
5754 2
7527 2
9657 2
5755 2
5706 2
5708 2
4319 2
9340 2
10970 2
10976 2
10972 2
457 2
9627 2
1207 2
12202 2
12204 2
12207 2
4217 2
12203 2
12205 2
12206 2
12208 2
12209 2
12210 2
9628 2
9629 2
441 2
5218 2
11428 2
5238 2
10262 2
3435 2
11413 2
11412 2
357 2
4577 2
4154 2
2100 2
6836 2
6838 2
7502 2
6234 2
4153 2
4575 2
8276 2
8103 2
8101 2
7899 2
9653 2
6869 2
6233 2
7501 2
8126 2
8102 2
6870 2
6232 2
6868 2
6230 2
724 2
2742 2
10459 2
3438 2
6114 2
6115 2
6108 2
6109 2
6111 2
6117 2
6118 2
6119 2
6657 2
6658 2
6655 2
687 2
3337 2
6113 2
689 2
6116 2
3433 2
3063 2
6110 2
6656 2
3432 2
3434 2
3437 2
3430 2
3431 2
6112 2
3436 2
8874 2
8875 2
8873 2
7150 2
7149 2
2726 2
3579 2
1605 2
2728 2
2720 2
2725 2
2727 2
2729 2
2730 2
2731 2
2719 2
7717 2
7721 2
7722 2
7723 2
7724 2
2722 2
11453 2
11451 2
11452 2
11454 2
11455 2
11456 2
11457 2
11458 2
11459 2
11460 2
11461 2
11462 2
11463 2
11450 2
2724 2
8107 2
6127 2
8108 2
9726 2
2723 2
11298 2
11296 2
11297 2
11299 2
11300 2
11301 2
11295 2
2721 2
1822 2
3118 2
7725 2
2735 2
2733 2
1158 2
12275 2
12284 2
12283 2
12282 2
12280 2
12279 2
12278 2
12277 2
12276 2
12274 2
12273 2
12272 2
12271 2
12270 2
12269 2
12268 2
12281 2
12267 2
2610 2
3288 2
3284 2
5687 2
2605 2
3294 2
3295 2
1941 2
11796 2
11797 2
11798 2
11799 2
4484 2
4483 2
2612 2
2784 2
3293 2
3290 2
11674 2
3289 2
1522 2
5685 2
5686 2
3292 2
3056 2
8318 2
8319 2
5324 2
10058 2
11418 2
11419 2
9468 2
9469 2
9467 2
3054 2
3195 2
3280 2
3278 2
3279 2
8193 2
4925 2
7346 2
8154 2
7635 2
3282 2
3277 2
2340 2
5739 2
5412 2
5738 2
6005 2
4032 2
5737 2
5740 2
5741 2
4909 2
11415 2
11414 2
5566 2
5567 2
6447 2
603 2
4033 2
8278 2
8279 2
5565 2
8228 2
8229 2
8230 2
8231 2
6747 2
6446 2
6746 2
3441 2
3450 2
3451 2
3445 2
3442 2
3446 2
3440 2
5513 2
7900 2
3449 2
3447 2
11765 2
6096 2
7898 2
3444 2
3439 2
11764 2
5507 2
7438 2
7437 2
7627 2
7524 2
8275 2
7626 2
8274 2
3270 2
2331 2
5032 2
5033 2
2395 2
3053 2
2969 2
2972 2
2973 2
3668 2
3670 2
3671 2
2970 2
3055 2
3061 2
3064 2
3052 2
773 2
3065 2
3169 2
3166 2
12085 2
2971 2
5426 2
4614 2
8370 2
6212 2
1111 2
1108 2
3657 2
3656 2
3658 2
3659 2
1103 2
1112 2
1105 2
1109 2
1368 2
3655 2
11578 2
2732 2
4291 2
10353 2
10352 2
10355 2
10351 2
10354 2
10368 2
10367 2
3338 2
3448 2
6300 2
3589 2
12211 2
12212 2
12213 2
12214 2
12215 2
12216 2
11632 2
5429 2
5211 2
3057 2
5427 2
4622 2
11329 2
5428 2
11330 2
11331 2
11470 2
2348 2
5463 2
7718 2
8014 2
8016 2
8018 2
5381 2
11669 2
8013 2
8015 2
11874 2
11875 2
11876 2
11877 2
11878 2
11873 2
9475 2
1086 2
9477 2
5891 2
5892 2
9476 2
9478 2
9479 2
9480 2
9481 2
5890 2
5889 2
5075 2
5954 2
9500 2
9970 2
9969 2
9967 2
2343 2
6452 2
7436 2
7441 2
7623 2
7624 2
7625 2
9548 2
9549 2
9547 2
458 2
5880 2
4543 2
1110 2
4619 2
5321 2
5323 2
5319 2
4616 2
4618 2
4620 2
4621 2
11637 2
11638 2
11639 2
11640 2
11643 2
11644 2
11645 2
11648 2
11649 2
11650 2
11636 2
11641 2
10632 2
10759 2
10762 2
1144 2
6285 2
6284 2
6286 2
6023 2
7668 2
7666 2
7667 2
7669 2
6024 2
6022 2
8666 2
435 2
11280 2
446 2
7817 2
4444 2
12530 2
12531 2
12532 2
12533 2
12534 2
12535 2
5827 2
3443 2
2346 2
352 2
6147 2
6146 2
6145 2
6142 2
3058 2
6143 2
6148 2
6141 2
10280 2
10281 2
10282 2
10284 2
10285 2
10286 2
10287 2
10288 2
10289 2
10278 2
10279 2
10283 2
2445 2
3175 2
3180 2
1908 2
3174 2
3176 2
3178 2
3181 2
5768 2
5325 2
8063 2
8064 2
8067 2
8062 2
4884 2
8065 2
8066 2
12036 2
12033 2
12034 2
12035 2
12037 2
12038 2
12039 2
12032 2
5216 2
12040 2
10771 2
2571 2
5815 2
5812 2
5813 2
5814 2
7038 2
7520 2
1636 2
7517 2
7518 2
7519 2
2520 2
4320 2
4442 2
4443 2
1107 2
11103 2
11094 2
11095 2
11096 2
11097 2
11098 2
11099 2
11100 2
11102 2
11104 2
11105 2
11093 2
5872 2
5871 2
5870 2
5994 2
4463 2
9659 2
9656 2
9658 2
9654 2
11914 2
4888 2
5956 2
3171 2
5958 2
5960 2
5952 2
5955 2
7631 2
5680 2
3194 2
3192 2
5681 2
5678 2
5679 2
5795 2
5676 2
10173 2
10170 2
10172 2
10174 2
10175 2
10176 2
10168 2
10169 2
2644 2
5217 2
5207 2
5208 2
5215 2
5206 2
5213 2
5214 2
2974 2
11494 2
11493 2
4617 2
6863 2
6866 2
6862 2
7206 2
7205 2
11786 2
11785 2
5829 2
12026 2
12025 2
5015 2
5012 2
5013 2
5014 2
5009 2
5011 2
9292 2
5010 2
5221 2
7521 2
11734 2
11735 2
7522 2
7525 2
4887 2
6046 2
6801 2
6802 2
6800 2
8326 2
1141 2
9981 2
9982 2
9983 2
9984 2
9985 2
9986 2
9980 2
6222 2
6219 2
6221 2
6223 2
6224 2
6225 2
6218 2
6049 2
6303 2
6305 2
6304 2
6302 2
8226 2
8227 2
8245 2
8225 2
8244 2
1104 2
9360 2
9359 2
6835 2
6834 2
6837 2
6832 2
4658 2
4654 2
4655 2
4657 2
4650 2
6202 2
8191 2
8192 2
8188 2
4436 2
4437 2
4438 2
4439 2
4433 2
10393 2
10389 2
10390 2
10391 2
10388 2
4896 2
6041 2
6772 2
6773 2
6774 2
6769 2
7680 2
7681 2
7679 2
5766 2
5767 2
5765 2
5874 2
5875 2
5873 2
6506 2
6507 2
6505 2
6294 2
6293 2
11437 2
11436 2
6121 2
6120 2
11230 2
11229 2
6964 2
6963 2
12422 2
12421 2
7805 2
10431 2
5420 2
3275 2
5312 2
262 3
740 3
793 3
266 3
814 3
1260 3
2545 3
269 3
258 3
806 3
922 3
2441 3
2121 3
807 3
9509 3
2440 3
320 3
264 3
790 3
5331 3
5811 3
395 3
327 3
722 3
3111 3
11771 3
1808 3
1759 3
7641 3
12330 3
10900 3
5190 3
10933 3
9368 3
3274 3
12320 3
12321 3
12322 3
12323 3
12324 3
12325 3
12326 3
12327 3
12328 3
12329 3
12319 3
346 3
398 3
3205 3
3206 3
3595 3
3269 3
1208 3
5991 3
725 3
7416 3
4633 3
402 3
3702 3
4926 3
3204 3
10860 3
3273 3
11770 3
5394 3
1447 3
5313 3
5834 3
3596 3
7361 3
4293 3
7964 3
3272 3
4923 3
3268 3
4928 3
4927 3
4924 3
11024 3
11023 3
9149 3
7884 3
7883 3
3271 3
3267 3
7473 3
5393 3
7882 3
4290 3
3266 3
5392 3
9148 3
7472 3
813 3
2124 3
742 3
6185 3
723 3
802 3
3936 3
5138 3
2123 3
804 3
5363 3
3875 3
3855 3
741 3
4496 3
6182 3
4960 3
737 3
6184 3
672 3
3935 3
3929 3
9805 3
732 3
3198 3
729 3
130 3
731 3
733 3
3368 3
3364 3
3369 3
3363 3
3361 3
3366 3
3365 3
3362 3
3367 3
5311 3
9233 3
4659 3
9234 3
730 3
980 3
5576 3
5574 3
9705 3
1727 3
1719 3
797 3
1714 3
1723 3
1793 3
2391 3
1716 3
2388 3
1715 3
1726 3
2393 3
2390 3
2392 3
1717 3
1728 3
2389 3
1725 3
2387 3
1721 3
1002 3
1724 3
4831 3
1720 3
2816 3
9474 3
4812 3
1722 3
10982 3
10983 3
6181 3
2817 3
6179 3
6178 3
6176 3
11015 3
5836 3
5839 3
5840 3
2813 3
2812 3
6175 3
4811 3
6174 3
4808 3
7036 3
9358 3
9483 3
2128 3
2116 3
2127 3
1792 3
2126 3
2125 3
1797 3
2119 3
2232 3
2120 3
2118 3
3660 3
2117 3
2230 3
3661 3
5484 3
2129 3
9821 3
9822 3
2229 3
2231 3
1572 3
2358 3
583 3
5608 3
4697 3
926 3
4694 3
921 3
915 3
6542 3
3908 3
6543 3
3904 3
3128 3
914 3
6959 3
919 3
11167 3
11168 3
11169 3
8860 3
9597 3
7188 3
5826 3
4135 3
3899 3
3902 3
6535 3
4281 3
10726 3
6541 3
6180 3
916 3
9451 3
9453 3
11170 3
11171 3
11173 3
11166 3
11172 3
11165 3
11164 3
6544 3
6539 3
6538 3
3903 3
3900 3
9866 3
8720 3
8717 3
8701 3
1001 3
809 3
810 3
798 3
4365 3
3040 3
4554 3
3869 3
9334 3
8095 3
2439 3
3676 3
5838 3
7807 3
3370 3
5584 3
2442 3
8273 3
7808 3
8093 3
8094 3
6846 3
7739 3
1629 3
1622 3
1794 3
2281 3
4514 3
4513 3
1795 3
4508 3
1624 3
1789 3
5466 3
9891 3
1618 3
5581 3
1787 3
9799 3
1619 3
1616 3
1615 3
7738 3
4505 3
7734 3
5467 3
9800 3
1791 3
1788 3
5583 3
5582 3
1623 3
1625 3
1628 3
7735 3
7737 3
9216 3
9215 3
4506 3
4509 3
4510 3
4511 3
4517 3
9386 3
9387 3
9388 3
4540 3
4541 3
4542 3
5465 3
4539 3
9385 3
745 3
6845 3
9275 3
7694 3
917 3
924 3
2368 3
10117 3
6536 3
7512 3
9909 3
9910 3
6961 3
6962 3
6960 3
6593 3
8224 3
12441 3
12442 3
12443 3
12444 3
12445 3
12446 3
12447 3
12448 3
12449 3
12450 3
12451 3
12452 3
12440 3
12439 3
12438 3
12437 3
12436 3
12435 3
12434 3
12433 3
12432 3
12431 3
12430 3
12429 3
12428 3
983 3
746 3
1284 3
3877 3
738 3
743 3
4660 3
727 3
5539 3
5165 3
739 3
5575 3
6183 3
4661 3
1292 3
12198 3
12199 3
12200 3
12201 3
808 3
2011 3
975 3
1000 3
5899 3
5897 3
5898 3
5900 3
1245 3
1252 3
1003 3
995 3
1246 3
992 3
996 3
8204 3
6705 3
8205 3
8206 3
8207 3
1617 3
2444 3
2814 3
2443 3
4136 3
1718 3
1089 3
5837 3
9282 3
9285 3
9283 3
9284 3
9286 3
9882 3
726 3
2413 3
1453 3
2415 3
1452 3
1570 3
1574 3
1573 3
3038 3
8816 3
32 3
920 3
6977 3
9127 3
9019 3
9486 3
9125 3
9126 3
9128 3
9129 3
2130 3
2133 3
994 3
991 3
2131 3
4775 3
2132 3
993 3
990 3
4774 3
2134 3
4773 3
998 3
2760 3
2761 3
11553 3
11554 3
989 3
11552 3
265 3
1729 3
1082 3
3907 3
2411 3
1809 3
985 3
2414 3
5841 3
3318 3
3854 3
5573 3
9281 3
3321 3
5842 3
5572 3
2546 3
2913 3
1810 3
2914 3
2916 3
9383 3
7561 3
6956 3
1807 3
9384 3
2912 3
2915 3
2917 3
7562 3
7560 3
2034 3
2037 3
2032 3
2030 3
2035 3
2039 3
4793 3
1621 3
2033 3
649 3
2038 3
2040 3
2041 3
2036 3
2031 3
10991 3
4794 3
10990 3
10992 3
4853 3
4854 3
4855 3
4852 3
11464 3
12004 3
11995 3
11996 3
11997 3
11998 3
11999 3
12000 3
12001 3
12002 3
12003 3
11994 3
12005 3
12006 3
12007 3
12008 3
12009 3
12010 3
12011 3
12012 3
11984 3
11987 3
11975 3
11976 3
11977 3
11978 3
11979 3
11980 3
11981 3
11982 3
11985 3
11986 3
11988 3
11989 3
11990 3
11991 3
11992 3
11993 3
11974 3
9592 3
9593 3
9594 3
9598 3
9599 3
9602 3
9591 3
8718 3
6327 3
8721 3
9217 3
11983 3
8870 3
9595 3
9596 3
9600 3
9601 3
9603 3
1627 3
6540 3
6537 3
1626 3
9526 3
9528 3
1620 3
11163 3
9931 3
9527 3
9525 3
11199 3
11200 3
11201 3
11202 3
11203 3
11204 3
11205 3
11206 3
2815 3
9314 3
5693 3
6957 3
803 3
4133 3
9315 3
10447 3
11446 3
11448 3
4085 3
10448 3
10449 3
12292 3
12302 3
12301 3
12300 3
12299 3
12298 3
12297 3
12296 3
12295 3
12294 3
12293 3
12291 3
12290 3
12289 3
12288 3
12287 3
12286 3
12285 3
10331 3
3920 3
10330 3
6521 3
4515 3
7600 3
7602 3
7603 3
7374 3
4696 3
7601 3
5060 3
8223 3
796 3
3756 3
3755 3
3753 3
3752 3
3754 3
6978 3
6979 3
5869 3
9357 3
6976 3
1571 3
792 3
4516 3
2122 3
801 3
9562 3
9561 3
812 3
5580 3
711 3
8404 3
3125 3
3122 3
11079 3
11080 3
11081 3
11082 3
8269 3
6085 3
4251 3
9681 3
9678 3
5537 3
9679 3
9680 3
9682 3
11371 3
11372 3
11373 3
11370 3
10625 3
999 3
1445 3
4363 3
1449 3
4364 3
9823 3
4959 3
5310 3
3199 3
3197 3
8182 3
8183 3
8184 3
3196 3
5308 3
6086 3
6081 3
6082 3
6083 3
6084 3
6080 3
8270 3
6087 3
8268 3
8267 3
9757 3
9759 3
9756 3
193 3
12071 3
12072 3
12073 3
12074 3
12075 3
12076 3
12077 3
12078 3
12079 3
12080 3
12081 3
12082 3
12070 3
9928 3
9930 3
9932 3
9927 3
8719 3
9929 3
7182 3
4134 3
1906 3
9667 3
9663 3
9664 3
9665 3
9666 3
1448 3
2278 3
8880 3
8135 3
9119 3
9120 3
9121 3
9117 3
9118 3
9354 3
9355 3
9353 3
11661 3
11652 3
11653 3
11654 3
11655 3
11656 3
11658 3
11659 3
11660 3
11662 3
11663 3
11651 3
11657 3
10732 3
325 3
7460 3
7458 3
7459 3
3872 3
3871 3
3873 3
3868 3
3870 3
3874 3
3876 3
721 3
748 3
734 3
736 3
747 3
749 3
5485 3
12377 3
5483 3
12376 3
6524 3
6517 3
6519 3
6520 3
6516 3
6523 3
6522 3
6518 3
1893 3
1892 3
1891 3
5364 3
2288 3
2294 3
2292 3
2290 3
2286 3
8491 3
6594 3
6590 3
6591 3
6592 3
6595 3
6596 3
6598 3
6589 3
3426 3
9154 3
9155 3
789 3
816 3
817 3
560 3
6958 3
11335 3
6927 3
11271 3
6954 3
3124 3
3126 3
3121 3
4140 3
4138 3
4139 3
4137 3
3371 3
735 3
4695 3
3123 3
4528 3
3474 3
11405 3
11404 3
11403 3
791 3
5043 3
9783 3
9782 3
5042 3
5694 3
5691 3
5692 3
5690 3
10930 3
10931 3
10932 3
10929 3
10462 3
10463 3
10461 3
8489 3
8492 3
8488 3
2544 3
2547 3
2543 3
1760 3
1758 3
5538 3
5535 3
1806 3
828 4
907 4
1672 4
1678 4
1673 4
1670 4
467 4
3186 4
3185 4
3184 4
3191 4
3183 4
3188 4
3187 4
3189 4
1667 4
3859 4
1668 4
3190 4
1676 4
1675 4
960 4
3244 4
4360 4
955 4
2136 4
2137 4
4336 4
5930 4
5931 4
5929 4
5659 4
9201 4
5656 4
5660 4
829 4
5658 4
12130 4
12131 4
12132 4
12133 4
12134 4
12135 4
9244 4
1047 4
5655 4
7007 4
7022 4
9214 4
7028 4
9207 4
9211 4
10307 4
11712 4
5701 4
11713 4
11711 4
6314 4
2407 4
913 4
909 4
6886 4
2404 4
6884 4
6891 4
6885 4
6403 4
6890 4
6889 4
6919 4
6883 4
6901 4
6902 4
6918 4
6899 4
8234 4
9997 4
3835 4
6900 4
10939 4
6004 4
11729 4
11730 4
11731 4
11732 4
11733 4
831 4
6898 4
9454 4
9455 4
6897 4
6995 4
6994 4
6998 4
7001 4
6968 4
644 4
6996 4
6997 4
7000 4
8644 4
8643 4
4332 4
6981 4
6982 4
6980 4
9367 4
5653 4
5651 4
5652 4
5654 4
7040 4
7053 4
7039 4
7025 4
7029 4
7020 4
7023 4
7026 4
7027 4
7021 4
7024 4
7030 4
7031 4
7032 4
7019 4
6989 4
6906 4
6984 4
6985 4
6986 4
6990 4
6991 4
6992 4
6983 4
6948 4
6952 4
6947 4
6949 4
6950 4
6951 4
6953 4
9540 4
9541 4
9542 4
9543 4
9545 4
9546 4
9539 4
5698 4
5699 4
5697 4
5702 4
5704 4
2931 4
3127 4
7605 4
7606 4
7607 4
6942 4
6308 4
6909 4
6988 4
7037 4
7047 4
7048 4
7049 4
7050 4
4329 4
4330 4
4331 4
4327 4
12108 4
12109 4
12110 4
12111 4
12113 4
12107 4
910 4
6938 4
6932 4
6935 4
6936 4
11693 4
11692 4
6911 4
6912 4
7054 4
6908 4
6928 4
2406 4
9213 4
9200 4
9202 4
9204 4
9205 4
9208 4
9210 4
9212 4
9199 4
6910 4
7043 4
7044 4
4328 4
1992 4
12013 4
7288 4
10306 4
10308 4
10305 4
7287 4
827 4
7006 4
7005 4
7004 4
6896 4
6895 4
6892 4
6904 4
6905 4
6907 4
6903 4
9203 4
12454 4
12455 4
12453 4
10937 4
10938 4
10936 4
3866 4
3867 4
3865 4
9209 4
8130 4
8131 4
8129 4
2405 4
2408 4
2403 4
908 4
912 4
906 4
7003 4
7002 4
826 4
825 4
2265 5
2956 5
2262 5
2473 5
2955 5
707 5
2475 5
2474 5
2959 5
2476 5
2471 5
2957 5
2954 5
8250 5
5004 5
2958 5
4604 5
9855 5
9854 5
9853 5
5005 5
5002 5
5003 5
5007 5
5006 5
4603 5
5149 5
9897 5
2481 5
5599 5
9896 5
9895 5
6297 5
2470 5
5598 5
9894 5
6296 5
2360 5
2362 5
2356 5
338 5
2261 5
9484 5
336 5
2472 5
5966 5
5967 5
5970 5
5971 5
9174 5
2282 5
2304 5
5968 5
5969 5
4805 5
9082 5
9081 5
4109 5
3324 5
4197 5
4108 5
4194 5
4110 5
4111 5
4112 5
4195 5
4196 5
3310 5
3312 5
2373 5
3311 5
3313 5
3314 5
3315 5
800 5
7654 5
4424 5
5148 5
7523 5
7799 5
7655 5
7653 5
7795 5
7796 5
7797 5
7798 5
3794 5
4716 5
3790 5
4423 5
3792 5
4422 5
4426 5
3789 5
2887 5
1583 5
2888 5
3429 5
3427 5
3425 5
3428 5
2480 5
4427 5
9110 5
9111 5
2823 5
2819 5
2820 5
2821 5
2822 5
2825 5
2826 5
2827 5
4724 5
2818 5
4723 5
4722 5
4721 5
4720 5
4719 5
4718 5
4717 5
4715 5
4714 5
2361 5
3735 5
3730 5
3731 5
799 5
3732 5
3733 5
3734 5
3736 5
2478 5
2477 5
2372 5
2370 5
2369 5
2371 5
3329 5
11360 5
11361 5
11359 5
337 5
341 5
340 5
2354 5
335 5
2355 5
2357 5
339 5
2824 5
3674 5
9430 5
9802 5
9803 5
9804 5
9801 5
9431 5
5086 5
3793 5
706 5
2479 5
682 5
684 5
685 5
686 5
688 5
691 5
692 5
693 5
679 5
9944 5
9945 5
9946 5
9943 5
11908 5
11909 5
11910 5
11911 5
11912 5
11907 5
6137 5
8251 5
9230 5
9227 5
9228 5
9229 5
9226 5
3325 5
3326 5
3328 5
3323 5
3327 5
4425 5
9030 5
9028 5
9029 5
9027 5
690 5
9662 5
11918 5
11919 5
11916 5
11917 5
11920 5
11921 5
11915 5
6378 5
6375 5
6376 5
6377 5
6379 5
6380 5
6381 5
6374 5
9257 5
9258 5
9259 5
9260 5
9261 5
9262 5
9256 5
1577 5
2359 5
681 5
6138 5
11441 5
11442 5
11440 5
6135 5
680 5
4186 5
2263 5
2264 5
2266 5
2260 5
9649 5
9651 5
9652 5
9648 5
11913 5
705 5
708 5
704 5
11283 5
11284 5
11282 5
9339 5
9338 5
9173 5
9171 5
4792 5
1660 6
3358 6
3356 6
4179 6
3357 6
3352 6
2283 6
3355 6
11507 6
3353 6
3354 6
3351 6
11787 6
2925 6
10683 6
10685 6
5536 6
12375 6
12374 6
12373 6
12372 6
12371 6
12370 6
12369 6
12368 6
12367 6
12366 6
12365 6
12364 6
12363 6
12362 6
12361 6
12360 6
2926 6
2469 6
2924 6
646 6
2932 6
2927 6
2928 6
97 6
2949 6
2923 6
2930 6
2950 6
2953 6
2468 6
6268 6
6269 6
6270 6
6271 6
6274 6
6276 6
6278 6
6267 6
6272 6
6273 6
6277 6
6280 6
11503 6
6275 6
6279 6
3059 6
11031 6
616 6
390 6
982 6
617 6
977 6
2169 6
4252 6
984 6
988 6
976 6
4254 6
987 6
614 6
11506 6
11508 6
11509 6
11510 6
11511 6
11512 6
11513 6
11514 6
11515 6
11516 6
11517 6
11518 6
11519 6
11520 6
11505 6
5130 6
5132 6
5133 6
5126 6
2574 6
5127 6
5128 6
5129 6
5131 6
11723 6
11724 6
11725 6
11726 6
11727 6
11728 6
11612 6
11611 6
11613 6
11614 6
11615 6
11616 6
11618 6
11619 6
11620 6
11609 6
387 6
389 6
1165 6
1167 6
1164 6
1163 6
382 6
1932 6
384 6
1930 6
1929 6
2460 6
9059 6
9058 6
2572 6
4753 6
4984 6
4987 6
4988 6
4992 6
9923 6
4989 6
4993 6
9922 6
9921 6
4986 6
6206 6
7451 6
7449 6
7450 6
6688 6
9288 6
9289 6
7448 6
8292 6
8282 6
8283 6
8284 6
8285 6
8286 6
8288 6
8289 6
8291 6
8293 6
8294 6
8280 6
8287 6
8290 6
8281 6
8295 6
391 6
4245 6
4242 6
4246 6
4247 6
4244 6
4243 6
4668 6
4671 6
4673 6
4674 6
1661 6
4667 6
4669 6
4670 6
4672 6
4676 6
4677 6
10691 6
10684 6
10686 6
10687 6
10688 6
10689 6
10690 6
10692 6
10693 6
10694 6
10695 6
10696 6
10697 6
10698 6
10699 6
10682 6
11037 6
11038 6
11039 6
11041 6
11042 6
11036 6
9753 6
11040 6
388 6
9752 6
11475 6
11476 6
11478 6
11479 6
11480 6
11481 6
11474 6
11408 6
9422 6
11477 6
6036 6
6040 6
6037 6
6038 6
6039 6
981 6
1076 6
385 6
386 6
2021 6
7089 6
11610 6
11617 6
9750 6
12241 6
2929 6
4991 6
4675 6
9079 6
9080 6
9078 6
4810 6
11034 6
11032 6
11033 6
11030 6
9196 6
9195 6
11035 6
6220 6
9754 6
9747 6
9748 6
9749 6
9751 6
9746 6
12112 6
4990 6
10275 6
10272 6
11485 6
11486 6
11484 6
3119 6
2429 6
2575 6
2566 6
2569 6
2573 6
2565 6
9887 6
9888 6
9889 6
9890 6
9886 6
9972 6
9973 6
9974 6
9976 6
9971 6
4333 6
9758 6
7366 6
10274 6
10273 6
4230 6
12172 6
12170 6
12171 6
12169 6
11407 6
11409 6
11406 6
9449 6
9450 6
9448 6
7365 6
7367 6
7364 6
6205 6
6207 6
6204 6
7677 6
7676 6
12419 6
11076 6
11498 6
11497 6
10336 6
2799 7
9730 7
7504 7
3817 7
4953 7
9731 7
9732 7
9729 7
4949 7
9012 7
9728 7
4950 7
9785 7
12512 7
12513 7
12514 7
12515 7
12516 7
12517 7
12518 7
12519 7
12520 7
12521 7
12522 7
12523 7
12524 7
12525 7
12526 7
12527 7
12528 7
4325 7
12178 7
12179 7
12180 7
12189 7
12173 7
12176 7
5422 7
12194 7
12193 7
12192 7
12191 7
12190 7
12187 7
12186 7
12185 7
12184 7
12183 7
12175 7
3952 7
3949 7
4948 7
4954 7
12401 7
12402 7
12403 7
12404 7
12405 7
12406 7
4939 7
3776 7
3777 7
3778 7
3774 7
4947 7
3775 7
4942 7
4958 7
4957 7
4956 7
4946 7
4945 7
4944 7
4943 7
3772 7
4941 7
4940 7
9863 7
2996 7
2874 7
2991 7
2992 7
2993 7
2990 7
4323 7
3133 7
4324 7
4322 7
12398 7
9016 7
2332 7
2333 7
12399 7
12400 7
2330 7
2994 7
12456 7
12458 7
12174 7
12188 7
3049 7
12457 7
12459 7
12460 7
12461 7
12462 7
12463 7
12464 7
4623 7
376 7
12331 7
12332 7
12335 7
12336 7
12337 7
12338 7
12339 7
12343 7
12344 7
12345 7
4298 7
4299 7
4300 7
4296 7
4297 7
4301 7
131 7
9294 7
9295 7
4951 7
4915 7
4916 7
4918 7
4919 7
4914 7
4917 7
9851 7
4219 7
4485 7
4216 7
4218 7
4215 7
4326 7
8515 7
652 7
9812 7
9811 7
9810 7
3773 7
4468 7
4469 7
4467 7
5189 7
5188 7
12181 7
12177 7
9308 7
4454 7
4453 7
3816 7
3818 7
2669 7
12334 7
12341 7
12342 7
12346 7
7018 7
10835 8
10846 8
10845 8
10844 8
10842 8
10841 8
10840 8
10839 8
10838 8
10837 8
10847 8
10834 8
10833 8
10832 8
10831 8
10830 8
10829 8
10828 8
10827 8
10856 8
10867 8
10866 8
10865 8
10864 8
10863 8
10862 8
10861 8
10859 8
10857 8
10826 8
10855 8
10854 8
10853 8
10852 8
10851 8
10850 8
10849 8
10848 8
10795 8
10805 8
10804 8
10803 8
10802 8
10801 8
10799 8
10798 8
10797 8
10796 8
10806 8
10794 8
10793 8
10792 8
10791 8
10790 8
10789 8
10788 8
10787 8
10815 8
10825 8
10824 8
10823 8
10822 8
10821 8
10819 8
10818 8
10817 8
10816 8
10814 8
10813 8
10812 8
10811 8
10810 8
10809 8
10808 8
10807 8
10786 8
10619 8
10608 8
10609 8
10610 8
10612 8
10613 8
10614 8
10615 8
10617 8
10618 8
10607 8
10620 8
10622 8
10623 8
10624 8
10626 8
10627 8
10628 8
10629 8
10594 8
10599 8
10584 8
10585 8
10586 8
10587 8
10588 8
10589 8
10590 8
10591 8
10595 8
10597 8
10600 8
10601 8
10602 8
10603 8
10604 8
10606 8
10581 8
9556 8
9557 8
9555 8
10582 8
10583 8
10592 8
10593 8
10596 8
10605 8
10611 8
10616 8
10621 8
10753 9
10765 9
10764 9
10763 9
10761 9
10760 9
10757 9
10756 9
10755 9
10754 9
10766 9
10752 9
10751 9
10750 9
10749 9
10748 9
10747 9
10745 9
10744 9
10743 9
10776 9
10785 9
10784 9
10783 9
10782 9
10781 9
10780 9
10779 9
10778 9
10777 9
10742 9
10775 9
10774 9
10773 9
10772 9
10770 9
10769 9
10768 9
10767 9
10710 9
10720 9
10719 9
10718 9
10717 9
10716 9
10715 9
10713 9
10712 9
10711 9
10721 9
10709 9
10708 9
10707 9
10706 9
10705 9
10704 9
10703 9
10701 9
10731 9
10741 9
10740 9
10739 9
10738 9
10737 9
10736 9
10735 9
10734 9
10733 9
10730 9
10729 9
10728 9
10727 9
10725 9
10724 9
10723 9
10722 9
10700 9
625 10
4613 10
11467 10
11469 10
11499 10
1849 10
11431 10
11430 10
9092 11
9085 11
9086 11
9087 11
9089 11
9090 11
9091 11
9093 11
9094 11
9095 11
9083 11
9077 11
9068 11
9069 11
9071 11
9073 11
9074 11
9075 11
9076 11
9067 11
2276 11
8952 11
8955 11
8953 11
8954 11
8951 11
9070 11
997 11
6626 11
9072 11
9084 11
9088 11
2086 12
1528 13
1270 14
5235 15
5231 15
5232 15
5225 15
6921 15
6922 15
6923 15
6920 15
5236 15
8416 16
8417 16
8418 16
8419 16
8420 16
8421 16
8415 16
4630 17
4631 17
4629 17
10386 17
10387 17
10385 17
7596 18
7597 18
7598 18
7599 18
7595 18
3089 19
3090 19
3091 19
3092 19
3088 19
9063 20
9064 20
9065 20
9066 20
9062 20
5299 21
5300 21
5301 21
5298 21
5963 22
5964 22
5965 22
5962 22
9918 23
9919 23
9917 23
12058 24
12059 24
12057 24
9193 25
9194 25
9192 25
12577 26
12576 26
12120 27
12119 27
12123 28
12122 28
12565 29
12564 29
12567 30
12566 30
12569 31
12568 31
12571 32
12570 32
12573 33
12572 33
12575 34
12574 34
12084 35
12083 35
12579 36
12578 36
12581 37
12580 37
12583 38
12582 38
12585 39
12584 39
12587 40
12586 40
12589 41
12588 41
12591 42
12590 42
1645 43
1644 43
8499 44
8498 44
6191 45
6190 45
9307 46
9306 46
5809 47
5808 47
9634 48
9633 48
9684 49
9683 49
9698 50
9697 50
5689 51
5688 51
4026 52
4025 52
11417 53
11416 53
11444 54
11443 54
11973 55
11972 55
8727 56
8726 56
10404 57
10403 57
11397 58
12014 59
