1024 1 0
1536 1 0
520 1 0
1545 1 0
1550 1 0
1556 1 0
33 1 0
1572 1 0
37 1 0
1574 1 0
39 1 0
560 1 0
48 1 0
1078 1 0
56 1 0
573 1 0
576 1 0
1092 1 0
69 1 0
1619 1 0
85 1 0
1621 1 0
1629 1 0
1117 1 0
97 1 0
98 1 0
1126 1 0
106 1 0
1136 1 0
1650 1 0
630 1 0
1154 1 0
135 1 0
1164 1 0
144 1 0
146 1 0
1173 1 0
665 1 0
1178 1 0
155 1 0
1691 1 0
671 1 0
162 1 0
1192 1 0
1197 1 0
1710 1 0
176 1 0
691 1 0
1205 1 0
1718 1 0
1207 1 0
702 1 0
205 1 0
1743 1 0
1748 1 0
727 1 0
220 1 0
1762 1 0
1270 1 0
1784 1 0
1785 1 0
1277 1 0
1795 1 0
261 1 0
785 1 0
278 1 0
1305 1 0
292 1 0
1317 1 0
1830 1 0
818 1 0
1851 1 0
831 1 0
333 1 0
850 1 0
341 1 0
1366 1 0
855 1 0
1881 1 0
866 1 0
869 1 0
359 1 0
1896 1 0
874 1 0
369 1 0
1394 1 0
1919 1 0
1407 1 0
898 1 0
900 1 0
905 1 0
1421 1 0
1426 1 0
1941 1 0
406 1 0
415 1 0
425 1 0
1976 1 0
441 1 0
443 1 0
460 1 0
1490 1 0
470 1 0
983 1 0
1495 1 0
476 1 0
998 1 0
1510 1 0
2027 1 0
1515 1 0
1007 1 0
1523 1 0
1526 1 0
1027 4 3
516 4 3
5 4 3
1030 4 3
1040 4 3
1042 4 3
19 4 3
1044 4 3
1558 4 3
1048 4 3
1567 4 3
1575 4 3
1577 4 3
44 4 3
1069 4 3
1070 4 3
1583 4 3
50 4 3
1076 4 3
569 4 3
1082 4 3
571 4 3
572 4 3
1598 4 3
1599 4 3
575 4 3
583 4 3
1095 4 3
1609 4 3
1610 4 3
72 4 3
1614 4 3
1103 4 3
1105 4 3
1618 4 3
87 4 3
1112 4 3
91 4 3
1632 4 3
1122 4 3
1123 4 3
613 4 3
102 4 3
1127 4 3
105 4 3
1648 4 3
624 4 3
1137 4 3
1654 4 3
1659 4 3
636 4 3
1661 4 3
129 4 3
130 4 3
1155 4 3
643 4 3
1157 4 3
1158 4 3
1159 4 3
1667 4 3
1675 4 3
1676 4 3
142 4 3
1166 4 3
1682 4 3
147 4 3
660 4 3
1690 4 3
159 4 3
1184 4 3
1186 4 3
175 4 3
1201 4 3
178 4 3
179 4 3
181 4 3
1725 4 3
191 4 3
705 4 3
195 4 3
1219 4 3
709 4 3
200 4 3
713 4 3
1739 4 3
1741 4 3
1750 4 3
1246 4 3
223 4 3
1758 4 3
734 4 3
226 4 3
1250 4 3
228 4 3
741 4 3
1257 4 3
1769 4 3
233 4 3
1262 4 3
1267 4 3
1780 4 3
1781 4 3
760 4 3
249 4 3
1274 4 3
1275 4 3
764 4 3
1786 4 3
250 4 3
263 4 3
1800 4 3
777 4 3
778 4 3
1803 4 3
783 4 3
1813 4 3
1301 4 3
279 4 3
1819 4 3
1308 4 3
799 4 3
1828 4 3
805 4 3
293 4 3
1831 4 3
807 4 3
1325 4 3
1328 4 3
819 4 3
1846 4 3
1334 4 3
1337 4 3
313 4 3
826 4 3
1852 4 3
1340 4 3
834 4 3
835 4 3
1860 4 3
1862 4 3
839 4 3
328 4 3
330 4 3
844 4 3
332 4 3
340 4 3
342 4 3
1880 4 3
348 4 3
351 4 3
1381 4 3
358 4 3
1384 4 3
1385 4 3
1386 4 3
364 4 3
365 4 3
1901 4 3
371 4 3
1396 4 3
1910 4 3
891 4 3
892 4 3
1404 4 3
1918 4 3
1405 4 3
1403 4 3
897 4 3
1915 4 3
388 4 3
902 4 3
1929 4 3
397 4 3
399 4 3
1937 4 3
915 4 3
404 4 3
917 4 3
923 4 3
1948 4 3
928 4 3
929 4 3
1954 4 3
1443 4 3
1955 4 3
1445 4 3
934 4 3
1446 4 3
424 4 3
938 4 3
1451 4 3
1964 4 3
426 4 3
1965 4 3
1968 4 3
946 4 3
1970 4 3
948 4 3
1975 4 3
951 4 3
1978 4 3
1979 4 3
444 4 3
958 4 3
1983 4 3
453 4 3
1479 4 3
1480 4 3
969 4 3
1993 4 3
459 4 3
1484 4 3
971 4 3
970 4 3
2000 4 3
1491 4 3
468 4 3
2013 4 3
991 4 3
1503 4 3
994 4 3
2018 4 3
1508 4 3
487 4 3
488 4 3
2025 4 3
2028 4 3
494 4 3
1520 4 3
500 4 3
1012 4 3
1528 4 3
506 4 3
509 4 3
1022 4 3
1023 4 3
6 5 0
7 5 0
9 5 0
26 5 0
30 5 0
53 5 0
57 5 0
65 5 0
68 5 0
73 5 0
76 5 0
80 5 0
81 5 0
86 5 0
89 5 0
95 5 0
113 5 0
114 5 0
116 5 0
126 5 0
139 5 0
140 5 0
141 5 0
143 5 0
171 5 0
183 5 0
192 5 0
199 5 0
202 5 0
207 5 0
212 5 0
214 5 0
232 5 0
235 5 0
241 5 0
247 5 0
248 5 0
253 5 0
255 5 0
259 5 0
267 5 0
269 5 0
274 5 0
286 5 0
300 5 0
309 5 0
311 5 0
321 5 0
322 5 0
338 5 0
354 5 0
356 5 0
357 5 0
363 5 0
368 5 0
377 5 0
380 5 0
381 5 0
386 5 0
389 5 0
393 5 0
394 5 0
405 5 0
407 5 0
413 5 0
416 5 0
433 5 0
438 5 0
447 5 0
449 5 0
466 5 0
477 5 0
478 5 0
482 5 0
484 5 0
486 5 0
490 5 0
493 5 0
496 5 0
499 5 0
501 5 0
504 5 0
507 5 0
515 5 0
523 5 0
527 5 0
537 5 0
544 5 0
555 5 0
568 5 0
581 5 0
597 5 0
598 5 0
610 5 0
611 5 0
625 5 0
633 5 0
634 5 0
635 5 0
646 5 0
662 5 0
674 5 0
676 5 0
685 5 0
712 5 0
716 5 0
719 5 0
721 5 0
728 5 0
730 5 0
745 5 0
749 5 0
750 5 0
754 5 0
762 5 0
767 5 0
768 5 0
769 5 0
776 5 0
782 5 0
790 5 0
791 5 0
797 5 0
803 5 0
813 5 0
814 5 0
822 5 0
823 5 0
840 5 0
845 5 0
846 5 0
847 5 0
848 5 0
851 5 0
854 5 0
856 5 0
858 5 0
859 5 0
868 5 0
872 5 0
878 5 0
882 5 0
886 5 0
894 5 0
901 5 0
910 5 0
920 5 0
952 5 0
953 5 0
959 5 0
966 5 0
976 5 0
981 5 0
985 5 0
996 5 0
1002 5 0
1004 5 0
1006 5 0
1013 5 0
1018 5 0
1029 5 0
1031 5 0
1033 5 0
1037 5 0
1038 5 0
1039 5 0
1041 5 0
1045 5 0
1055 5 0
1058 5 0
1059 5 0
1071 5 0
1083 5 0
1086 5 0
1094 5 0
1101 5 0
1108 5 0
1111 5 0
1114 5 0
1118 5 0
1124 5 0
1132 5 0
1139 5 0
1141 5 0
1142 5 0
1143 5 0
1147 5 0
1149 5 0
1152 5 0
1160 5 0
1163 5 0
1170 5 0
1171 5 0
1172 5 0
1187 5 0
1189 5 0
1195 5 0
1204 5 0
1206 5 0
1222 5 0
1224 5 0
1228 5 0
1232 5 0
1236 5 0
1242 5 0
1243 5 0
1252 5 0
1259 5 0
1264 5 0
1265 5 0
1271 5 0
1279 5 0
1281 5 0
1282 5 0
1289 5 0
1293 5 0
1296 5 0
1306 5 0
1307 5 0
1310 5 0
1311 5 0
1313 5 0
1318 5 0
1329 5 0
1330 5 0
1332 5 0
1338 5 0
1345 5 0
1346 5 0
1349 5 0
1350 5 0
1356 5 0
1359 5 0
1360 5 0
1365 5 0
1368 5 0
1370 5 0
1372 5 0
1377 5 0
1378 5 0
1379 5 0
1389 5 0
1393 5 0
1395 5 0
1400 5 0
1414 5 0
1424 5 0
1436 5 0
1437 5 0
1444 5 0
1447 5 0
1452 5 0
1455 5 0
1458 5 0
1459 5 0
1463 5 0
1464 5 0
1485 5 0
1498 5 0
1507 5 0
1513 5 0
1531 5 0
1553 5 0
1554 5 0
1561 5 0
1564 5 0
1568 5 0
1584 5 0
1588 5 0
1594 5 0
1595 5 0
1600 5 0
1607 5 0
1611 5 0
1620 5 0
1633 5 0
1636 5 0
1637 5 0
1641 5 0
1656 5 0
1669 5 0
1672 5 0
1694 5 0
1700 5 0
1704 5 0
1713 5 0
1721 5 0
1730 5 0
1734 5 0
1747 5 0
1749 5 0
1757 5 0
1773 5 0
1775 5 0
1783 5 0
1790 5 0
1802 5 0
1804 5 0
1806 5 0
1811 5 0
1812 5 0
1815 5 0
1820 5 0
1821 5 0
1822 5 0
1825 5 0
1826 5 0
1832 5 0
1850 5 0
1853 5 0
1859 5 0
1865 5 0
1871 5 0
1873 5 0
1885 5 0
1886 5 0
1898 5 0
1902 5 0
1904 5 0
1905 5 0
1906 5 0
1913 5 0
1916 5 0
1917 5 0
1921 5 0
1935 5 0
1944 5 0
1951 5 0
1958 5 0
1959 5 0
1961 5 0
1966 5 0
1967 5 0
1981 5 0
1991 5 0
2005 5 0
2010 5 0
2015 5 0
2017 5 0
2019 5 0
2021 5 0
2023 5 0
2026 5 0
2 7 0
3 7 0
4 7 0
11 7 0
12 7 0
14 7 0
15 7 0
17 7 0
21 7 0
22 7 0
24 7 0
25 7 0
31 7 0
34 7 0
36 7 0
38 7 0
42 7 0
43 7 0
45 7 0
47 7 0
51 7 0
58 7 0
60 7 0
61 7 0
63 7 0
64 7 0
66 7 0
74 7 0
84 7 0
90 7 0
92 7 0
93 7 0
94 7 0
96 7 0
104 7 0
107 7 0
108 7 0
109 7 0
112 7 0
115 7 0
117 7 0
118 7 0
119 7 0
120 7 0
121 7 0
122 7 0
124 7 0
127 7 0
132 7 0
136 7 0
145 7 0
148 7 0
150 7 0
151 7 0
153 7 0
160 7 0
165 7 0
166 7 0
168 7 0
174 7 0
177 7 0
182 7 0
184 7 0
194 7 0
196 7 0
201 7 0
203 7 0
208 7 0
209 7 0
210 7 0
213 7 0
217 7 0
218 7 0
222 7 0
224 7 0
230 7 0
239 7 0
240 7 0
243 7 0
245 7 0
256 7 0
257 7 0
262 7 0
265 7 0
266 7 0
268 7 0
272 7 0
276 7 0
277 7 0
280 7 0
282 7 0
285 7 0
288 7 0
289 7 0
290 7 0
291 7 0
295 7 0
297 7 0
298 7 0
299 7 0
306 7 0
307 7 0
316 7 0
319 7 0
326 7 0
327 7 0
329 7 0
334 7 0
335 7 0
339 7 0
344 7 0
345 7 0
350 7 0
355 7 0
360 7 0
362 7 0
373 7 0
374 7 0
376 7 0
383 7 0
385 7 0
390 7 0
391 7 0
395 7 0
396 7 0
403 7 0
410 7 0
411 7 0
412 7 0
417 7 0
418 7 0
419 7 0
421 7 0
423 7 0
429 7 0
431 7 0
434 7 0
435 7 0
436 7 0
440 7 0
450 7 0
457 7 0
462 7 0
463 7 0
464 7 0
465 7 0
472 7 0
479 7 0
480 7 0
483 7 0
508 7 0
511 7 0
519 7 0
522 7 0
524 7 0
526 7 0
529 7 0
535 7 0
536 7 0
539 7 0
542 7 0
545 7 0
553 7 0
556 7 0
558 7 0
563 7 0
566 7 0
570 7 0
574 7 0
577 7 0
578 7 0
579 7 0
582 7 0
584 7 0
585 7 0
587 7 0
589 7 0
590 7 0
592 7 0
599 7 0
602 7 0
603 7 0
604 7 0
605 7 0
616 7 0
620 7 0
621 7 0
626 7 0
627 7 0
628 7 0
629 7 0
631 7 0
632 7 0
641 7 0
650 7 0
653 7 0
655 7 0
656 7 0
659 7 0
666 7 0
667 7 0
668 7 0
675 7 0
683 7 0
687 7 0
690 7 0
697 7 0
699 7 0
704 7 0
708 7 0
714 7 0
717 7 0
723 7 0
725 7 0
732 7 0
735 7 0
736 7 0
737 7 0
738 7 0
746 7 0
751 7 0
753 7 0
755 7 0
756 7 0
761 7 0
763 7 0
774 7 0
780 7 0
784 7 0
786 7 0
789 7 0
793 7 0
794 7 0
796 7 0
798 7 0
804 7 0
806 7 0
808 7 0
817 7 0
820 7 0
824 7 0
825 7 0
827 7 0
828 7 0
829 7 0
836 7 0
841 7 0
849 7 0
852 7 0
853 7 0
857 7 0
863 7 0
864 7 0
867 7 0
870 7 0
873 7 0
884 7 0
885 7 0
889 7 0
890 7 0
895 7 0
899 7 0
903 7 0
904 7 0
909 7 0
914 7 0
916 7 0
918 7 0
924 7 0
925 7 0
930 7 0
935 7 0
939 7 0
943 7 0
945 7 0
955 7 0
956 7 0
961 7 0
962 7 0
964 7 0
965 7 0
975 7 0
977 7 0
978 7 0
980 7 0
984 7 0
989 7 0
990 7 0
992 7 0
993 7 0
995 7 0
997 7 0
999 7 0
1000 7 0
1005 7 0
1009 7 0
1010 7 0
1011 7 0
1016 7 0
1019 7 0
1025 7 0
1035 7 0
1036 7 0
1043 7 0
1047 7 0
1049 7 0
1050 7 0
1052 7 0
1056 7 0
1057 7 0
1060 7 0
1061 7 0
1064 7 0
1065 7 0
1066 7 0
1072 7 0
1073 7 0
1079 7 0
1080 7 0
1081 7 0
1084 7 0
1085 7 0
1089 7 0
1091 7 0
1097 7 0
1098 7 0
1100 7 0
1106 7 0
1110 7 0
1113 7 0
1120 7 0
1125 7 0
1129 7 0
1135 7 0
1144 7 0
1146 7 0
1148 7 0
1150 7 0
1151 7 0
1162 7 0
1169 7 0
1174 7 0
1175 7 0
1179 7 0
1185 7 0
1190 7 0
1191 7 0
1194 7 0
1198 7 0
1202 7 0
1208 7 0
1209 7 0
1212 7 0
1214 7 0
1218 7 0
1223 7 0
1227 7 0
1231 7 0
1233 7 0
1234 7 0
1238 7 0
1239 7 0
1241 7 0
1244 7 0
1253 7 0
1258 7 0
1266 7 0
1269 7 0
1272 7 0
1273 7 0
1278 7 0
1280 7 0
1287 7 0
1291 7 0
1292 7 0
1295 7 0
1302 7 0
1303 7 0
1304 7 0
1309 7 0
1312 7 0
1323 7 0
1324 7 0
1331 7 0
1352 7 0
1358 7 0
1369 7 0
1371 7 0
1380 7 0
1382 7 0
1388 7 0
1390 7 0
1398 7 0
1402 7 0
1409 7 0
1410 7 0
1412 7 0
1413 7 0
1416 7 0
1419 7 0
1425 7 0
1430 7 0
1432 7 0
1434 7 0
1435 7 0
1440 7 0
1450 7 0
1453 7 0
1457 7 0
1460 7 0
1461 7 0
1462 7 0
1465 7 0
1466 7 0
1467 7 0
1468 7 0
1473 7 0
1477 7 0
1486 7 0
1488 7 0
1492 7 0
1500 7 0
1501 7 0
1512 7 0
1522 7 0
1525 7 0
1527 7 0
1532 7 0
1535 7 0
1538 7 0
1541 7 0
1543 7 0
1544 7 0
1547 7 0
1549 7 0
1551 7 0
1552 7 0
1555 7 0
1560 7 0
1563 7 0
1565 7 0
1576 7 0
1578 7 0
1579 7 0
1580 7 0
1582 7 0
1586 7 0
1587 7 0
1590 7 0
1597 7 0
1601 7 0
1602 7 0
1608 7 0
1612 7 0
1613 7 0
1616 7 0
1617 7 0
1624 7 0
1625 7 0
1638 7 0
1639 7 0
1647 7 0
1649 7 0
1652 7 0
1653 7 0
1658 7 0
1663 7 0
1664 7 0
1668 7 0
1670 7 0
1671 7 0
1673 7 0
1674 7 0
1678 7 0
1679 7 0
1680 7 0
1685 7 0
1693 7 0
1695 7 0
1697 7 0
1707 7 0
1709 7 0
1717 7 0
1722 7 0
1727 7 0
1731 7 0
1735 7 0
1737 7 0
1738 7 0
1740 7 0
1751 7 0
1754 7 0
1755 7 0
1756 7 0
1760 7 0
1763 7 0
1767 7 0
1768 7 0
1770 7 0
1774 7 0
1777 7 0
1782 7 0
1788 7 0
1791 7 0
1792 7 0
1796 7 0
1798 7 0
1801 7 0
1805 7 0
1807 7 0
1810 7 0
1816 7 0
1823 7 0
1827 7 0
1833 7 0
1838 7 0
1839 7 0
1841 7 0
1844 7 0
1845 7 0
1854 7 0
1855 7 0
1856 7 0
1857 7 0
1858 7 0
1861 7 0
1863 7 0
1876 7 0
1878 7 0
1882 7 0
1887 7 0
1889 7 0
1893 7 0
1894 7 0
1895 7 0
1897 7 0
1899 7 0
1903 7 0
1907 7 0
1908 7 0
1912 7 0
1914 7 0
1920 7 0
1923 7 0
1927 7 0
1930 7 0
1933 7 0
1936 7 0
1938 7 0
1940 7 0
1942 7 0
1950 7 0
1953 7 0
1956 7 0
1960 7 0
1962 7 0
1963 7 0
1971 7 0
1974 7 0
1987 7 0
1990 7 0
1992 7 0
1994 7 0
1995 7 0
1996 7 0
1997 7 0
1998 7 0
2001 7 0
2003 7 0
2006 7 0
2011 7 0
2012 7 0
2014 7 0
2016 7 0
1 14 0
1028 14 0
525 14 0
16 14 0
530 14 0
27 14 0
1573 14 0
551 14 0
552 14 0
46 14 0
559 14 0
49 14 0
1075 14 0
52 14 0
567 14 0
1593 14 0
1606 14 0
600 14 0
1628 14 0
612 14 0
617 14 0
1643 14 0
1646 14 0
623 14 0
123 14 0
131 14 0
644 14 0
652 14 0
654 14 0
664 14 0
1176 14 0
1696 14 0
686 14 0
1716 14 0
1719 14 0
1726 14 0
1732 14 0
1225 14 0
718 14 0
722 14 0
1235 14 0
1247 14 0
1765 14 0
742 14 0
1255 14 0
1766 14 0
1260 14 0
752 14 0
242 14 0
758 14 0
759 14 0
252 14 0
254 14 0
770 14 0
1283 14 0
771 14 0
1285 14 0
1284 14 0
264 14 0
1814 14 0
1817 14 0
1824 14 0
1316 14 0
294 14 0
1835 14 0
1836 14 0
1335 14 0
1849 14 0
314 14 0
317 14 0
318 14 0
325 14 0
1870 14 0
862 14 0
1375 14 0
352 14 0
1892 14 0
1391 14 0
384 14 0
392 14 0
1423 14 0
1939 14 0
1431 14 0
1943 14 0
1438 14 0
1448 14 0
1969 14 0
950 14 0
1982 14 0
1984 14 0
448 14 0
1985 14 0
451 14 0
1475 14 0
967 14 0
455 14 0
1482 14 0
1999 14 0
1496 14 0
475 14 0
1504 14 0
1509 14 0
2022 14 0
492 14 0
2029 14 0
1530 14 0
1534 14 0
514 15 2
531 15 2
532 15 2
29 15 2
546 15 2
547 15 2
1063 15 2
41 15 2
1068 15 2
562 15 2
1589 15 2
1077 15 2
54 15 2
59 15 2
1596 15 2
1088 15 2
588 15 2
78 15 2
1104 15 2
593 15 2
82 15 2
595 15 2
601 15 2
1627 15 2
1115 15 2
1116 15 2
1630 15 2
607 15 2
1631 15 2
1121 15 2
608 15 2
101 15 2
103 15 2
1130 15 2
618 15 2
1642 15 2
110 15 2
111 15 2
1655 15 2
1145 15 2
642 15 2
1156 15 2
645 15 2
648 15 2
1161 15 2
651 15 2
1683 15 2
154 15 2
669 15 2
673 15 2
1698 15 2
1701 15 2
167 15 2
1705 15 2
689 15 2
180 15 2
693 15 2
1720 15 2
185 15 2
696 15 2
700 15 2
1213 15 2
1724 15 2
1215 15 2
1216 15 2
1729 15 2
193 15 2
707 15 2
189 15 2
1736 15 2
206 15 2
1745 15 2
1752 15 2
733 15 2
1251 15 2
1254 15 2
231 15 2
1263 15 2
246 15 2
1793 15 2
1797 15 2
1799 15 2
1288 15 2
271 15 2
787 15 2
1300 15 2
801 15 2
1322 15 2
811 15 2
1834 15 2
1326 15 2
1840 15 2
1842 15 2
1333 15 2
310 15 2
1847 15 2
1339 15 2
315 15 2
1341 15 2
1343 15 2
324 15 2
1348 15 2
1867 15 2
331 15 2
1357 15 2
1868 15 2
1872 15 2
1363 15 2
1884 15 2
1373 15 2
1376 15 2
353 15 2
1900 15 2
883 15 2
1401 15 2
378 15 2
893 15 2
1922 15 2
1418 15 2
1931 15 2
911 15 2
402 15 2
919 15 2
921 15 2
927 15 2
1952 15 2
1441 15 2
1957 15 2
422 15 2
430 15 2
432 15 2
1972 15 2
1973 15 2
957 15 2
1470 15 2
446 15 2
1986 15 2
1476 15 2
968 15 2
979 15 2
2004 15 2
2009 15 2
474 15 2
987 15 2
988 15 2
2020 15 2
2024 15 2
1003 15 2
1517 15 2
1518 15 2
1519 15 2
497 15 2
498 15 2
1521 15 2
505 15 2
1017 15 2
10 24 11
13 24 11
20 24 11
23 24 11
28 24 11
32 24 8
35 24 11
40 24 11
55 24 11
67 24 11
71 24 11
75 24 11
77 24 11
79 24 8
99 24 8
125 24 11
128 24 8
133 24 8
134 24 8
137 24 8
149 24 11
156 24 11
157 24 8
158 24 8
161 24 8
163 24 11
164 24 8
173 24 11
186 24 11
187 24 11
188 24 11
190 24 11
197 24 11
204 24 11
211 24 11
216 24 8
219 24 11
221 24 11
227 24 11
229 24 11
234 24 11
238 24 8
251 24 11
260 24 11
281 24 11
283 24 11
284 24 8
287 24 8
301 24 11
302 24 8
303 24 11
308 24 8
312 24 11
323 24 11
337 24 11
343 24 11
346 24 8
347 24 11
361 24 8
366 24 11
367 24 8
370 24 8
372 24 11
375 24 8
379 24 11
382 24 11
387 24 11
400 24 11
414 24 11
420 24 8
428 24 8
437 24 11
442 24 11
454 24 8
456 24 8
458 24 8
461 24 11
467 24 8
469 24 11
471 24 11
473 24 11
481 24 8
485 24 11
489 24 11
495 24 8
502 24 11
510 24 11
513 24 11
518 24 11
521 24 11
533 24 11
534 24 11
540 24 11
541 24 11
548 24 11
549 24 11
554 24 8
557 24 11
561 24 11
564 24 8
565 24 11
580 24 11
586 24 11
591 24 11
594 24 11
609 24 8
614 24 11
615 24 11
638 24 8
639 24 11
647 24 8
658 24 11
670 24 11
672 24 11
678 24 11
679 24 8
692 24 11
694 24 11
695 24 11
698 24 11
701 24 11
703 24 11
706 24 11
710 24 11
711 24 11
720 24 11
724 24 11
726 24 8
729 24 11
731 24 11
739 24 8
740 24 8
747 24 11
757 24 11
788 24 8
795 24 11
800 24 11
802 24 11
810 24 11
816 24 11
821 24 11
832 24 11
833 24 11
838 24 11
860 24 11
861 24 11
876 24 11
877 24 8
879 24 8
881 24 11
887 24 11
888 24 8
896 24 11
906 24 11
907 24 8
908 24 11
922 24 8
931 24 11
932 24 11
933 24 11
936 24 8
940 24 11
942 24 8
944 24 11
947 24 11
949 24 11
954 24 8
960 24 11
963 24 11
973 24 11
974 24 8
1008 24 8
1014 24 11
1015 24 11
1020 24 11
1034 24 11
1051 24 8
1053 24 11
1054 24 11
1062 24 11
1067 24 11
1087 24 11
1090 24 11
1096 24 11
1102 24 11
1107 24 11
1109 24 11
1128 24 11
1131 24 8
1133 24 11
1134 24 11
1140 24 11
1153 24 11
1167 24 11
1177 24 11
1180 24 11
1181 24 8
1182 24 11
1183 24 8
1188 24 11
1193 24 11
1199 24 11
1200 24 11
1203 24 11
1221 24 11
1229 24 11
1237 24 8
1245 24 8
1248 24 8
1256 24 11
1261 24 11
1268 24 11
1276 24 11
1286 24 11
1290 24 8
1297 24 8
1299 24 11
1315 24 8
1319 24 11
1320 24 11
1321 24 8
1336 24 11
1342 24 8
1347 24 11
1353 24 8
1354 24 11
1361 24 11
1362 24 11
1367 24 8
1374 24 8
1383 24 11
1387 24 11
1399 24 11
1408 24 11
1415 24 11
1417 24 11
1420 24 11
1422 24 11
1428 24 11
1433 24 8
1439 24 11
1449 24 11
1454 24 8
1456 24 8
1469 24 11
1471 24 11
1472 24 11
1478 24 8
1481 24 8
1487 24 11
1493 24 11
1494 24 8
1497 24 8
1499 24 11
1502 24 8
1505 24 11
1506 24 11
1514 24 8
1516 24 11
1524 24 11
1529 24 8
1533 24 11
1539 24 11
1557 24 11
1559 24 11
1562 24 11
1566 24 11
1569 24 8
1570 24 11
1581 24 8
1591 24 11
1592 24 8
1604 24 11
1605 24 8
1615 24 11
1622 24 8
1623 24 8
1634 24 11
1644 24 11
1645 24 11
1662 24 11
1666 24 8
1677 24 11
1681 24 11
1684 24 11
1687 24 11
1688 24 11
1689 24 11
1699 24 11
1702 24 11
1703 24 11
1706 24 8
1712 24 11
1715 24 8
1723 24 11
1728 24 8
1742 24 11
1744 24 11
1746 24 11
1753 24 11
1759 24 11
1761 24 8
1772 24 11
1776 24 11
1778 24 11
1789 24 8
1794 24 11
1808 24 11
1809 24 8
1818 24 11
1829 24 11
1843 24 11
1848 24 11
1866 24 8
1869 24 11
1874 24 11
1875 24 8
1877 24 8
1879 24 8
1883 24 8
1890 24 8
1891 24 11
1909 24 11
1911 24 11
1925 24 11
1926 24 8
1928 24 8
1932 24 11
1934 24 8
1945 24 8
1946 24 11
1977 24 8
1988 24 11
1989 24 8
2002 24 11
2007 24 11
2008 24 11
