1874 0
1258 0
1144 0
999 0
1586 0
1899 0
1440 0
1963 0
1833 0
1768 0
1998 0
203 0
350 0
511 0
1839 0
585 0
1987 0
829 0
412 0
852 0
1751 0
1974 0
1792 0
1278 0
1706 0
21 0
411 0
1587 0
465 0
1522 0
1151 0
1576 0
1369 0
217 0
798 0
1323 0
1894 0
536 0
539 0
457 0
419 0
817 0
1198 0
841 0
84 0
1878 0
1501 0
153 0
690 0
31 0
1269 0
479 0
535 0
1670 0
1770 0
1580 0
34 0
1179 0
1563 0
833 0
1358 0
1767 0
1309 0
12 0
151 0
1465 0
943 0
1080 0
1430 0
853 0
104 0
306 0
1011 0
90 0
574 0
362 0
47 0
25 0
165 0
558 0
1241 0
345 0
24 0
1930 0
1680 0
732 0
827 0
229 0
284 0
556 0
1663 0
1625 0
904 0
1380 0
429 0
1303 0
1674 0
1214 0
1942 0
521 0
918 0
1019 0
1052 0
1467 0
1844 0
1997 0
1927 0
1426 0
1818 0
14 0
628 0
266 0
980 0
1194 0
403 0
1497 0
1689 0
1976 0
366 0
312 0
1073 0
440 0
272 0
1962 0
683 0
668 0
603 0
55 0
434 0
177 0
316 0
723 0
385 0
1912 0
1911 0
1858 0
945 0
1486 0
1807 0
903 0
1754 0
96 0
890 0
1854 0
1402 0
119 0
615 0
1845 0
867 0
1505 0
939 0
375 0
492 0
1731 0
93 0
579 0
1756 0
513 0
824 0
641 0
549 0
747 0
210 0
795 0
1009 0
1488 0
1453 0
257 0
1135 0
737 0
15 0
2011 0
1742 0
60 0
796 0
1434 0
1903 0
654 0
658 0
211 0
420 0
605 0
1782 0
1992 0
227 0
1191 0
965 0
1061 0
973 0
463 0
580 0
863 0
620 0
265 0
1995 0
1843 0
184 0
436 0
1203 0
197 0
1324 0
1685 0
379 0
551 0
1988 0
1684 0
187 0
303 0
1020 0
1167 0
2001 0
584 0
166 0
1715 0
45 0
361 0
1244 0
1990 0
1639 0
1471 0
963 0
1673 0
757 0
1387 0
1823 0
1506 0
1399 0
916 0
1549 0
1268 0
1524 0
553 0
1816 0
656 0
1081 0
686 0
1285 0
1239 0
1253 0
735 0
239 0
738 0
319 0
653 0
659 0
462 0
1034 0
1200 0
698 0
188 0
1494 0
1299 0
376 0
933 0
347 0
163 0
1320 0
1829 0
1353 0
626 0
502 0
629 0
418 0
704 0
1425 0
13 0
1134 0
323 0
35 0
1410 0
599 0
614 0
633 0
22 0
450 0
1547 0
1841 0
339 0
1291 0
64 0
1892 0
1808 0
1102 0
1644 0
1557 0
243 0
1717 0
711 0
1638 0
1616 0
1218 0
1565 0
832 0
1539 0
109 0
1212 0
1036 0
1950 0
1047 0
92 0
666 0
148 0
71 0
442 0
1805 0
978 0
186 0
1801 0
1304 0
1688 0
1604 0
1566 0
469 0
1662 0
1681 0
400 0
382 0
343 0
1420 0
295 0
28 0
703 0
1336 0
940 0
1814 0
821 0
1062 0
931 0
158 0
156 0
1180 0
876 0
1087 0
1096 0
134 0
1110 0
2012 0
1245 0
1290 0
1578 0
1493 0
1492 0
786 0
276 0
708 0
899 0
117 0
1382 0
11 0
594 0
930 0
627 0
1468 0
1354 0
290 0
464 0
1342 0
1712 0
565 0
1634 0
94 0
1280 0
756 0
4 0
1702 0
804 0
1652 0
42 0
587 0
1292 0
1049 0
219 0
160 0
1552 0
885 0
570 0
678 0
360 0
725 0
1473 0
592 0
1615 0
204 0
992 0
1231 0
1925 0
1286 0
1276 0
125 0
731 0
975 0
1256 0
1543 0
557 0
1347 0
541 0
234 0
692 0
1570 0
1408 0
694 0
695 0
1581 0
1362 0
1361 0
1794 0
1559 0
518 0
1422 0
672 0
670 0
1319 0
1592 0
720 0
724 0
561 0
1848 0
1131 0
414 0
1128 0
896 0
1984 0
1469 0
906 0
1090 0
370 0
922 0
1067 0
800 0
1472 0
23 0
337 0
10 0
944 0
2002 0
949 0
1481 0
1015 0
960 0
1487 0
888 0
788 0
481 0
1229 0
1645 0
1934 0
1869 0
639 0
816 0
173 0
860 0
1193 0
586 0
1778 0
1776 0
1677 0
77 0
75 0
1153 0
881 0
437 0
887 0
1133 0
1454 0
1928 0
1008 0
302 0
1761 0
1926 0
458 0
687 0
3 0
1590 0
1960 0
1457 0
1940 0
1740 0
283 0
1746 0
864 0
1208 0
701 0
1707 0
510 0
335 0
1735 0
1613 0
1202 0
1148 0
1100 0
1649 0
714 0
828 0
174 0
1390 0
182 0
301 0
355 0
299 0
344 0
1946 0
1699 0
1227 0
1856 0
201 0
1383 0
2008 0
1107 0
524 0
1933 0
1855 0
395 0
602 0
285 0
1788 0
1936 0
280 0
1608 0
1295 0
1791 0
964 0
961 0
74 0
955 0
108 0
1064 0
873 0
1129 0
1084 0
650 0
1409 0
1597 0
218 0
1532 0
1331 0
1432 0
196 0
136 0
717 0
168 0
1875 0
1753 0
1883 0
1879 0
216 0
164 0
67 0
1877 0
190 0
1989 0
32 0
1977 0
1759 0
1866 0
20 0
2007 0
1891 0
277 0
1909 0
133 0
281 0
157 0
128 0
1932 0
1897 0
1789 0
161 0
287 0
1809 0
260 0
1945 0
238 0
1516 0
99 0
1890 0
1772 0
79 0
739 0
1188 0
838 0
1199 0
810 0
802 0
1221 0
1237 0
1248 0
784 0
746 0
740 0
1183 0
736 0
1297 0
726 0
1315 0
1321 0
710 0
706 0
1367 0
1374 0
689 0
932 0
974 0
1010 0
954 0
1025 0
947 0
1050 0
1051 0
942 0
1053 0
1054 0
936 0
679 0
908 0
907 0
1109 0
1150 0
879 0
1174 0
1177 0
877 0
1181 0
1182 0
461 0
1569 0
533 0
1591 0
495 0
1605 0
489 0
1622 0
1623 0
473 0
471 0
467 0
534 0
1666 0
456 0
454 0
428 0
1687 0
1703 0
346 0
1723 0
1728 0
1744 0
1478 0
1415 0
1416 0
1417 0
1428 0
1433 0
647 0
1449 0
638 0
1456 0
609 0
308 0
591 0
1502 0
582 0
1514 0
564 0
1529 0
554 0
548 0
1562 0
540 0
1669 1
453 1
1287 1
895 1
56 1
1876 1
1277 1
713 1
691 1
2027 1
155 1
702 1
730 1
1952 1
1377 1
630 1
1120 1
1881 1
1619 1
1813 1
1510 1
1393 1
1091 1
547 1
1956 1
1748 1
410 1
1955 1
279 1
359 1
634 1
205 1
195 1
2006 1
120 1
383 1
1880 1
179 1
1192 1
991 1
728 1
1830 1
1267 1
928 1
1520 1
1919 1
1780 1
220 1
1435 1
1234 1
1480 1
1189 1
293 1
938 1
1500 1
2010 1
902 1
142 1
1826 1
995 1
1149 1
892 1
1541 1
819 1
1479 1
97 1
624 1
292 1
209 1
1825 1
542 1
423 1
1690 1
990 1
1484 1
583 1
994 1
760 1
291 1
1272 1
1749 1
26 1
868 1
872 1
956 1
1698 1
1394 1
121 1
369 1
282 1
1798 1
1831 1
1398 1
1914 1
118 1
330 1
1004 1
199 1
333 1
870 1
1039 1
1691 1
178 1
1076 1
1186 1
801 1
1631 1
1840 1
607 1
1521 1
968 1
1795 1
859 1
494 1
1948 1
377 1
1721 1
1846 1
1160 1
1672 1
1747 1
1085 1
391 1
1238 1
849 1
421 1
39 1
1852 1
1495 1
105 1
1066 1
488 1
1556 1
1650 1
616 1
1337 1
1538 1
803 1
750 1
114 1
712 1
1228 1
555 1
1951 1
674 1
2015 1
820 1
2 1
373 1
989 1
925 1
1405 1
721 1
998 1
734 1
313 1
1381 1
1232 1
176 1
106 1
866 1
1124 1
741 1
915 1
1785 1
1709 1
1082 1
1184 1
1503 1
1330 1
126 1
1783 1
1368 1
791 1
1739 1
1898 1
1310 1
490 1
1289 1
1917 1
7 1
1163 1
985 1
57 1
413 1
380 1
1734 1
1002 1
9 1
1554 1
597 1
662 1
1507 1
635 1
321 1
1806 1
247 1
1811 1
1705 1
508 1
1653 1
1668 1
935 1
145 1
1755 1
1209 1
1693 1
655 1
667 1
857 1
1774 1
224 1
1460 1
1419 1
1146 1
141 1
1305 1
1994 1
1896 1
132 1
1023 1
529 1
483 1
1971 1
590 1
1544 1
1097 1
1922 1
1525 1
435 1
417 1
1821 1
381 1
1991 1
507 1
568 1
325 1
1694 1
552 1
785 1
884 1
262 1
208 1
2019 1
1904 1
2005 1
1633 1
1713 1
1568 1
1400 1
6 1
1459 1
2017 1
1147 1
1873 1
1083 1
1447 1
1859 1
1142 1
1139 1
1850 1
1730 1
1094 1
1132 1
1804 1
1111 1
1437 1
1224 1
1498 1
1905 1
1916 1
1296 1
1588 1
1564 1
1921 1
1264 1
1259 1
1455 1
1313 1
1329 1
1935 1
1815 1
1332 1
1822 1
1832 1
1700 1
1338 1
1349 1
1356 1
1620 1
1370 1
1172 1
1171 1
1279 1
1170 1
484 1
646 1
416 1
212 1
207 1
851 1
611 1
477 1
886 1
846 1
1071 1
171 1
901 1
139 1
581 1
920 1
113 1
30 1
235 1
845 1
840 1
255 1
676 1
813 1
269 1
790 1
300 1
311 1
368 1
776 1
769 1
768 1
338 1
89 1
544 1
981 1
504 1
1013 1
73 1
537 1
966 1
1031 1
53 1
95 1
527 1
1724 1
1185 1
1125 1
1462 1
789 1
431 1
36 1
1861 1
1863 1
1527 1
774 1
889 1
127 1
914 1
1555 1
1169 1
799 1
576 1
1621 1
1421 1
1784 1
37 1
1207 1
665 1
1024 1
1710 1
1270 1
85 1
874 1
1679 1
48 1
905 1
1575 1
589 1
2016 1
61 1
1288 1
389 1
1775 1
447 1
357 1
496 1
499 1
356 1
1641 1
598 1
1637 1
1757 1
354 1
1658 1
1682 1
438 1
394 1
399 1
405 1
1656 1
1642 1
1725 1
1704 1
482 1
407 1
1647 1
433 1
501 1
493 1
515 1
86 1
1885 1
1886 1
180 1
1902 1
167 1
143 1
1908 1
135 1
124 1
116 1
107 1
1941 1
1944 1
181 1
81 1
1958 1
1959 1
1961 1
1967 1
68 1
65 1
59 1
2009 1
2021 1
2024 1
2026 1
1827 1
351 1
342 1
1790 1
322 1
1799 1
1802 1
309 1
1812 1
286 1
274 1
1820 1
267 1
259 1
353 1
250 1
241 1
232 1
230 1
214 1
1853 1
1862 1
1865 1
1871 1
202 1
192 1
183 1
1271 1
1204 1
1206 1
1215 1
1222 1
910 1
894 1
1236 1
893 1
1242 1
1243 1
1252 1
1265 1
1266 1
883 1
1197 1
878 1
858 1
1282 1
856 1
854 1
1293 1
1300 1
1302 1
848 1
1307 1
847 1
1311 1
1318 1
823 1
1141 1
1055 1
1045 1
1086 1
1043 1
1041 1
1038 1
1101 1
1108 1
1033 1
1116 1
1121 1
1122 1
1029 1
1016 1
822 1
1143 1
1006 1
996 1
1152 1
977 1
1162 1
976 1
969 1
959 1
1173 1
957 1
953 1
952 1
601 1
1464 1
707 1
685 1
1485 1
675 1
642 1
625 1
621 1
1513 1
1518 1
610 1
608 1
1531 1
1535 1
1463 1
593 1
1553 1
1561 1
1567 1
545 1
1579 1
1584 1
1595 1
1600 1
1607 1
532 1
1624 1
523 1
1395 1
814 1
1345 1
1346 1
1348 1
1350 1
1359 1
1360 1
797 1
1371 1
1376 1
1378 1
1379 1
782 1
1385 1
1636 1
762 1
1412 1
1414 1
754 1
753 1
1436 1
749 1
745 1
1452 1
719 1
1458 1
716 1
709 1
869 2
993 2
1857 2
17 2
261 2
983 2
443 2
569 2
1617 2
1920 2
122 2
697 2
396 2
424 2
472 2
1413 2
58 2
1718 2
1551 2
531 2
1868 2
112 2
1366 2
631 2
578 2
519 2
1602 2
150 2
1388 2
1078 2
1923 2
1722 2
1560 2
1512 2
1466 2
1072 2
909 2
334 2
327 2
307 2
240 2
213 2
1223 2
1612 2
632 2
1671 2
432 2
1882 2
329 3
1550 3
1601 3
476 3
1536 3
855 3
1175 3
1126 3
278 4
1629 4
245 4
1058 4
1838 4
1154 4
441 4
1762 4
1317 4
98 4
470 4
1851 4
1213 4
1178 4
33 4
900 4
560 4
162 4
144 4
1407 4
231 4
727 4
1136 4
1574 4
1572 4
1545 4
1007 4
1515 4
1164 4
1117 4
818 4
573 4
460 4
406 4
69 4
1906 5
1306 5
466 5
1594 5
1187 5
76 5
449 5
248 5
1018 5
572 5
386 5
1424 5
1372 5
1365 5
253 5
425 5
1114 5
1118 5
1913 5
882 5
1389 5
478 5
1773 5
393 5
140 5
2023 5
1059 5
1159 6
1918 6
1195 6
80 6
1981 6
430 6
1363 6
1526 6
249 6
1281 6
459 6
2028 6
1675 6
397 6
487 6
426 6
1614 6
1599 6
1558 6
1443 6
807 6
1201 6
1819 6
1037 6
1867 6
1937 6
1929 6
1968 6
1262 6
1250 6
1219 6
1970 6
1978 6
1166 6
2018 6
1127 6
1123 6
1112 6
1105 6
1048 6
1044 6
1040 6
1610 6
1659 6
1661 6
1676 6
1648 6
1741 6
1632 6
19 6
1781 6
1325 6
1786 6
1577 6
1910 6
1403 6
1396 6
1386 6
1654 6
1022 6
660 6
643 6
613 6
777 6
200 6
571 6
175 6
147 6
826 6
506 6
835 6
844 6
130 6
923 6
1027 6
72 6
1012 6
371 6
971 6
468 6
951 6
102 6
934 6
340 6
1611 6
1769 6
767 6
363 6
263 6
5 6
332 6
367 6
1758 6
228 6
226 6
1800 6
223 6
1828 6
1860 6
185 6
137 6
1954 6
1964 6
129 6
87 6
1983 6
2000 6
2013 6
1334 6
1017 6
1095 6
1104 6
987 6
970 6
1157 6
946 6
1216 6
917 6
1246 6
1257 6
1275 6
1308 6
805 6
1655 6
778 6
1384 6
764 6
1404 6
1441 6
705 6
1446 6
1451 6
1491 6
1583 6
500 6
1618 6
444 6
1 7
1969 7
352 7
718 7
1260 7
1431 7
1732 7
1235 7
1448 7
1849 7
1225 7
1643 7
644 7
1482 7
612 7
1176 7
1719 7
1475 7
317 7
1530 7
525 7
2022 7
722 7
52 7
752 7
770 7
1496 7
1716 7
448 7
1391 7
1766 7
314 7
1817 7
1438 7
1606 7
1375 7
1316 7
2029 7
1509 7
1534 7
1593 7
1646 7
1696 7
1726 7
1765 7
1985 7
1824 7
1835 7
1836 7
1943 7
1982 7
294 7
623 7
1283 7
600 7
559 7
530 7
455 7
451 7
384 7
617 7
264 7
254 7
242 7
123 7
49 7
46 7
27 7
16 7
652 7
1255 7
664 7
742 7
758 7
1247 7
771 7
1075 7
950 7
967 7
1028 7
1284 7
1999 7
1335 7
131 7
1870 7
1423 7
252 7
318 7
862 7
759 7
1504 7
567 7
1628 7
1573 7
1889 8
793 8
246 9
1763 9
1589 9
1130 9
1145 9
1156 9
1161 9
1251 9
1322 9
1341 9
1343 9
1401 9
1470 9
1476 9
1517 9
1077 9
1596 9
1627 9
1729 9
1736 9
1745 9
1842 9
1847 9
1900 9
1972 9
2020 9
645 9
103 9
110 9
271 9
310 9
422 9
446 9
474 9
497 9
505 9
546 9
588 9
595 9
1115 9
648 9
651 9
673 9
700 9
787 9
811 9
911 9
919 9
1003 9
1063 9
101 9
29 9
256 9
331 9
498 9
520 9
850 9
979 9
1000 9
1263 9
1333 9
1339 9
898 10
1444 10
1490 10
1205 10
794 11
38 11
604 11
806 11
1743 12
146 12
808 13
761 13
480 13
1113 13
1701 14
927 14
1931 14
1884 14
1797 14
1752 14
1630 14
1519 14
1068 14
78 14
921 14
696 14
693 14
618 14
315 14
193 14
82 14
206 14
324 14
341 14
1357 14
526 15
1499 15
485 15
387 15
1274 16
1803 16
891 16
1155 16
44 16
1993 16
1975 16
783 16
516 16
91 16
388 16
509 16
1667 16
404 16
1445 16
348 16
191 16
1103 16
1069 16
1042 16
2025 16
958 16
328 16
1965 16
1915 16
1508 16
1901 16
1750 16
1598 16
1528 16
364 16
1137 16
1030 16
636 16
1979 16
1301 16
50 16
415 17
831 17
671 17
1092 17
1966 18
486 18
1727 19
66 19
222 19
924 19
358 20
897 20
1158 20
1328 20
1070 20
1523 21
763 22
374 22
997 22
1695 22
825 23
1996 23
298 23
836 23
390 24
1907 24
1697 24
780 24
984 24
1887 24
297 24
1777 24
365 25
948 25
1738 26
51 26
751 26
1893 26
2003 26
1340 27
1609 27
149 28
861 28
115 29
1737 29
1439 30
1014 30
251 31
729 31
1533 31
988 32
2004 32
1986 32
1973 32
1872 32
1793 32
1373 32
1326 32
1088 32
54 32
733 32
669 32
562 32
514 32
402 32
378 32
189 32
154 32
111 32
1254 32
1953 33
1582 33
1140 34
40 34
839 35
233 35
834 35
1005 36
1035 36
1089 36
1079 36
2014 37
326 37
1056 37
1352 37
575 38
159 38
929 38
221 39
372 39
1261 39
1190 40
563 40
577 40
392 41
1939 41
475 41
1678 42
1796 42
289 43
1065 43
1057 44
1233 44
1098 45
1106 45
1810 46
1273 46
1450 47
1461 47
962 48
1760 48
699 49
1938 49
1895 50
522 50
1477 51
288 51
268 52
755 52
194 53
1664 53
1060 54
63 54
566 55
43 55
41 56
1418 56
1834 57
1683 57
1312 58
1720 59
1957 60
