50 0
40 0
69 0
86 0
53 0
76 0
68 0
70 0
84 0
47 0
48 0
75 0
19 0
21 0
93 0
101 0
82 0
89 0
41 0
121 0
49 0
124 0
78 0
166 0
167 0
156 0
154 0
153 0
148 0
145 0
142 0
138 0
3 1
13 1
14 1
4 1
8 1
35 1
85 1
20 1
51 1
128 1
97 1
137 1
160 1
15 2
54 2
56 2
96 2
17 2
5 2
12 2
61 2
72 2
88 2
33 2
73 2
117 2
11 2
71 2
120 2
161 2
27 3
42 3
58 3
29 3
45 3
83 3
95 3
43 3
24 3
32 3
81 3
26 3
22 3
44 3
39 3
30 3
63 3
23 3
104 3
98 3
25 3
79 3
62 3
112 3
31 3
123 3
46 3
34 3
28 3
60 3
113 3
87 3
151 3
119 3
91 3
102 3
118 3
125 3
141 3
152 3
159 3
163 3
66 4
9 4
67 4
80 4
90 4
115 4
64 4
77 4
143 4
157 4
158 4
94 5
65 5
2 5
74 5
59 5
92 5
116 5
165 5
1 6
7 6
38 6
37 6
10 6
36 6
16 6
100 6
149 6
126 6
136 6
129 6
114 6
127 6
132 6
131 6
134 6
135 6
144 6
150 6
155 6
18 7
57 7
55 7
107 7
109 7
99 7
108 7
110 7
111 7
139 7
162 7
164 7
106 8
6 8
130 8
133 8
52 9
103 9
105 9
122 10
140 10
146 11
147 11
