514 6 1
1565 6 1
1570 6 1
1059 6 1
1060 6 1
555 6 1
1067 6 1
53 6 1
54 6 1
55 6 1
56 6 1
57 6 1
1083 6 1
60 6 1
61 6 1
1086 6 1
63 6 1
1598 6 1
1612 6 1
81 6 1
82 6 1
83 6 1
84 6 1
85 6 1
86 6 1
87 6 1
88 6 1
1106 6 1
1108 6 1
1109 6 1
1129 6 1
108 6 1
623 6 1
624 6 1
625 6 1
626 6 1
627 6 1
1135 6 1
1649 6 1
633 6 1
636 6 1
1673 6 1
650 6 1
651 6 1
652 6 1
653 6 1
142 6 1
1167 6 1
656 6 1
1674 6 1
1170 6 1
660 6 1
661 6 1
662 6 1
156 6 1
1694 6 1
167 6 1
168 6 1
169 6 1
170 6 1
171 6 1
172 6 1
1194 6 1
686 6 1
1195 6 1
1201 6 1
690 6 1
181 6 1
694 6 1
1208 6 1
1209 6 1
1210 6 1
1721 6 1
1722 6 1
1215 6 1
710 6 1
1233 6 1
215 6 1
216 6 1
219 6 1
220 6 1
221 6 1
222 6 1
223 6 1
224 6 1
225 6 1
226 6 1
735 6 1
1246 6 1
1247 6 1
1248 6 1
1765 6 1
232 6 1
1769 6 1
1770 6 1
1771 6 1
1267 6 1
1783 6 1
1276 6 1
1794 6 1
1805 6 1
1296 6 1
274 6 1
1308 6 1
798 6 1
1316 6 1
1321 6 1
1322 6 1
1833 6 1
823 6 1
830 6 1
831 6 1
1350 6 1
1375 6 1
1376 6 1
354 6 1
1892 6 1
1386 6 1
876 6 1
877 6 1
384 6 1
1936 6 1
408 6 1
1446 6 1
1973 6 1
954 6 1
1469 6 1
1470 6 1
1985 6 1
1476 6 1
1477 6 1
1478 6 1
969 6 1
1482 6 1
1483 6 1
1484 6 1
1997 6 1
981 6 1
1505 6 1
1512 6 1
1513 6 1
1514 6 1
1008 6 1
1009 6 1
1010 6 1
1011 6 1
506 6 1
1531 6 1
1547 10 56
2064 10 56
2065 10 56
2066 10 56
2067 10 56
2072 10 56
1564 10 56
2078 10 56
2079 10 56
2080 10 56
2081 10 56
2083 10 56
1063 10 56
1092 10 56
1093 10 56
1094 10 56
2118 10 56
2131 10 56
2132 10 56
2133 10 56
2134 10 56
2153 10 56
2154 10 56
2155 10 56
1132 10 56
2156 10 56
2157 10 56
2158 10 56
2160 10 56
2164 10 56
1141 10 56
2165 10 56
2166 10 56
2167 10 56
1657 10 56
2171 10 56
2172 10 56
2173 10 56
2174 10 56
2175 10 56
2176 10 56
2177 10 56
2178 10 56
2179 10 56
2180 10 56
2181 10 56
2182 10 56
2183 10 56
2184 10 56
2185 10 56
2186 10 56
2187 10 56
1164 10 56
2188 10 56
2189 10 56
2190 10 56
2191 10 56
2192 10 56
2193 10 56
2194 10 56
2196 10 56
2197 10 56
2198 10 56
1175 10 56
2199 10 56
2200 10 56
2201 10 56
2204 10 56
2205 10 56
2206 10 56
2207 10 56
2208 10 56
2209 10 56
2210 10 56
2211 10 56
2217 10 56
2218 10 56
2219 10 56
2227 10 56
2228 10 56
2229 10 56
2230 10 56
2233 10 56
2234 10 56
2246 10 56
2247 10 56
2248 10 56
2251 10 56
2252 10 56
2253 10 56
2254 10 56
719 10 56
2255 10 56
1745 10 56
722 10 56
2257 10 56
2258 10 56
2259 10 56
2261 10 56
2262 10 56
2263 10 56
2265 10 56
2266 10 56
2267 10 56
2268 10 56
1757 10 56
2269 10 56
1250 10 56
2276 10 56
2277 10 56
2278 10 56
2282 10 56
2285 10 56
2286 10 56
2291 10 56
2292 10 56
2293 10 56
2294 10 56
2295 10 56
2296 10 56
2300 10 56
2301 10 56
2302 10 56
1791 10 56
2303 10 56
2304 10 56
2305 10 56
2307 10 56
2308 10 56
2309 10 56
2310 10 56
2311 10 56
2312 10 56
2313 10 56
2314 10 56
2316 10 56
2317 10 56
2318 10 56
2321 10 56
2322 10 56
2323 10 56
2324 10 56
2331 10 56
2332 10 56
2335 10 56
2336 10 56
2337 10 56
2339 10 56
2340 10 56
2341 10 56
2342 10 56
2343 10 56
2347 10 56
2353 10 56
1330 10 56
2354 10 56
1332 10 56
2355 10 56
2356 10 56
2357 10 56
2358 10 56
2360 10 56
1850 10 56
2363 10 56
2367 10 56
2370 10 56
2371 10 56
2374 10 56
1867 10 56
2379 10 56
2380 10 56
2381 10 56
2382 10 56
2383 10 56
2384 10 56
2389 10 56
2390 10 56
2391 10 56
2392 10 56
2393 10 56
2394 10 56
2395 10 56
2396 10 56
2397 10 56
2398 10 56
1887 10 56
2399 10 56
2400 10 56
1891 10 56
2405 10 56
2406 10 56
2407 10 56
2408 10 56
2409 10 56
2412 10 56
2413 10 56
2414 10 56
1904 10 56
2416 10 56
2417 10 56
2418 10 56
1908 10 56
2422 10 56
2423 10 56
2424 10 56
2425 10 56
2426 10 56
2433 10 56
2434 10 56
2437 10 56
2438 10 56
2439 10 56
2440 10 56
2539 10 56
2444 10 56
2446 10 56
2447 10 56
2448 10 56
2450 10 56
2451 10 56
2452 10 56
2453 10 56
2454 10 56
2456 10 56
1945 10 56
1946 10 56
2457 10 56
1951 10 56
2465 10 56
2466 10 56
1444 10 56
1445 10 56
934 10 56
1958 10 56
1959 10 56
2474 10 56
2475 10 56
2476 10 56
2477 10 56
1966 10 56
2478 10 56
2479 10 56
2480 10 56
1970 10 56
2486 10 56
2489 10 56
2490 10 56
2491 10 56
1980 10 56
1981 10 56
1982 10 56
1471 10 56
2492 10 56
2493 10 56
2500 10 56
2504 10 56
1993 10 56
2506 10 56
2509 10 56
2510 10 56
2511 10 56
2513 10 56
2514 10 56
2515 10 56
2516 10 56
2517 10 56
2518 10 56
2519 10 56
2522 10 56
2523 10 56
2524 10 56
2525 10 56
2537 10 56
2527 10 56
2528 10 56
994 10 56
2530 10 56
2020 10 56
2533 10 56
2534 10 56
2535 10 56
2024 10 56
2025 10 56
2026 10 56
2536 10 56
2028 10 56
2029 10 56
2030 10 56
2031 10 56
2032 10 56
2033 10 56
2034 10 56
2035 10 56
2036 10 56
2037 10 56
2044 10 56
2045 10 56
2046 10 56
2047 10 56
1 12 28
2 12 28
3 12 28
4 12 28
5 12 28
6 12 28
7 12 28
8 12 28
9 12 28
10 12 28
11 12 28
12 12 28
13 12 28
14 12 28
15 12 28
16 12 28
17 12 28
18 12 28
19 12 28
20 12 28
21 12 28
22 12 28
23 12 28
24 12 28
25 12 28
26 12 28
2073 12 28
28 12 28
2075 12 28
30 12 28
31 12 28
33 12 28
35 12 28
37 12 28
39 12 28
40 12 28
41 12 28
42 12 28
43 12 28
44 12 28
45 12 28
46 12 28
47 12 28
48 12 28
49 12 28
51 12 28
58 12 28
59 12 28
62 12 28
64 12 28
65 12 28
66 12 28
67 12 28
68 12 28
69 12 28
70 12 28
71 12 28
72 12 28
73 12 28
74 12 28
75 12 28
76 12 28
77 12 28
78 12 28
79 12 28
80 12 28
89 12 28
90 12 28
91 12 28
92 12 28
93 12 28
94 12 28
95 12 28
96 12 28
97 12 28
98 12 28
102 12 28
105 12 28
107 12 28
109 12 28
110 12 28
111 12 28
112 12 28
120 12 28
122 12 28
123 12 28
124 12 28
125 12 28
126 12 28
127 12 28
128 12 28
135 12 28
136 12 28
140 12 28
144 12 28
145 12 28
146 12 28
147 12 28
148 12 28
150 12 28
157 12 28
158 12 28
159 12 28
161 12 28
165 12 28
166 12 28
175 12 28
186 12 28
187 12 28
188 12 28
190 12 28
191 12 28
192 12 28
193 12 28
194 12 28
195 12 28
196 12 28
197 12 28
198 12 28
199 12 28
2243 12 28
2244 12 28
210 12 28
211 12 28
212 12 28
213 12 28
214 12 28
217 12 28
218 12 28
230 12 28
231 12 28
233 12 28
234 12 28
235 12 28
236 12 28
237 12 28
238 12 28
246 12 28
247 12 28
248 12 28
249 12 28
255 12 28
256 12 28
257 12 28
258 12 28
259 12 28
261 12 28
262 12 28
263 12 28
264 12 28
265 12 28
266 12 28
267 12 28
268 12 28
269 12 28
270 12 28
272 12 28
278 12 28
283 12 28
284 12 28
285 12 28
286 12 28
287 12 28
288 12 28
291 12 28
293 12 28
294 12 28
295 12 28
296 12 28
297 12 28
298 12 28
299 12 28
300 12 28
301 12 28
307 12 28
308 12 28
309 12 28
310 12 28
2359 12 28
2361 12 28
314 12 28
315 12 28
316 12 28
317 12 28
318 12 28
319 12 28
320 12 28
321 12 28
322 12 28
323 12 28
327 12 28
329 12 28
332 12 28
333 12 28
334 12 28
335 12 28
336 12 28
338 12 28
339 12 28
340 12 28
341 12 28
342 12 28
343 12 28
344 12 28
345 12 28
346 12 28
347 12 28
348 12 28
349 12 28
350 12 28
351 12 28
352 12 28
2401 12 28
355 12 28
356 12 28
357 12 28
359 12 28
360 12 28
366 12 28
368 12 28
369 12 28
370 12 28
371 12 28
372 12 28
373 12 28
374 12 28
375 12 28
376 12 28
377 12 28
378 12 28
379 12 28
380 12 28
381 12 28
382 12 28
383 12 28
385 12 28
386 12 28
387 12 28
388 12 28
389 12 28
390 12 28
391 12 28
2520 12 28
393 12 28
394 12 28
395 12 28
2521 12 28
397 12 28
398 12 28
399 12 28
400 12 28
401 12 28
402 12 28
407 12 28
409 12 28
410 12 28
412 12 28
413 12 28
414 12 28
415 12 28
416 12 28
417 12 28
419 12 28
420 12 28
421 12 28
422 12 28
423 12 28
424 12 28
425 12 28
426 12 28
427 12 28
429 12 28
430 12 28
431 12 28
433 12 28
434 12 28
440 12 28
441 12 28
442 12 28
443 12 28
444 12 28
445 12 28
446 12 28
447 12 28
448 12 28
449 12 28
450 12 28
451 12 28
452 12 28
2496 12 28
454 12 28
455 12 28
2501 12 28
457 12 28
460 12 28
461 12 28
462 12 28
463 12 28
464 12 28
465 12 28
466 12 28
467 12 28
468 12 28
471 12 28
472 12 28
473 12 28
474 12 28
475 12 28
476 12 28
477 12 28
478 12 28
479 12 28
480 12 28
481 12 28
482 12 28
483 12 28
484 12 28
2529 12 28
486 12 28
487 12 28
488 12 28
489 12 28
490 12 28
491 12 28
492 12 28
493 12 28
494 12 28
495 12 28
496 12 28
2538 12 28
498 12 28
500 12 28
501 12 28
502 12 28
503 12 28
504 12 28
507 12 28
508 12 28
509 12 28
510 12 28
511 12 28
512 12 28
513 12 28
515 12 28
516 12 28
517 12 28
518 12 28
526 12 28
529 12 28
530 12 28
531 12 28
532 12 28
533 12 28
534 12 28
535 12 28
536 12 28
537 12 28
538 12 28
539 12 28
540 12 28
542 12 28
543 12 28
544 12 28
545 12 28
546 12 28
547 12 28
551 12 28
552 12 28
557 12 28
558 12 28
559 12 28
560 12 28
561 12 28
562 12 28
568 12 28
569 12 28
570 12 28
571 12 28
572 12 28
580 12 28
584 12 28
588 12 28
589 12 28
590 12 28
591 12 28
593 12 28
595 12 28
596 12 28
597 12 28
598 12 28
599 12 28
600 12 28
601 12 28
602 12 28
603 12 28
604 12 28
605 12 28
606 12 28
607 12 28
608 12 28
609 12 28
610 12 28
611 12 28
612 12 28
613 12 28
618 12 28
619 12 28
620 12 28
621 12 28
622 12 28
628 12 28
629 12 28
630 12 28
631 12 28
638 12 28
639 12 28
640 12 28
641 12 28
642 12 28
643 12 28
644 12 28
645 12 28
646 12 28
647 12 28
648 12 28
649 12 28
654 12 28
655 12 28
657 12 28
658 12 28
659 12 28
663 12 28
664 12 28
665 12 28
666 12 28
667 12 28
668 12 28
669 12 28
670 12 28
671 12 28
673 12 28
675 12 28
676 12 28
677 12 28
678 12 28
679 12 28
680 12 28
685 12 28
688 12 28
695 12 28
696 12 28
697 12 28
698 12 28
699 12 28
700 12 28
701 12 28
702 12 28
703 12 28
704 12 28
705 12 28
714 12 28
716 12 28
717 12 28
718 12 28
720 12 28
721 12 28
723 12 28
724 12 28
725 12 28
726 12 28
727 12 28
728 12 28
729 12 28
730 12 28
731 12 28
732 12 28
734 12 28
736 12 28
737 12 28
738 12 28
739 12 28
740 12 28
741 12 28
742 12 28
745 12 28
746 12 28
747 12 28
748 12 28
749 12 28
750 12 28
751 12 28
752 12 28
753 12 28
754 12 28
755 12 28
756 12 28
757 12 28
758 12 28
759 12 28
760 12 28
761 12 28
762 12 28
763 12 28
764 12 28
765 12 28
766 12 28
767 12 28
768 12 28
769 12 28
770 12 28
771 12 28
772 12 28
773 12 28
777 12 28
778 12 28
789 12 28
790 12 28
791 12 28
792 12 28
793 12 28
800 12 28
803 12 28
804 12 28
805 12 28
806 12 28
809 12 28
811 12 28
814 12 28
815 12 28
816 12 28
817 12 28
819 12 28
824 12 28
825 12 28
828 12 28
832 12 28
833 12 28
834 12 28
835 12 28
836 12 28
837 12 28
841 12 28
842 12 28
843 12 28
845 12 28
846 12 28
847 12 28
848 12 28
849 12 28
850 12 28
851 12 28
852 12 28
853 12 28
854 12 28
856 12 28
857 12 28
858 12 28
859 12 28
860 12 28
861 12 28
862 12 28
863 12 28
864 12 28
865 12 28
866 12 28
867 12 28
868 12 28
869 12 28
870 12 28
871 12 28
872 12 28
873 12 28
874 12 28
878 12 28
879 12 28
880 12 28
882 12 28
883 12 28
884 12 28
885 12 28
886 12 28
888 12 28
889 12 28
890 12 28
891 12 28
892 12 28
893 12 28
894 12 28
895 12 28
896 12 28
897 12 28
898 12 28
899 12 28
901 12 28
902 12 28
904 12 28
905 12 28
906 12 28
907 12 28
908 12 28
909 12 28
910 12 28
911 12 28
914 12 28
915 12 28
916 12 28
917 12 28
918 12 28
919 12 28
920 12 28
921 12 28
922 12 28
923 12 28
924 12 28
925 12 28
926 12 28
930 12 28
931 12 28
932 12 28
933 12 28
936 12 28
945 12 28
946 12 28
947 12 28
951 12 28
953 12 28
955 12 28
957 12 28
959 12 28
960 12 28
961 12 28
962 12 28
966 12 28
968 12 28
972 12 28
976 12 28
977 12 28
979 12 28
983 12 28
986 12 28
987 12 28
988 12 28
989 12 28
990 12 28
991 12 28
992 12 28
993 12 28
995 12 28
996 12 28
997 12 28
998 12 28
999 12 28
1000 12 28
1001 12 28
1002 12 28
1003 12 28
1004 12 28
1006 12 28
1007 12 28
1012 12 28
1015 12 28
1020 12 28
1021 12 28
1023 12 28
1024 12 28
1028 12 28
1033 12 28
1035 12 28
1043 12 28
1044 12 28
1045 12 28
1046 12 28
1047 12 28
1050 12 28
1052 12 28
1053 12 28
1054 12 28
1055 12 28
1056 12 28
1057 12 28
1058 12 28
1061 12 28
1062 12 28
1069 12 28
1077 12 28
1078 12 28
1079 12 28
1082 12 28
1084 12 28
1085 12 28
1088 12 28
1089 12 28
1090 12 28
1091 12 28
1095 12 28
1096 12 28
1097 12 28
1098 12 28
1101 12 28
1104 12 28
1105 12 28
1107 12 28
1110 12 28
1111 12 28
1112 12 28
1113 12 28
1114 12 28
1115 12 28
1116 12 28
1117 12 28
1118 12 28
1119 12 28
1120 12 28
1121 12 28
1122 12 28
1123 12 28
1124 12 28
1125 12 28
1126 12 28
1127 12 28
1133 12 28
1134 12 28
1136 12 28
1137 12 28
1138 12 28
1139 12 28
1140 12 28
1145 12 28
1148 12 28
1149 12 28
1150 12 28
1151 12 28
1152 12 28
1153 12 28
1154 12 28
1155 12 28
1156 12 28
1157 12 28
1158 12 28
1159 12 28
1160 12 28
1162 12 28
1163 12 28
1165 12 28
1166 12 28
1168 12 28
1174 12 28
1176 12 28
1177 12 28
1181 12 28
1183 12 28
1184 12 28
1186 12 28
1187 12 28
1188 12 28
1189 12 28
1190 12 28
1191 12 28
1192 12 28
1193 12 28
1196 12 28
1197 12 28
1198 12 28
1199 12 28
1200 12 28
1203 12 28
1206 12 28
1207 12 28
1214 12 28
1218 12 28
1219 12 28
1220 12 28
1221 12 28
1222 12 28
1223 12 28
1224 12 28
1225 12 28
1226 12 28
1227 12 28
1228 12 28
1229 12 28
1230 12 28
1234 12 28
1235 12 28
1236 12 28
1237 12 28
1238 12 28
1239 12 28
1243 12 28
1249 12 28
1253 12 28
1256 12 28
1257 12 28
1258 12 28
1259 12 28
1260 12 28
1261 12 28
1262 12 28
1263 12 28
1264 12 28
1265 12 28
1266 12 28
1269 12 28
1270 12 28
1271 12 28
1272 12 28
1273 12 28
1277 12 28
1278 12 28
1279 12 28
1280 12 28
1282 12 28
1284 12 28
1285 12 28
1286 12 28
1287 12 28
1288 12 28
1289 12 28
1290 12 28
1291 12 28
1292 12 28
1293 12 28
1294 12 28
1295 12 28
1299 12 28
1300 12 28
1301 12 28
1302 12 28
1304 12 28
1305 12 28
1306 12 28
1307 12 28
1309 12 28
1310 12 28
1311 12 28
1312 12 28
1313 12 28
1314 12 28
1315 12 28
1317 12 28
1318 12 28
1324 12 28
1325 12 28
1326 12 28
1327 12 28
1328 12 28
1333 12 28
1334 12 28
1335 12 28
1336 12 28
1337 12 28
1338 12 28
1339 12 28
1340 12 28
1345 12 28
1347 12 28
1349 12 28
1351 12 28
1352 12 28
1353 12 28
1354 12 28
1355 12 28
1356 12 28
1357 12 28
1359 12 28
1360 12 28
1361 12 28
1362 12 28
1363 12 28
1364 12 28
1365 12 28
1366 12 28
1367 12 28
1368 12 28
1369 12 28
1370 12 28
1371 12 28
1373 12 28
1377 12 28
1378 12 28
1379 12 28
1381 12 28
1382 12 28
1383 12 28
1384 12 28
1385 12 28
1387 12 28
1388 12 28
1389 12 28
1390 12 28
1391 12 28
1392 12 28
1393 12 28
1398 12 28
1399 12 28
1400 12 28
1401 12 28
1402 12 28
1405 12 28
1406 12 28
1407 12 28
1408 12 28
1409 12 28
1410 12 28
1411 12 28
1414 12 28
1415 12 28
1416 12 28
1417 12 28
1418 12 28
1419 12 28
1420 12 28
1421 12 28
1422 12 28
1424 12 28
1425 12 28
1426 12 28
1427 12 28
1428 12 28
1429 12 28
1432 12 28
1433 12 28
1434 12 28
1436 12 28
1438 12 28
1442 12 28
1443 12 28
1447 12 28
1448 12 28
1451 12 28
1458 12 28
1461 12 28
1462 12 28
1468 12 28
1472 12 28
1473 12 28
1474 12 28
1475 12 28
1479 12 28
1480 12 28
1485 12 28
1486 12 28
1487 12 28
1488 12 28
1489 12 28
1490 12 28
1491 12 28
1492 12 28
1497 12 28
1501 12 28
1502 12 28
1503 12 28
1504 12 28
1507 12 28
1508 12 28
1509 12 28
1510 12 28
1511 12 28
1516 12 28
1517 12 28
1518 12 28
1519 12 28
1520 12 28
1521 12 28
1522 12 28
1523 12 28
1524 12 28
1525 12 28
1526 12 28
1527 12 28
1532 12 28
1536 12 28
1537 12 28
1543 12 28
1544 12 28
1545 12 28
1546 12 28
1548 12 28
1549 12 28
1552 12 28
1553 12 28
1557 12 28
1558 12 28
1560 12 28
1561 12 28
1562 12 28
1566 12 28
1567 12 28
1571 12 28
1573 12 28
1577 12 28
1578 12 28
1579 12 28
1587 12 28
1588 12 28
1589 12 28
1590 12 28
1591 12 28
1592 12 28
1594 12 28
1595 12 28
1596 12 28
1597 12 28
1599 12 28
1600 12 28
1604 12 28
1606 12 28
1607 12 28
1610 12 28
1611 12 28
1614 12 28
1615 12 28
1616 12 28
1618 12 28
1619 12 28
1620 12 28
1621 12 28
1623 12 28
1624 12 28
1625 12 28
1626 12 28
1630 12 28
1631 12 28
1635 12 28
1636 12 28
1643 12 28
1645 12 28
1647 12 28
1648 12 28
1650 12 28
1651 12 28
1652 12 28
1658 12 28
1661 12 28
1663 12 28
1664 12 28
1665 12 28
1666 12 28
1667 12 28
1669 12 28
1670 12 28
1671 12 28
1672 12 28
1675 12 28
1677 12 28
1678 12 28
1679 12 28
1680 12 28
1681 12 28
1682 12 28
1683 12 28
1684 12 28
1685 12 28
1688 12 28
1689 12 28
1690 12 28
1691 12 28
1692 12 28
1693 12 28
1699 12 28
1700 12 28
1701 12 28
1702 12 28
1703 12 28
1704 12 28
1705 12 28
1707 12 28
1710 12 28
1711 12 28
1713 12 28
1715 12 28
1716 12 28
1717 12 28
1718 12 28
1720 12 28
1723 12 28
1724 12 28
1725 12 28
1726 12 28
1727 12 28
1728 12 28
1732 12 28
1733 12 28
1734 12 28
1735 12 28
1736 12 28
1737 12 28
1738 12 28
1739 12 28
1740 12 28
1741 12 28
1742 12 28
1743 12 28
1746 12 28
1748 12 28
1749 12 28
1751 12 28
1752 12 28
1754 12 28
1755 12 28
1756 12 28
1760 12 28
1767 12 28
1768 12 28
1772 12 28
1773 12 28
1774 12 28
1777 12 28
1778 12 28
1784 12 28
1785 12 28
1788 12 28
1790 12 28
1793 12 28
1803 12 28
1804 12 28
1806 12 28
1807 12 28
1808 12 28
1811 12 28
1812 12 28
1813 12 28
1816 12 28
1827 12 28
1828 12 28
1829 12 28
1830 12 28
1835 12 28
1836 12 28
1839 12 28
1841 12 28
1843 12 28
1844 12 28
1845 12 28
1851 12 28
1852 12 28
1853 12 28
1854 12 28
1855 12 28
1856 12 28
1858 12 28
1859 12 28
1860 12 28
1863 12 28
1865 12 28
1866 12 28
1868 12 28
1869 12 28
1870 12 28
1871 12 28
1872 12 28
1873 12 28
1875 12 28
1878 12 28
1879 12 28
1880 12 28
1881 12 28
1882 12 28
1884 12 28
1885 12 28
1886 12 28
1888 12 28
1896 12 28
1897 12 28
1902 12 28
1903 12 28
1913 12 28
1916 12 28
1917 12 28
1920 12 28
1922 12 28
1923 12 28
1924 12 28
1925 12 28
1926 12 28
1927 12 28
1929 12 28
1932 12 28
1934 12 28
1941 12 28
1942 12 28
1947 12 28
1948 12 28
1949 12 28
1950 12 28
1952 12 28
1953 12 28
1960 12 28
1961 12 28
1962 12 28
1965 12 28
1968 12 28
1971 12 28
1972 12 28
1974 12 28
1976 12 28
1977 12 28
1979 12 28
1984 12 28
1987 12 28
1989 12 28
1990 12 28
1991 12 28
1994 12 28
1995 12 28
1996 12 28
2021 12 28
2022 12 28
2027 12 28
1026 14 18
1538 14 18
1539 14 18
1540 14 18
1541 14 18
1542 14 18
1529 14 18
1550 14 18
1551 14 18
1559 14 18
1048 14 18
1049 14 18
27 14 18
29 14 18
541 14 18
1329 14 18
32 14 18
1568 14 18
1569 14 18
1572 14 18
1575 14 18
1576 14 18
1065 14 18
554 14 18
1840 14 18
1580 14 18
1581 14 18
1582 14 18
1583 14 18
1584 14 18
1585 14 18
50 14 18
52 14 18
1842 14 18
566 14 18
1080 14 18
1081 14 18
1593 14 18
574 14 18
1087 14 18
1601 14 18
1602 14 18
1608 14 18
1609 14 18
1099 14 18
1613 14 18
1633 14 18
1637 14 18
614 14 18
615 14 18
616 14 18
617 14 18
1128 14 18
1130 14 18
1131 14 18
1638 14 18
1639 14 18
1640 14 18
1642 14 18
113 14 18
1644 14 18
115 14 18
116 14 18
117 14 18
118 14 18
119 14 18
632 14 18
121 14 18
1142 14 18
635 14 18
1143 14 18
637 14 18
1144 14 18
1653 14 18
1656 14 18
129 14 18
130 14 18
131 14 18
132 14 18
133 14 18
134 14 18
1654 14 18
1668 14 18
1161 14 18
138 14 18
139 14 18
141 14 18
143 14 18
1169 14 18
1171 14 18
149 14 18
1686 14 18
152 14 18
153 14 18
154 14 18
155 14 18
1659 14 18
1182 14 18
1185 14 18
674 14 18
1662 14 18
1708 14 18
1709 14 18
176 14 18
177 14 18
178 14 18
689 14 18
180 14 18
691 14 18
692 14 18
183 14 18
184 14 18
185 14 18
693 14 18
1202 14 18
1211 14 18
189 14 18
1216 14 18
1217 14 18
711 14 18
712 14 18
713 14 18
715 14 18
1744 14 18
1747 14 18
1750 14 18
1240 14 18
1244 14 18
1758 14 18
1759 14 18
1761 14 18
1762 14 18
1251 14 18
1766 14 18
743 14 18
1775 14 18
250 14 18
251 14 18
252 14 18
1274 14 18
254 14 18
1787 14 18
1789 14 18
774 14 18
775 14 18
1799 14 18
1800 14 18
1801 14 18
1802 14 18
783 14 18
1297 14 18
786 14 18
787 14 18
788 14 18
1298 14 18
1809 14 18
1817 14 18
1818 14 18
797 14 18
1821 14 18
1822 14 18
1823 14 18
801 14 18
802 14 18
1824 14 18
1825 14 18
1826 14 18
1832 14 18
1834 14 18
813 14 18
302 14 18
303 14 18
304 14 18
305 14 18
306 14 18
818 14 18
820 14 18
821 14 18
822 14 18
311 14 18
312 14 18
313 14 18
826 14 18
827 14 18
1846 14 18
829 14 18
1847 14 18
1849 14 18
324 14 18
325 14 18
326 14 18
838 14 18
328 14 18
839 14 18
330 14 18
331 14 18
840 14 18
1348 14 18
1861 14 18
1862 14 18
337 14 18
1874 14 18
1876 14 18
1877 14 18
1374 14 18
1889 14 18
1893 14 18
1894 14 18
1895 14 18
361 14 18
362 14 18
363 14 18
875 14 18
365 14 18
367 14 18
881 14 18
1394 14 18
1395 14 18
1396 14 18
1397 14 18
1905 14 18
887 14 18
1906 14 18
1907 14 18
1909 14 18
1403 14 18
1404 14 18
1914 14 18
1915 14 18
1919 14 18
2432 14 18
1921 14 18
1413 14 18
392 14 18
1928 14 18
1931 14 18
396 14 18
403 14 18
404 14 18
405 14 18
406 14 18
1430 14 18
1431 14 18
1954 14 18
1957 14 18
1712 14 18
935 14 18
937 14 18
938 14 18
1963 14 18
428 14 18
1964 14 18
1967 14 18
1714 14 18
1969 14 18
1463 14 18
1464 14 18
1465 14 18
1466 14 18
956 14 18
453 14 18
456 14 18
1992 14 18
458 14 18
459 14 18
970 14 18
978 14 18
980 14 18
469 14 18
470 14 18
1496 14 18
1506 14 18
485 14 18
499 14 18
1013 14 18
1014 14 18
1016 14 18
1017 14 18
1018 14 18
1019 14 18
1535 14 18
2048 16 24
2049 16 24
2050 16 24
2051 16 24
2052 16 24
2053 16 24
2054 16 24
2055 16 24
2056 16 24
2057 16 24
2058 16 24
2059 16 24
2060 16 24
2061 16 24
2062 16 24
2063 16 24
2068 16 24
2069 16 24
2070 16 24
2071 16 24
2074 16 24
2076 16 24
2077 16 24
2082 16 24
2084 16 24
2085 16 24
2086 16 24
2087 16 24
2088 16 24
2089 16 24
2090 16 24
2091 16 24
2092 16 24
2093 16 24
2094 16 24
2095 16 24
2096 16 24
2097 16 24
2098 16 24
2099 16 24
2100 16 24
2101 16 24
2102 16 24
2103 16 24
2104 16 24
2105 16 24
2106 16 24
2107 16 24
2108 16 24
2109 16 24
2110 16 24
2111 16 24
2112 16 24
2113 16 24
2114 16 24
2115 16 24
2116 16 24
2117 16 24
2119 16 24
2120 16 24
2121 16 24
2122 16 24
2123 16 24
2124 16 24
2125 16 24
2126 16 24
2127 16 24
2128 16 24
2129 16 24
2130 16 24
2135 16 24
2136 16 24
2137 16 24
2138 16 24
2139 16 24
2140 16 24
2141 16 24
2142 16 24
2143 16 24
2144 16 24
2145 16 24
2146 16 24
2147 16 24
2148 16 24
2149 16 24
2150 16 24
2151 16 24
2152 16 24
2159 16 24
2161 16 24
2162 16 24
2163 16 24
2168 16 24
2169 16 24
2170 16 24
2195 16 24
2202 16 24
2203 16 24
2212 16 24
2213 16 24
2214 16 24
2215 16 24
2216 16 24
2220 16 24
2221 16 24
2222 16 24
2223 16 24
2224 16 24
2225 16 24
2226 16 24
2231 16 24
2232 16 24
2235 16 24
2236 16 24
2237 16 24
2238 16 24
2239 16 24
2240 16 24
2241 16 24
2242 16 24
2245 16 24
2249 16 24
2250 16 24
2256 16 24
2260 16 24
2264 16 24
2270 16 24
2271 16 24
2272 16 24
2273 16 24
2274 16 24
2275 16 24
2279 16 24
2280 16 24
2281 16 24
2283 16 24
2284 16 24
2287 16 24
2288 16 24
2289 16 24
2290 16 24
2297 16 24
2298 16 24
2299 16 24
2306 16 24
260 16 24
2315 16 24
2319 16 24
2320 16 24
2325 16 24
2326 16 24
2327 16 24
2328 16 24
2329 16 24
2330 16 24
2333 16 24
2334 16 24
2338 16 24
2344 16 24
2345 16 24
2346 16 24
2348 16 24
2349 16 24
2350 16 24
2351 16 24
2352 16 24
2362 16 24
2364 16 24
2365 16 24
2366 16 24
2368 16 24
2369 16 24
2372 16 24
2373 16 24
2375 16 24
2376 16 24
2377 16 24
2378 16 24
2385 16 24
2386 16 24
2387 16 24
2388 16 24
2402 16 24
2403 16 24
2404 16 24
2410 16 24
2411 16 24
2415 16 24
2419 16 24
2420 16 24
2421 16 24
2427 16 24
2428 16 24
2429 16 24
2430 16 24
2431 16 24
2435 16 24
2436 16 24
2441 16 24
2442 16 24
2443 16 24
2445 16 24
2449 16 24
2455 16 24
2458 16 24
2459 16 24
2460 16 24
2461 16 24
2462 16 24
2463 16 24
2464 16 24
2467 16 24
2468 16 24
2469 16 24
2470 16 24
2471 16 24
2472 16 24
2473 16 24
2481 16 24
2482 16 24
2483 16 24
2484 16 24
2485 16 24
2487 16 24
2488 16 24
2494 16 24
2495 16 24
2497 16 24
2498 16 24
2499 16 24
2502 16 24
2503 16 24
2505 16 24
2507 16 24
2508 16 24
2512 16 24
2526 16 24
2531 16 24
2532 16 24
794 16 24
795 16 24
796 16 24
1038 16 24
1039 16 24
1051 16 24
1064 16 24
1323 16 24
1331 16 24
1372 16 24
1467 16 24
1493 16 24
1533 16 24
1534 16 24
1554 16 24
1555 16 24
1556 16 24
1605 16 24
1729 16 24
1763 16 24
1764 16 24
1776 16 24
1795 16 24
1796 16 24
1797 16 24
1831 16 24
1838 16 24
1848 16 24
1857 16 24
1899 16 24
1900 16 24
1901 16 24
1912 16 24
1930 16 24
1935 16 24
1937 16 24
1938 16 24
1939 16 24
1940 16 24
1943 16 24
1944 16 24
1955 16 24
1956 16 24
1983 16 24
1986 16 24
1988 16 24
1998 16 24
1999 16 24
2000 16 24
2001 16 24
2002 16 24
2003 16 24
2004 16 24
2005 16 24
2006 16 24
2007 16 24
2008 16 24
2009 16 24
2010 16 24
2011 16 24
2012 16 24
2013 16 24
2014 16 24
2015 16 24
2016 16 24
2017 16 24
2018 16 24
2019 16 24
2023 16 24
2038 16 24
2039 16 24
2040 16 24
2041 16 24
2042 16 24
2043 16 24
1025 18 7
1027 18 7
1029 18 7
1030 18 7
519 18 7
520 18 7
521 18 7
522 18 7
523 18 7
524 18 7
525 18 7
1031 18 7
527 18 7
528 18 7
1032 18 7
1034 18 7
1036 18 7
1037 18 7
1040 18 7
1041 18 7
1042 18 7
1563 18 7
34 18 7
36 18 7
548 18 7
38 18 7
549 18 7
550 18 7
553 18 7
1066 18 7
1574 18 7
556 18 7
1068 18 7
1070 18 7
1071 18 7
1072 18 7
1073 18 7
1074 18 7
563 18 7
564 18 7
565 18 7
1075 18 7
567 18 7
1076 18 7
1586 18 7
573 18 7
575 18 7
576 18 7
577 18 7
578 18 7
579 18 7
1603 18 7
581 18 7
582 18 7
583 18 7
585 18 7
586 18 7
587 18 7
1100 18 7
1102 18 7
1103 18 7
592 18 7
1617 18 7
594 18 7
1622 18 7
1627 18 7
1628 18 7
1629 18 7
1632 18 7
1634 18 7
99 18 7
100 18 7
101 18 7
103 18 7
104 18 7
1641 18 7
106 18 7
1646 18 7
114 18 7
1655 18 7
634 18 7
1146 18 7
1147 18 7
1660 18 7
137 18 7
1676 18 7
1453 18 7
1172 18 7
1173 18 7
1454 18 7
151 18 7
1687 18 7
1455 18 7
1178 18 7
1179 18 7
1180 18 7
1456 18 7
1695 18 7
160 18 7
672 18 7
162 18 7
163 18 7
164 18 7
1457 18 7
1696 18 7
1697 18 7
1698 18 7
681 18 7
682 18 7
683 18 7
684 18 7
173 18 7
174 18 7
687 18 7
1706 18 7
179 18 7
1204 18 7
1205 18 7
182 18 7
1719 18 7
1212 18 7
1213 18 7
706 18 7
707 18 7
708 18 7
709 18 7
1730 18 7
1731 18 7
200 18 7
201 18 7
202 18 7
203 18 7
204 18 7
205 18 7
206 18 7
207 18 7
208 18 7
209 18 7
1231 18 7
1232 18 7
1241 18 7
1242 18 7
1753 18 7
733 18 7
1245 18 7
227 18 7
228 18 7
229 18 7
1252 18 7
1254 18 7
744 18 7
1255 18 7
239 18 7
240 18 7
241 18 7
242 18 7
243 18 7
244 18 7
245 18 7
1268 18 7
1779 18 7
1780 18 7
1781 18 7
1782 18 7
1275 18 7
1786 18 7
253 18 7
1792 18 7
1281 18 7
1283 18 7
1798 18 7
776 18 7
779 18 7
780 18 7
781 18 7
782 18 7
271 18 7
784 18 7
273 18 7
785 18 7
275 18 7
276 18 7
277 18 7
1810 18 7
279 18 7
280 18 7
281 18 7
282 18 7
1303 18 7
1814 18 7
1815 18 7
1819 18 7
799 18 7
1820 18 7
289 18 7
290 18 7
292 18 7
807 18 7
808 18 7
1319 18 7
810 18 7
1320 18 7
812 18 7
1837 18 7
1341 18 7
1342 18 7
1343 18 7
1344 18 7
1346 18 7
1864 18 7
844 18 7
1358 18 7
855 18 7
1883 18 7
353 18 7
1890 18 7
1380 18 7
358 18 7
1898 18 7
364 18 7
1910 18 7
1911 18 7
1918 18 7
900 18 7
1412 18 7
903 18 7
1933 18 7
1423 18 7
912 18 7
913 18 7
411 18 7
1435 18 7
1437 18 7
927 18 7
928 18 7
929 18 7
418 18 7
1439 18 7
1440 18 7
1441 18 7
1449 18 7
1450 18 7
939 18 7
940 18 7
941 18 7
942 18 7
943 18 7
432 18 7
944 18 7
1452 18 7
435 18 7
436 18 7
437 18 7
438 18 7
439 18 7
948 18 7
949 18 7
950 18 7
952 18 7
1459 18 7
1460 18 7
958 18 7
1975 18 7
1978 18 7
963 18 7
964 18 7
965 18 7
967 18 7
1481 18 7
971 18 7
973 18 7
974 18 7
975 18 7
982 18 7
1494 18 7
984 18 7
985 18 7
1495 18 7
1498 18 7
1499 18 7
1500 18 7
1515 18 7
1005 18 7
497 18 7
1528 18 7
505 18 7
1530 18 7
1022 18 7
