578 0
581 0
411 0
209 0
163 0
520 0
708 0
939 0
707 0
575 0
244 0
941 0
160 0
973 0
967 0
943 0
521 0
942 0
522 0
948 0
580 0
940 0
975 0
1374 0
519 0
1563 0
322 0
321 0
1023 0
166 0
1450 0
323 0
1200 0
591 0
165 0
158 0
391 0
1148 0
1024 0
419 0
593 0
1646 0
335 0
320 0
595 0
417 0
280 0
928 0
900 0
1040 0
744 0
1102 0
103 0
586 0
865 0
1231 0
1498 0
927 0
929 0
1074 0
228 0
776 0
253 0
104 0
1041 0
438 0
810 0
1075 0
1500 0
1076 0
812 0
1073 0
82 0
220 0
81 0
86 0
88 0
225 0
84 0
224 0
85 0
60 0
1783 0
1399 0
87 0
1059 0
653 0
830 0
1233 0
219 0
660 0
226 0
823 0
223 0
661 0
1805 0
662 0
691 0
132 0
674 0
303 0
306 0
715 0
712 0
693 0
1638 0
937 0
328 0
305 0
711 0
813 0
130 0
367 0
302 0
689 0
1787 0
1202 0
361 0
1630 0
1297 0
826 0
171 0
844 0
594 0
167 0
174 0
1457 0
181 0
162 0
418 0
169 0
159 0
523 0
1275 0
1173 0
172 0
170 0
157 0
1865 0
1194 0
83 0
771 0
43 0
108 0
625 0
242 0
858 0
1215 0
187 0
1308 0
1531 0
859 0
348 0
17 0
349 0
257 0
347 0
350 0
345 0
15 0
1521 0
16 0
1519 0
11 0
271 0
1520 0
274 0
18 0
355 0
1208 0
13 0
1207 0
14 0
12 0
273 0
1251 0
1914 0
351 0
44 0
1257 0
443 0
1256 0
441 0
442 0
1222 0
1356 0
1362 0
1078 0
440 0
94 0
444 0
944 0
1860 0
1218 0
1851 0
1221 0
1924 0
204 0
206 0
290 0
208 0
289 0
207 0
292 0
205 0
565 0
435 0
202 0
201 0
200 0
1730 0
1696 0
203 0
497 0
1165 0
709 0
1731 0
1172 0
93 0
695 0
805 0
803 0
96 0
698 0
699 0
806 0
1411 0
702 0
1272 0
697 0
804 0
1365 0
696 0
1364 0
1363 0
1381 0
654 0
807 0
1230 0
1232 0
8 0
1660 0
974 0
534 0
1753 0
1452 0
1103 0
278 0
1146 0
585 0
577 0
1255 0
439 0
582 0
432 0
583 0
1177 0
855 0
1254 0
1176 0
866 0
436 0
238 0
704 0
175 0
703 0
1480 0
1145 0
592 0
1726 0
1084 0
1147 0
1387 0
1385 0
262 0
484 0
261 0
486 0
483 0
265 0
264 0
502 0
266 0
263 0
827 0
1402 0
1501 0
481 0
1187 0
1502 0
983 0
500 0
951 0
1265 0
922 0
1186 0
857 0
501 0
920 0
482 0
498 0
571 0
921 0
1558 0
234 0
109 0
168 0
236 0
237 0
233 0
231 0
5 0
235 0
2 0
1388 0
658 0
107 0
657 0
877 0
1139 0
705 0
778 0
1042 0
1670 0
1060 0
945 0
1505 0
984 0
494 0
272 0
58 0
777 0
477 0
493 0
474 0
475 0
1021 0
659 0
476 0
478 0
1020 0
1199 0
1349 0
1198 0
1136 0
142 0
1278 0
1279 0
1523 0
429 0
427 0
430 0
570 0
1373 0
431 0
1174 0
552 0
568 0
1690 0
1135 0
1671 0
1816 0
1562 0
1617 0
1282 0
572 0
1616 0
57 0
1476 0
1483 0
1478 0
354 0
1446 0
1350 0
690 0
1674 0
1482 0
1108 0
1129 0
222 0
1477 0
507 0
954 0
989 0
694 0
1673 0
1693 0
1621 0
1886 0
1484 0
1985 0
252 0
396 0
251 0
1065 0
254 0
1099 0
249 0
139 0
386 0
338 0
248 0
1708 0
1503 0
341 0
1642 0
336 0
1928 0
1161 0
562 0
1555 0
1293 0
1157 0
1889 0
896 0
454 0
912 0
1149 0
914 0
1303 0
733 0
525 0
524 0
893 0
1151 0
1150 0
1152 0
526 0
611 0
1977 0
1978 0
1711 0
1192 0
125 0
701 0
398 0
1342 0
1123 0
1632 0
1485 0
1720 0
1120 0
397 0
1122 0
1565 0
1121 0
1479 0
1814 0
1815 0
399 0
1920 0
1417 0
1205 0
241 0
240 0
1453 0
164 0
687 0
1204 0
364 0
1755 0
1883 0
2244 0
239 0
1754 0
152 0
133 0
149 0
141 0
1572 0
153 0
788 0
1431 0
154 0
143 0
138 0
155 0
1430 0
1506 0
786 0
1714 0
1822 0
1131 0
1823 0
1762 0
1758 0
1713 0
1759 0
304 0
818 0
1580 0
692 0
820 0
1298 0
554 0
822 0
978 0
821 0
1371 0
1898 0
1910 0
1460 0
527 0
1459 0
1283 0
528 0
1499 0
1628 0
1454 0
1212 0
1627 0
1698 0
1629 0
584 0
173 0
841 0
1622 0
587 0
748 0
1253 0
1252 0
956 0
215 0
1321 0
221 0
452 0
53 0
710 0
1804 0
576 0
433 0
683 0
1100 0
682 0
681 0
1071 0
684 0
276 0
282 0
437 0
277 0
279 0
281 0
1241 0
1005 0
1975 0
655 0
969 0
652 0
428 0
656 0
968 0
1010 0
650 0
54 0
1008 0
971 0
1011 0
651 0
425 0
953 0
764 0
1033 0
763 0
51 0
885 0
762 0
1259 0
1287 0
761 0
1416 0
1843 0
1029 0
1025 0
1441 0
1697 0
1320 0
1440 0
913 0
1319 0
1439 0
1655 0
1437 0
1933 0
406 0
403 0
404 0
250 0
405 0
1496 0
936 0
1582 0
1640 0
935 0
1970 0
747 0
1188 0
1191 0
1190 0
1189 0
1193 0
1509 0
970 0
1647 0
1510 0
745 0
746 0
1658 0
1413 0
1686 0
775 0
337 0
875 0
1274 0
1273 0
362 0
1367 0
1644 0
1931 0
614 0
774 0
617 0
56 0
623 0
626 0
627 0
624 0
63 0
55 0
1973 0
59 0
61 0
283 0
824 0
286 0
285 0
284 0
468 0
467 0
145 0
1611 0
1578 0
144 0
1666 0
62 0
1667 0
1324 0
1410 0
1664 0
1727 0
854 0
6 0
423 0
734 0
1258 0
1 0
3 0
230 0
4 0
426 0
876 0
718 0
492 0
1592 0
395 0
488 0
1635 0
490 0
487 0
1778 0
491 0
1718 0
1717 0
1979 0
892 0
646 0
849 0
1185 0
848 0
1390 0
1424 0
649 0
644 0
643 0
1196 0
1426 0
648 0
847 0
1389 0
460 0
463 0
462 0
461 0
1866 0
99 0
100 0
101 0
781 0
1719 0
106 0
829 0
89 0
706 0
1794 0
1792 0
92 0
216 0
735 0
232 0
506 0
156 0
1169 0
1109 0
980 0
485 0
1613 0
1170 0
1171 0
1247 0
1789 0
356 0
421 0
34 0
150 0
420 0
360 0
151 0
1760 0
1423 0
116 0
330 0
890 0
458 0
329 0
413 0
891 0
1788 0
831 0
1612 0
1276 0
1833 0
1277 0
1770 0
1808 0
98 0
1610 0
1101 0
947 0
97 0
779 0
780 0
1072 0
1068 0
1070 0
245 0
1358 0
179 0
517 0
1706 0
590 0
1225 0
950 0
588 0
182 0
1226 0
1224 0
1602 0
1918 0
1511 0
713 0
327 0
1888 0
1606 0
1107 0
1243 0
1341 0
1885 0
1104 0
883 0
1723 0
1636 0
569 0
515 0
946 0
966 0
1267 0
384 0
1386 0
981 0
686 0
1809 0
798 0
36 0
1892 0
633 0
632 0
1248 0
636 0
1031 0
1722 0
637 0
635 0
1721 0
634 0
1798 0
1761 0
1030 0
510 0
511 0
508 0
509 0
1934 0
860 0
1053 0
1195 0
1537 0
45 0
352 0
42 0
1695 0
46 0
1538 0
47 0
1110 0
1206 0
895 0
1105 0
979 0
1707 0
977 0
976 0
952 0
1022 0
1180 0
1242 0
1179 0
949 0
1634 0
1181 0
137 0
1034 0
229 0
1281 0
1036 0
1032 0
227 0
567 0
1786 0
573 0
353 0
965 0
275 0
1175 0
963 0
513 0
518 0
2465 0
512 0
1113 0
1337 0
52 0
1080 0
50 0
1081 0
1322 0
1641 0
1568 0
1513 0
1820 0
1514 0
1819 0
1512 0
1570 0
291 0
380 0
199 0
905 0
749 0
1234 0
819 0
1235 0
615 0
1448 0
1656 0
1449 0
1219 0
1082 0
1214 0
800 0
1648 0
1227 0
530 0
531 0
532 0
472 0
161 0
1300 0
1301 0
864 0
1456 0
38 0
1346 0
1676 0
1810 0
1890 0
1515 0
1864 0
579 0
243 0
1607 0
1574 0
37 0
1433 0
35 0
1434 0
539 0
540 0
1432 0
542 0
1807 0
1996 0
1925 0
1201 0
1296 0
1936 0
808 0
958 0
809 0
991 0
1037 0
1455 0
1028 0
787 0
1049 0
1585 0
1090 0
1048 0
1583 0
1584 0
1050 0
1182 0
1882 0
1969 0
119 0
1637 0
1639 0
422 0
1066 0
815 0
881 0
850 0
91 0
1539 0
185 0
1404 0
541 0
1542 0
1541 0
359 0
1540 0
184 0
1403 0
1517 0
379 0
1679 0
758 0
843 0
1516 0
2027 0
757 0
760 0
1784 0
716 0
1875 0
964 0
982 0
1027 0
846 0
1818 0
842 0
401 0
400 0
402 0
1262 0
1694 0
1130 0
1769 0
95 0
1280 0
471 0
473 0
1412 0
1529 0
985 0
1528 0
784 0
1530 0
785 0
782 0
1840 0
118 0
898 0
899 0
676 0
434 0
1309 0
1472 0
1069 0
1704 0
916 0
408 0
514 0
564 0
563 0
470 0
1216 0
1217 0
469 0
1874 0
9 0
1547 0
894 0
1368 0
1561 0
343 0
1526 0
1525 0
1357 0
1111 0
1569 0
453 0
459 0
1608 0
1800 0
456 0
1609 0
1967 0
1659 0
313 0
1593 0
1087 0
312 0
311 0
189 0
1633 0
1494 0
1801 0
1396 0
1832 0
1802 0
957 0
1825 0
1909 0
1487 0
186 0
1834 0
1178 0
357 0
1687 0
1245 0
1213 0
178 0
176 0
177 0
180 0
2503 0
183 0
870 0
873 0
874 0
871 0
872 0
393 0
394 0
1246 0
1106 0
1083 0
1086 0
1209 0
1210 0
555 0
114 0
113 0
115 0
1144 0
1142 0
1143 0
1876 0
1237 0
1238 0
1239 0
1236 0
1765 0
1649 0
1009 0
1067 0
797 0
1211 0
802 0
1861 0
801 0
1862 0
1465 0
1464 0
1463 0
1750 0
816 0
1701 0
817 0
1702 0
814 0
1703 0
1700 0
1929 0
1601 0
955 0
799 0
1376 0
1375 0
1353 0
1352 0
887 0
886 0
884 0
1422 0
1766 0
1421 0
1535 0
392 0
574 0
1581 0
1992 0
1545 0
1544 0
1551 0
1127 0
1546 0
1128 0
1550 0
326 0
324 0
325 0
1709 0
1469 0
1470 0
1329 0
499 0
381 0
1559 0
1347 0
1653 0
1907 0
1895 0
33 0
26 0
32 0
31 0
30 0
1394 0
1691 0
1395 0
1397 0
121 0
117 0
120 0
1768 0
1767 0
1813 0
671 0
1950 0
669 0
1553 0
670 0
1302 0
455 0
516 0
49 0
1552 0
48 0
1263 0
840 0
1264 0
1260 0
838 0
1742 0
1741 0
1942 0
7 0
1134 0
1724 0
1133 0
1922 0
1990 0
1989 0
1991 0
1166 0
1781 0
1782 0
1780 0
1948 0
1949 0
1947 0
1906 0
1905 0
1894 0
1893 0
836 1
932 1
148 1
495 1
605 1
70 1
688 1
218 1
608 1
340 1
258 1
607 1
988 1
606 1
1737 1
1645 1
300 1
1116 1
664 1
217 1
1351 1
1197 1
668 1
1631 1
1119 1
1458 1
1118 1
147 1
1001 1
861 1
609 1
987 1
1327 1
1295 1
1249 1
75 1
791 1
67 1
926 1
68 1
496 1
1035 1
597 1
71 1
64 1
69 1
1508 1
679 1
65 1
601 1
73 1
680 1
647 1
66 1
790 1
924 1
72 1
146 1
772 1
1543 1
1286 1
344 1
773 1
1284 1
618 1
619 1
621 1
622 1
1183 1
620 1
667 1
665 1
663 1
931 1
645 1
742 1
1012 1
910 1
1699 1
1056 1
739 1
1052 1
997 1
738 1
1055 1
1524 1
1124 1
111 1
1573 1
837 1
190 1
188 1
1492 1
923 1
925 1
1112 1
20 1
766 1
1126 1
1486 1
1968 1
1817 1
793 1
1096 1
1062 1
740 1
446 1
993 1
992 1
135 1
1061 1
986 1
990 1
1220 1
389 1
1288 1
387 1
1595 1
140 1
385 1
388 1
390 1
1488 1
1596 1
424 1
1793 1
1461 1
879 1
878 1
1462 1
880 1
457 1
2000 1
783 1
882 1
332 1
77 1
1692 1
2359 1
1261 1
2356 1
2021 1
331 1
1054 1
414 1
450 1
416 1
1015 1
24 1
448 1
1710 1
1972 1
1746 1
845 1
1773 1
1380 1
1962 1
1835 1
1836 1
1229 1
1971 1
269 1
544 1
295 1
996 1
270 1
267 1
994 1
960 1
1984 1
995 1
90 1
268 1
1548 1
1587 1
1366 1
1828 1
1827 1
1384 1
770 1
767 1
869 1
1370 1
1304 1
1490 1
1733 1
1013 1
1017 1
1018 1
1016 1
1019 1
1014 1
743 1
717 1
1847 1
1740 1
917 1
1824 1
1846 1
1725 1
1507 1
1873 1
566 1
1845 1
1821 1
1240 1
1826 1
1398 1
551 1
547 1
1117 1
1158 1
213 1
1443 1
768 1
1599 1
1668 1
1751 1
1475 1
339 1
212 1
1896 1
358 1
598 1
741 1
1345 1
1614 1
811 1
1343 1
1344 1
1615 1
604 1
342 1
124 1
908 1
1000 1
825 1
1338 1
1383 1
1089 1
972 1
480 1
1292 1
1045 1
1436 1
479 1
256 1
1098 1
1318 1
1097 1
1095 1
451 1
299 1
1497 1
1518 1
105 1
1954 1
602 1
1842 1
1466 1
383 1
728 1
610 1
1447 1
1379 1
1378 1
1897 1
1377 1
1863 1
378 1
1536 1
1591 1
789 1
372 1
369 1
370 1
368 1
750 1
371 1
867 1
296 1
897 1
559 1
1957 1
731 1
730 1
21 1
714 1
720 1
918 1
1203 1
919 1
1839 1
1006 1
962 1
1960 1
729 1
197 1
195 1
930 1
1244 1
196 1
933 1
191 1
198 1
194 1
1803 1
192 1
2022 1
193 1
666 1
911 1
560 1
907 1
23 1
909 1
1340 1
1339 1
1427 1
1294 1
1917 1
834 1
1369 1
136 1
599 1
1590 1
129 1
1114 1
603 1
407 1
1749 1
1678 1
1271 1
596 1
1299 1
1589 1
1777 1
78 1
1058 1
319 1
700 1
537 1
80 1
752 1
961 1
1310 1
1785 1
1057 1
74 1
1184 1
1675 1
1228 1
39 1
1269 1
685 1
1382 1
40 1
1665 1
1619 1
1268 1
1859 1
549 1
833 1
550 1
553 1
548 1
600 1
310 1
309 1
465 1
10 1
308 1
464 1
1473 1
489 1
466 1
1400 1
1401 1
1504 1
307 1
1881 1
1965 1
1923 1
2496 1
1963 1
546 1
1997 1
112 1
314 1
110 1
76 1
561 1
1115 1
1393 1
1313 1
1311 1
1392 1
1830 1
677 1
1549 1
317 1
558 1
1391 1
1879 1
1941 1
259 1
726 1
1334 1
1335 1
1333 1
1408 1
1328 1
727 1
1566 1
754 1
1567 1
724 1
755 1
1891 1
723 1
1603 1
725 1
1325 1
2243 1
1779 1
543 1
1661 1
545 1
835 1
613 1
769 1
1870 1
765 1
792 1
1085 1
839 1
589 1
1442 1
1858 1
1007 1
1799 1
1495 1
1747 1
628 1
630 1
629 1
247 1
736 1
737 1
246 1
631 1
856 1
678 1
1626 1
868 1
1162 1
211 1
1163 1
214 1
612 1
1290 1
1532 1
853 1
1291 1
210 1
1289 1
1752 1
851 1
852 1
998 1
999 1
1489 1
1491 1
1002 1
301 1
1355 1
536 1
535 1
1468 1
538 1
1677 1
533 1
1354 1
412 1
1444 1
2457 1
415 1
410 1
409 1
1445 1
2456 1
2519 1
1837 1
1974 1
1995 1
79 1
1125 1
1932 1
318 1
128 1
126 1
1138 1
122 1
1285 1
1669 1
123 1
316 1
1841 1
1407 1
1044 1
1026 1
759 1
1046 1
1043 1
1047 1
1952 1
28 1
1682 1
445 1
449 1
529 1
447 1
382 1
1869 1
1305 1
41 1
1306 1
616 1
1307 1
1748 1
1223 1
1451 1
1079 1
1160 1
1159 1
1406 1
297 1
1474 1
1077 1
1405 1
1522 1
293 1
1270 1
294 1
1560 1
1155 1
751 1
1312 1
1806 1
1137 1
675 1
959 1
1140 1
1994 1
22 1
19 1
1623 1
25 1
1577 1
377 1
374 1
375 1
376 1
373 1
1594 1
828 1
1091 1
29 1
1620 1
1684 1
1409 1
1360 1
1961 1
1685 1
1088 1
1683 1
1927 1
1643 1
1168 1
1681 1
1856 1
1728 1
1680 1
1438 1
2520 1
673 1
672 1
862 1
863 1
1481 1
1916 1
1586 1
1314 1
1316 1
1317 1
1167 1
1315 1
1266 1
1776 1
1775 1
1771 1
2109 1
902 1
127 1
1855 1
1854 1
1903 1
298 1
915 1
2521 1
2538 1
901 1
906 1
903 1
1774 1
1915 1
505 1
1772 1
1913 1
1651 1
366 1
1756 1
1868 1
1884 1
1688 1
1689 1
1732 1
1844 1
363 1
1154 1
1712 1
1588 1
365 1
1153 1
1919 1
1878 1
334 1
333 1
1156 1
1654 1
1921 1
27 1
134 1
1575 1
1576 1
1964 1
904 1
1672 1
315 1
131 1
832 1
288 1
287 1
1429 1
1428 1
753 1
756 1
504 1
503 1
1663 1
1662 1
1415 1
1527 1
1414 1
719 1
721 1
1624 1
1625 1
1361 1
1359 1
888 1
889 1
1652 1
1650 1
1872 1
1871 1
2056 2
2041 2
2039 2
2152 2
2107 2
2089 2
2086 2
2236 2
2235 2
2105 2
2151 2
2106 2
2257 2
2040 2
2271 2
1986 2
2449 2
2270 2
2532 2
2094 2
2092 2
2095 2
2223 2
2096 2
2129 2
2013 2
1064 2
1838 2
2220 2
1729 2
2053 2
2093 2
2221 2
2068 2
2378 2
1943 2
2075 2
2334 2
2159 2
1937 2
2170 2
1323 2
2128 2
2126 2
2127 2
2130 2
2372 2
346 2
2203 2
2232 2
2062 2
2377 2
2472 2
1435 2
2125 2
1956 2
2085 2
2090 2
2260 2
2149 2
1039 2
2148 2
1955 2
2325 2
2108 2
2436 2
2222 2
1038 2
2150 2
2275 2
2272 2
2375 2
2147 2
2369 2
2427 2
2274 2
2265 2
1899 2
2114 2
2076 2
2118 2
2288 2
1831 2
2287 2
2289 2
2362 2
2290 2
2412 2
2216 2
2330 2
2368 2
2262 2
2261 2
2264 2
2226 2
1604 2
2120 2
2202 2
2078 2
2283 2
2079 2
2080 2
2177 2
2081 2
2322 2
1063 2
2413 2
2185 2
2255 2
2515 2
2489 2
2087 2
2088 2
2002 2
2116 2
2284 2
1998 2
2084 2
2327 2
2168 2
2012 2
2315 2
2328 2
2015 2
2415 2
1605 2
2245 2
2049 2
1467 2
1093 2
1092 2
2083 2
1471 2
2422 2
2175 2
2354 2
2408 2
2293 2
2353 2
2034 2
2418 2
2500 2
934 2
1958 2
2276 2
2391 2
2037 2
2269 2
2278 2
2524 2
2277 2
2392 2
2432 2
2267 2
2266 2
2268 2
2499 2
2036 2
2339 2
1867 2
2230 2
2174 2
2033 2
2259 2
2179 2
2196 2
2180 2
2065 2
2324 2
2522 2
2390 2
2423 2
2064 2
102 2
796 2
2316 2
795 2
794 2
1420 2
2335 2
1419 2
1926 2
1418 2
2301 2
2186 2
1164 2
2294 2
2263 2
2234 2
2194 2
2318 2
2219 2
2286 2
2504 2
2528 2
2050 2
2410 2
1939 2
2121 2
2123 2
1940 2
2419 2
2420 2
2404 2
1930 2
2403 2
2016 2
2437 2
2429 2
2411 2
1848 2
2430 2
2402 2
2421 2
2256 2
2119 2
1938 2
2505 2
2209 2
2189 2
2190 2
2197 2
2355 2
2198 2
2188 2
2191 2
2200 2
2199 2
2192 2
2480 2
2323 2
2389 2
2227 2
2187 2
2492 2
2229 2
2396 2
2525 2
2011 2
1900 2
260 2
1493 2
1372 2
1571 2
255 2
2399 2
2215 2
2100 2
2101 2
2211 2
2381 2
2380 2
2379 2
2155 2
2310 2
2510 2
2183 2
2201 2
2206 2
1904 2
1757 2
2178 2
2176 2
2204 2
1564 2
2164 2
2139 2
2208 2
2439 2
2361 2
2385 2
2386 2
2373 2
2001 2
2250 2
2014 2
2038 2
2042 2
2344 2
2043 2
1745 2
2321 2
1912 2
2160 2
1326 2
1336 2
2312 2
1743 2
1744 2
1348 2
2154 2
2132 2
2046 2
2395 2
2044 2
2047 2
2045 2
2409 2
2133 2
2314 2
2131 2
2134 2
2173 2
2153 2
2251 2
1911 2
2530 2
2509 2
2452 2
2171 2
2513 2
2025 2
2453 2
556 2
2514 2
2331 2
2450 2
2332 2
2393 2
2517 2
1999 2
2003 2
2069 2
2431 2
2464 2
2526 2
1944 2
1094 2
2302 2
2374 2
2077 2
1797 2
2320 2
2231 2
1796 2
1051 2
1533 2
2110 2
2146 2
2319 2
1534 2
2462 2
2485 2
1795 2
2481 2
640 2
638 2
641 2
2073 2
639 2
642 2
2501 2
1811 2
1812 2
1579 2
2111 2
2115 2
2113 2
2348 2
2349 2
2112 2
2350 2
2483 2
2484 2
1935 2
2416 2
2306 2
2031 2
1705 2
1332 2
2357 2
2461 2
2446 2
2117 2
2103 2
2161 2
2054 2
2091 2
2487 2
2326 2
2162 2
2052 2
2102 2
2459 2
2104 2
2048 2
2051 2
2455 2
2512 2
1908 2
2193 2
2195 2
1983 2
1657 2
2387 2
2477 2
2292 2
2071 2
2347 2
2143 2
2144 2
2141 2
2142 2
2140 2
2473 2
2239 2
2169 2
2529 2
2471 2
2470 2
2388 2
2352 2
2482 2
2531 2
1735 2
2448 2
2122 2
1736 2
2376 2
2336 2
1330 2
1738 2
1734 2
2463 2
2184 2
2305 2
2382 2
2182 2
2172 2
2304 2
2029 2
2527 2
2535 2
2358 2
2181 2
1132 2
2518 2
2020 2
2533 2
2539 2
2066 2
2067 2
2474 2
1993 2
2307 2
2425 2
2165 2
1959 2
2167 2
2166 2
2157 2
2367 2
2156 2
2414 2
2534 2
2207 2
2285 2
2212 2
2317 2
2291 2
2225 2
2282 2
2224 2
2384 2
2163 2
2138 2
2242 2
2241 2
1331 2
2137 2
2365 2
2237 2
2240 2
2364 2
2502 2
2070 2
2238 2
2366 2
2488 2
2061 2
2460 2
2124 2
2023 2
2136 2
2082 2
1598 2
2097 2
2099 2
2098 2
1951 2
2145 2
1857 2
2333 2
1829 2
2247 2
2440 2
2360 2
2248 2
2135 2
2441 2
2329 2
2442 2
2249 2
2443 2
2017 2
2345 2
2019 2
2468 2
2467 2
2508 2
2346 2
2469 2
2498 2
2060 2
1953 2
2063 2
2296 2
2300 2
2210 2
2295 2
2426 2
2424 2
2490 2
2516 2
2004 2
2010 2
557 2
2009 2
2435 2
1600 2
1141 2
1988 2
2299 2
1004 2
1597 2
1618 2
1987 2
1003 2
2273 2
2205 2
1945 2
1946 2
2438 2
938 2
2434 2
2447 2
2337 2
2303 2
1966 2
2466 2
2476 2
722 2
2059 2
2058 2
2055 2
2057 2
2028 2
2400 2
2451 2
2258 2
2428 2
2018 2
1901 2
1425 2
2279 2
2074 2
2458 2
1887 2
2383 2
2398 2
2444 2
2506 2
1981 2
1250 2
1980 2
1982 2
1791 2
1790 2
2032 2
2035 2
2454 2
2030 2
2523 2
2511 2
2363 2
2405 2
2406 2
2537 2
2214 2
2298 2
2297 2
2213 2
2351 2
2233 2
2340 2
2491 2
2407 2
2158 2
2486 2
2536 2
2417 2
2308 2
2311 2
2309 2
2313 2
2433 2
2281 2
2280 2
2494 2
2495 2
2497 2
2072 2
2507 2
2370 2
2371 2
2252 2
2343 2
2342 2
2341 2
2493 2
2246 2
2228 2
2253 2
2254 2
2338 2
2401 2
2445 2
2218 2
1850 2
2217 2
1849 2
2024 2
2397 2
2394 2
2479 2
2478 2
2026 2
2475 2
2006 2
2008 2
2005 2
2007 2
1764 2
1763 2
1739 3
1716 3
1557 4
1902 4
1715 4
1556 4
1554 4
1852 5
1880 5
1853 5
732 6
1976 6
1877 7
