1 0 2
2 0 2
3 0 2
4 0 2
5 0 2
6 0 2
7 0 2
8 0 2
9 0 2
10 0 2
13 0 43
15 0 2
16 0 43
17 0 2
19 0 2
20 0 2
21 0 2
23 0 2
26 0 2
28 0 2
29 0 43
31 0 2
32 0 2
34 0 43
36 0 48
37 0 2
39 0 2
41 0 2
44 0 2
45 0 2
46 0 48
47 0 2
52 0 43
53 0 2
54 0 2
55 0 2
56 0 2
60 0 2
61 0 2
62 0 2
64 0 2
66 0 2
68 0 2
69 0 2
70 0 2
71 0 2
72 0 43
74 0 2
75 0 2
76 0 2
77 0 2
78 0 2
80 0 2
81 0 2
83 0 2
86 0 2
87 0 2
88 0 2
89 0 2
93 0 2
94 0 2
95 0 2
97 0 2
99 0 2
100 0 2
101 0 2
103 0 2
104 0 2
105 0 2
107 0 2
108 0 2
109 0 2
110 0 2
111 0 2
112 0 2
113 0 2
114 0 2
116 0 2
119 0 2
120 0 43
122 0 2
125 0 2
127 0 2
131 0 2
132 0 2
133 0 2
134 0 2
137 0 2
138 0 2
139 0 2
140 0 2
141 0 2
142 0 2
143 0 2
144 0 2
145 0 2
147 0 2
148 0 2
149 0 2
150 0 2
152 0 23
153 0 2
154 0 23
155 0 2
156 0 2
157 0 2
158 0 2
159 0 2
160 0 43
161 0 2
162 0 2
163 0 2
164 0 2
165 0 2
166 0 2
167 0 2
168 0 2
169 0 2
170 0 2
171 0 2
172 0 2
173 0 2
174 0 2
175 0 2
176 0 2
177 0 2
178 0 2
179 0 2
181 0 2
182 0 2
183 0 2
185 0 2
186 0 2
189 0 2
190 0 2
191 0 2
193 0 2
194 0 2
195 0 2
196 0 2
197 0 2
198 0 2
199 0 2
200 0 2
201 0 2
202 0 2
203 0 2
204 0 48
205 0 2
206 0 2
207 0 2
208 0 2
209 0 2
210 0 2
211 0 2
212 0 2
213 0 2
214 0 2
215 0 2
216 0 2
217 0 2
218 0 2
219 0 2
220 0 2
221 0 2
222 0 43
223 0 2
224 0 2
225 0 2
227 0 2
228 0 43
229 0 2
231 0 2
232 0 2
233 0 2
234 0 2
235 0 2
236 0 23
237 0 2
238 0 2
239 0 2
240 0 2
241 0 2
243 0 2
244 0 2
245 0 2
247 0 2
248 0 2
249 0 2
250 0 2
251 0 2
252 0 2
253 0 2
254 0 2
255 0 2
256 0 43
257 0 2
258 0 2
259 0 2
260 0 2
261 0 2
262 0 2
263 0 2
264 0 2
265 0 2
266 0 2
268 0 2
269 0 2
270 0 43
271 0 2
272 0 2
273 0 2
274 0 2
275 0 2
276 0 2
277 0 2
278 0 2
279 0 2
282 0 2
283 0 2
284 0 2
285 0 2
286 0 2
287 0 43
288 0 2
289 0 2
290 0 2
291 0 2
293 0 2
294 0 2
295 0 43
296 0 2
297 0 2
298 0 2
299 0 2
300 0 2
301 0 2
302 0 43
305 0 2
306 0 2
307 0 2
308 0 2
310 0 2
311 0 2
312 0 2
314 0 2
315 0 2
316 0 2
317 0 2
318 0 2
319 0 2
320 0 2
321 0 2
322 0 2
323 0 2
324 0 2
325 0 2
326 0 2
327 0 2
328 0 43
329 0 2
330 0 2
331 0 2
333 0 2
334 0 2
335 0 2
336 0 2
337 0 2
338 0 2
339 0 2
340 0 2
341 0 2
342 0 2
343 0 2
344 0 2
345 0 2
346 0 2
347 0 2
348 0 2
349 0 2
350 0 2
351 0 2
352 0 2
353 0 2
354 0 2
356 0 2
357 0 43
358 0 2
359 0 2
360 0 2
362 0 2
364 0 2
365 0 2
366 0 2
367 0 2
368 0 2
369 0 2
370 0 2
371 0 2
372 0 2
373 0 2
374 0 2
375 0 2
376 0 2
377 0 2
378 0 2
379 0 2
380 0 2
381 0 2
383 0 2
384 0 2
385 0 2
386 0 2
387 0 2
388 0 2
389 0 2
390 0 2
391 0 2
392 0 2
393 0 2
394 0 23
396 0 2
397 0 2
398 0 2
399 0 2
400 0 2
401 0 2
402 0 23
403 0 2
404 0 2
405 0 2
406 0 2
407 0 2
408 0 2
409 0 2
410 0 2
411 0 2
412 0 2
413 0 2
414 0 2
416 0 2
417 0 2
418 0 2
419 0 2
420 0 2
421 0 2
422 0 2
423 0 2
424 0 2
426 0 2
427 0 2
428 0 43
429 0 2
430 0 23
431 0 2
432 0 2
433 0 2
434 0 2
435 0 2
436 0 2
437 0 2
439 0 2
440 0 2
441 0 2
442 0 2
443 0 2
444 0 2
446 0 2
447 0 2
449 0 2
451 0 43
452 0 43
454 0 2
455 0 2
456 0 2
457 0 23
458 0 2
459 0 2
460 0 2
461 0 2
462 0 2
463 0 2
465 0 48
466 0 2
467 0 2
468 0 43
469 0 43
470 0 2
471 0 2
472 0 2
473 0 2
474 0 2
475 0 2
476 0 2
477 0 2
478 0 2
479 0 2
480 0 2
482 0 2
483 0 2
484 0 2
487 0 2
488 0 2
489 0 2
490 0 2
491 0 2
492 0 23
493 0 2
494 0 2
495 0 43
496 0 2
497 0 2
499 0 2
501 0 2
502 0 2
503 0 2
504 0 2
505 0 2
507 0 2
508 0 2
509 0 2
510 0 2
511 0 2
512 0 2
513 0 2
514 0 2
515 0 43
516 0 23
517 0 2
518 0 2
519 0 2
520 0 23
521 0 43
522 0 2
523 0 2
524 0 2
525 0 2
526 0 2
527 0 2
529 0 2
530 0 2
531 0 2
532 0 2
533 0 2
534 0 2
535 0 2
536 0 2
537 0 2
538 0 2
541 0 2
542 0 2
543 0 2
544 0 2
547 0 2
548 0 2
551 0 2
554 0 2
555 0 43
556 0 23
557 0 2
558 0 2
559 0 43
560 0 2
561 0 2
562 0 2
565 0 2
566 0 2
567 0 2
569 0 2
575 0 2
576 0 2
577 0 2
578 0 43
579 0 43
580 0 2
581 0 2
582 0 2
583 0 2
584 0 2
585 0 2
586 0 2
589 0 2
592 0 43
593 0 2
594 0 2
595 0 2
596 0 2
600 0 2
601 0 2
602 0 2
603 0 2
605 0 43
606 0 2
607 0 2
608 0 43
610 0 2
611 0 2
612 0 43
613 0 2
616 0 2
617 0 2
618 0 2
619 0 43
620 0 43
621 0 43
622 0 2
623 0 2
626 0 2
627 0 2
628 0 43
629 0 43
630 0 2
631 0 2
632 0 2
633 0 2
634 0 43
638 0 2
639 0 43
642 0 43
643 0 2
644 0 2
647 0 2
648 0 2
649 0 2
650 0 2
651 0 2
652 0 2
653 0 2
654 0 2
655 0 2
656 0 2
658 0 2
660 0 2
661 0 2
662 0 2
663 0 2
664 0 2
665 0 2
666 0 43
667 0 43
668 0 2
670 0 2
671 0 2
672 0 2
674 0 2
675 0 2
676 0 2
677 0 2
678 0 2
679 0 2
680 0 2
681 0 43
682 0 2
684 0 2
685 0 2
686 0 2
687 0 23
688 0 2
689 0 2
690 0 2
691 0 2
692 0 2
693 0 2
695 0 2
696 0 2
697 0 2
698 0 2
699 0 43
701 0 2
702 0 2
703 0 2
704 0 2
706 0 43
708 0 2
709 0 2
710 0 2
711 0 43
712 0 2
713 0 2
714 0 2
717 0 2
718 0 2
721 0 2
724 0 23
725 0 23
726 0 23
727 0 2
728 0 2
729 0 2
730 0 2
731 0 43
732 0 23
733 0 23
734 0 2
735 0 23
736 0 2
737 0 2
738 0 2
739 0 2
741 0 43
742 0 2
743 0 23
744 0 43
745 0 2
746 0 23
747 0 23
748 0 43
749 0 23
750 0 23
751 0 43
753 0 2
754 0 2
755 0 2
757 0 2
758 0 2
759 0 2
760 0 2
762 0 2
763 0 23
764 0 2
765 0 43
766 0 2
767 0 2
768 0 2
769 0 23
770 0 23
771 0 23
772 0 2
774 0 2
775 0 48
776 0 2
777 0 23
778 0 23
779 0 2
780 0 2
781 0 43
782 0 2
783 0 43
784 0 2
785 0 2
786 0 43
787 0 2
788 0 2
789 0 2
790 0 2
791 0 2
792 0 2
793 0 2
794 0 23
795 0 2
796 0 2
797 0 2
798 0 23
799 0 2
800 0 2
802 0 23
803 0 43
804 0 2
805 0 2
806 0 2
807 0 2
808 0 2
809 0 23
810 0 2
811 0 43
812 0 2
813 0 43
814 0 2
815 0 43
817 0 2
818 0 2
819 0 2
820 0 23
821 0 23
824 0 23
825 0 2
826 0 23
827 0 23
829 0 43
830 0 2
831 0 2
832 0 23
833 0 2
834 0 2
835 0 43
837 0 2
838 0 2
839 0 2
840 0 2
842 0 2
843 0 2
844 0 23
845 0 2
846 0 23
847 0 23
848 0 23
849 0 2
850 0 43
851 0 23
852 0 2
853 0 23
854 0 2
855 0 23
859 0 2
860 0 43
861 0 2
862 0 23
863 0 2
864 0 23
865 0 43
866 0 23
867 0 43
868 0 23
872 0 23
874 0 43
875 0 23
876 0 23
878 0 2
879 0 23
880 0 23
881 0 2
882 0 48
883 0 2
884 0 48
885 0 2
886 0 23
887 0 43
888 0 2
889 0 2
890 0 2
891 0 2
892 0 2
893 0 2
894 0 48
895 0 23
897 0 2
898 0 23
899 0 48
901 0 23
902 0 43
903 0 43
904 0 23
906 0 23
907 0 23
908 0 23
909 0 23
910 0 43
911 0 23
912 0 23
913 0 23
914 0 2
915 0 23
916 0 2
917 0 43
918 0 2
919 0 23
920 0 23
921 0 43
922 0 23
923 0 23
924 0 2
925 0 23
926 0 2
927 0 23
928 0 23
930 0 23
931 0 2
932 0 23
933 0 2
934 0 23
935 0 2
936 0 2
937 0 2
939 0 2
940 0 2
941 0 2
942 0 2
943 0 43
944 0 43
946 0 2
948 0 2
949 0 2
951 0 2
952 0 43
953 0 23
954 0 2
955 0 2
956 0 23
957 0 23
958 0 23
959 0 23
960 0 23
961 0 23
962 0 23
963 0 2
964 0 2
965 0 23
966 0 43
967 0 23
968 0 43
971 0 2
972 0 23
974 0 23
975 0 23
977 0 2
978 0 23
979 0 23
980 0 48
984 0 2
985 0 43
986 0 23
987 0 23
989 0 2
990 0 23
991 0 2
992 0 23
994 0 2
995 0 23
996 0 2
997 0 2
998 0 2
999 0 2
1000 0 2
1004 0 23
1005 0 23
1006 0 23
1007 0 2
1008 0 2
1009 0 23
1010 0 23
1011 0 2
1012 0 2
1013 0 23
1014 0 23
1015 0 23
1016 0 23
1017 0 23
1019 0 2
1020 0 2
1021 0 2
1022 0 2
1023 0 23
1024 0 23
1025 0 2
1026 0 23
1027 0 23
1028 0 2
1029 0 48
1030 0 48
1032 0 23
1033 0 23
1034 0 48
1035 0 2
1036 0 23
1037 0 48
1038 0 48
1039 0 23
1040 0 2
1041 0 2
1042 0 2
1043 0 23
1045 0 2
1046 0 2
1047 0 23
1048 0 23
1049 0 2
1050 0 23
1051 0 23
1053 0 43
1054 0 23
1055 0 2
1056 0 2
1057 0 23
1058 0 2
1059 0 2
1060 0 23
1061 0 2
1062 0 48
1063 0 2
1064 0 2
1066 0 23
1067 0 2
1068 0 48
1069 0 2
1070 0 2
1071 0 48
1073 0 23
1074 0 2
1075 0 2
1076 0 2
1084 0 2
1091 0 43
1092 0 23
1093 0 23
1094 0 2
1096 0 2
1097 0 2
1099 0 23
1100 0 2
1101 0 23
1102 0 2
1103 0 2
1104 0 23
1105 0 23
1106 0 23
1107 0 43
1108 0 23
1109 0 23
1111 0 2
1113 0 23
1114 0 23
1116 0 23
1117 0 23
1118 0 23
1119 0 2
1120 0 2
1122 0 23
1123 0 2
1124 0 48
1125 0 48
1126 0 2
1127 0 23
1128 0 2
1129 0 23
1130 0 2
1132 0 2
1133 0 2
1134 0 2
1135 0 23
1138 0 23
1139 0 2
1140 0 2
1141 0 2
1142 0 2
1143 0 2
1144 0 2
1145 0 2
1148 0 2
1150 0 2
1151 0 2
1152 0 2
1153 0 23
1156 0 48
1157 0 2
1161 0 23
1162 0 48
1163 0 48
1164 0 2
1165 0 2
1166 0 2
1167 0 2
1168 0 48
1170 0 2
1171 0 2
1172 0 43
1173 0 2
1174 0 43
1175 0 43
1177 0 2
1179 0 48
1180 0 2
1181 0 23
1182 0 2
1183 0 2
1184 0 2
1186 0 2
1187 0 2
1188 0 2
1189 0 2
1190 0 2
1192 0 48
1193 0 48
1194 0 23
1195 0 48
1196 0 2
1197 0 2
1198 0 48
1199 0 2
1200 0 2
1203 0 48
1204 0 43
1205 0 48
1206 0 48
1207 0 48
1208 0 48
1210 0 2
1212 0 2
1214 0 43
1215 0 48
1217 0 48
1218 0 2
1219 0 2
1220 0 2
1221 0 48
1223 0 43
1224 0 48
1225 0 48
1226 0 48
1227 0 43
1228 0 48
1229 0 48
1230 0 48
1231 0 2
1232 0 23
1233 0 2
1234 0 2
1235 0 48
1237 0 2
1238 0 2
1239 0 48
1240 0 2
1241 0 48
1242 0 48
1243 0 48
1246 0 2
1247 0 43
1248 0 48
1249 0 48
1250 0 2
1251 0 43
1252 0 48
1253 0 2
1254 0 2
1255 0 48
1256 0 48
1257 0 48
1259 0 48
1260 0 2
1261 0 2
1262 0 48
1263 0 48
1264 0 48
1265 0 48
1266 0 48
1267 0 2
1268 0 43
1269 0 48
1270 0 48
1274 0 2
1275 0 2
1276 0 2
1277 0 2
1278 0 48
1280 0 2
1282 0 48
1283 0 2
1284 0 43
1285 0 23
1286 0 48
1288 0 48
1290 0 48
1291 0 2
1292 0 48
1296 0 43
1297 0 43
1298 0 2
1299 0 2
1300 0 23
1301 0 2
1302 0 2
1304 0 43
1307 0 2
1308 0 2
1310 0 43
1312 0 48
1313 0 2
1315 0 48
1319 0 2
1321 0 43
1322 0 43
1323 0 48
1325 0 2
1326 0 23
1328 0 2
1330 0 48
1332 0 48
1333 0 48
1335 0 2
1336 0 48
1338 0 2
1340 0 2
1343 0 2
1344 0 48
1345 0 2
1346 0 2
1347 0 2
1350 0 48
1351 0 43
1354 0 48
1356 0 48
1357 0 48
1358 0 2
1359 0 2
1362 0 48
1365 0 48
1368 0 43
1371 0 2
1373 0 48
1374 0 2
1376 0 2
1377 0 2
1378 0 2
1379 0 48
1380 0 2
1381 0 43
1387 0 2
1388 0 2
1389 0 2
1390 0 2
1393 0 48
1395 0 2
1397 0 2
1399 0 43
1401 0 2
1402 0 43
1407 0 48
1408 0 43
1409 0 2
1410 0 48
1411 0 2
1412 0 43
1415 0 43
1416 0 43
1418 0 2
1419 0 2
1420 0 48
1422 0 2
1423 0 43
1424 0 2
1425 0 48
1426 0 48
1427 0 48
1428 0 2
1429 0 43
1430 0 43
1435 0 2
1436 0 43
1437 0 48
1438 0 2
1439 0 2
1441 0 2
1442 0 48
1443 0 2
1444 0 48
1449 0 48
1454 0 48
1462 0 48
1464 0 2
1465 0 48
1466 0 48
1467 0 43
1480 0 48
1481 0 48
1489 0 2
1490 0 2
1501 0 2
1503 0 48
1527 0 2
1537 0 43
1545 0 2
1549 0 48
1550 0 48
1551 0 2
1562 0 2
1570 0 2
1572 0 2
1573 0 48
1577 0 2
1580 0 2
1592 0 48
1600 0 2
1602 0 48
1605 0 2
1609 0 2
1622 0 48
1628 0 2
1631 0 48
1633 0 2
1635 0 48
1641 0 2
1643 0 48
1664 0 2
1669 0 2
1701 0 2
1702 0 2
1703 0 2
1717 0 48
1720 0 48
1723 0 48
1730 0 2
1736 0 2
1737 0 2
1739 0 2
1742 0 23
1745 0 48
1748 0 48
1749 0 2
1758 0 2
1761 0 48
1770 0 2
1772 0 2
1779 0 43
1784 0 23
1785 0 48
1787 0 43
1789 0 2
1797 0 2
1821 0 48
1831 0 48
1835 0 48
1854 0 2
1858 0 2
1863 0 2
1864 0 2
1870 0 48
1886 0 43
1891 0 2
1898 0 48
1902 0 43
1903 0 2
1909 0 2
1910 0 43
1914 0 2
1959 0 48
1980 0 48
1984 0 2
1985 0 2
1986 0 48
2038 0 2
2041 0 2
2046 0 23
2084 0 48
2092 0 2
2097 0 2
2121 0 2
2128 0 2
2130 0 2
2151 0 2
2162 0 2
2184 0 2
2197 0 2
2207 0 43
2210 0 48
2237 0 48
2335 0 48
2354 0 2
2368 0 43
2389 0 43
2411 0 43
2426 0 43
2455 0 2
2489 0 48
2499 0 48
2533 0 2
2555 0 43
2557 0 43
2615 0 43
2618 0 43
2724 0 2
2761 0 43
2817 0 48
2836 0 23
2877 0 2
2888 0 23
2921 0 2
2939 0 23
3009 0 48
3026 0 2
3029 0 2
3149 0 43
3397 0 2
3421 0 2
3434 0 43
3479 0 2
3483 0 43
3484 0 43
3486 0 48
3589 0 48
3607 0 2
3645 0 2
3667 0 2
3737 0 2
3784 0 2
3801 0 2
3834 0 48
3855 0 23
3874 0 23
3975 0 2
3993 0 48
4010 0 23
4040 0 2
4086 0 2
4096 0 2
4101 0 2
4109 0 2
4157 0 2
4190 0 48
4202 0 2
4386 0 2
4412 0 2
4437 0 2
4549 0 48
4887 0 2
4888 0 2
4946 0 2
5078 0 48
5092 0 2
5418 0 2
5422 0 2
5428 0 2
5429 0 2
5432 0 2
5498 0 2
5718 0 43
5805 0 2
5844 0 2
5913 0 43
5925 0 2
5972 0 43
5973 0 43
5974 0 2
5984 0 43
2049 3 1
4102 3 1
4117 3 1
2070 3 1
2074 3 1
4127 3 1
35 3 1
2109 3 1
65 3 1
2117 3 1
4169 3 1
79 3 1
4206 3 1
4215 3 1
4216 3 1
2170 3 1
2172 3 1
4221 3 1
2177 3 1
2183 3 1
2190 3 1
2191 3 1
2215 3 1
4264 3 1
2224 3 1
4294 3 1
2247 3 1
2248 3 1
2251 3 1
2264 3 1
2289 3 1
242 3 1
246 3 1
4343 3 1
2299 3 1
4349 3 1
2302 3 1
2305 3 1
2313 3 1
2314 3 1
267 3 1
4373 3 1
2326 3 1
2340 3 1
2346 3 1
2347 3 1
2356 3 1
2377 3 1
2383 3 1
2384 3 1
4435 3 1
4436 3 1
2390 3 1
2393 3 1
4446 3 1
4457 3 1
2413 3 1
2428 3 1
2432 3 1
2433 3 1
4480 3 1
4482 3 1
2445 3 1
2448 3 1
2450 3 1
4498 3 1
2453 3 1
415 3 1
2463 3 1
4516 3 1
2476 3 1
2481 3 1
2482 3 1
438 3 1
4542 3 1
4551 3 1
2506 3 1
4555 3 1
2509 3 1
464 3 1
2526 3 1
2527 3 1
2528 3 1
2530 3 1
2547 3 1
2551 3 1
4601 3 1
4602 3 1
4612 3 1
528 3 1
2577 3 1
2579 3 1
4640 3 1
2595 3 1
2596 3 1
549 3 1
4644 3 1
2599 3 1
552 3 1
2613 3 1
2616 3 1
572 3 1
4671 3 1
4689 3 1
2653 3 1
2655 3 1
2662 3 1
2663 3 1
2687 3 1
2715 3 1
4767 3 1
2723 3 1
4772 3 1
2726 3 1
694 3 1
4799 3 1
2758 3 1
2772 3 1
2773 3 1
4820 3 1
2775 3 1
4821 3 1
4822 3 1
4826 3 1
2785 3 1
2786 3 1
2787 3 1
4837 3 1
2791 3 1
2797 3 1
2803 3 1
4854 3 1
4859 3 1
4864 3 1
4865 3 1
2820 3 1
4869 3 1
4877 3 1
2830 3 1
4878 3 1
2834 3 1
2838 3 1
4889 3 1
4895 3 1
4915 3 1
4924 3 1
836 3 1
2899 3 1
2904 3 1
2909 3 1
873 3 1
4972 3 1
4973 3 1
2927 3 1
4979 3 1
2935 3 1
4984 3 1
2947 3 1
900 3 1
5009 3 1
5018 3 1
2971 3 1
2972 3 1
5019 3 1
5020 3 1
2976 3 1
5024 3 1
2983 3 1
2985 3 1
2986 3 1
2989 3 1
2990 3 1
945 3 1
5043 3 1
5044 3 1
5045 3 1
950 3 1
3008 3 1
973 3 1
976 3 1
3028 3 1
981 3 1
982 3 1
983 3 1
988 3 1
5090 3 1
5091 3 1
5093 3 1
5095 3 1
3051 3 1
3052 3 1
3053 3 1
3064 3 1
3067 3 1
3068 3 1
5118 3 1
5131 3 1
5134 3 1
5135 3 1
5136 3 1
5137 3 1
5140 3 1
3095 3 1
3102 3 1
3106 3 1
5156 3 1
3117 3 1
3118 3 1
3120 3 1
3124 3 1
3128 3 1
3142 3 1
3156 3 1
1112 3 1
5211 3 1
3170 3 1
5220 3 1
3176 3 1
3177 3 1
3179 3 1
5229 3 1
1136 3 1
1137 3 1
5236 3 1
3199 3 1
3200 3 1
3201 3 1
5247 3 1
3203 3 1
5248 3 1
5256 3 1
3211 3 1
3212 3 1
3213 3 1
5261 3 1
5265 3 1
5271 3 1
1178 3 1
3227 3 1
3228 3 1
5274 3 1
5287 3 1
3254 3 1
3257 3 1
3266 3 1
3267 3 1
3279 3 1
3284 3 1
3285 3 1
3295 3 1
3296 3 1
3301 3 1
5351 3 1
3304 3 1
3305 3 1
5352 3 1
5356 3 1
3313 3 1
1271 3 1
3324 3 1
3325 3 1
3328 3 1
3334 3 1
1294 3 1
1295 3 1
1305 3 1
1314 3 1
3362 3 1
3364 3 1
5412 3 1
1337 3 1
5433 3 1
3393 3 1
3407 3 1
1361 3 1
5468 3 1
3424 3 1
3425 3 1
3426 3 1
5474 3 1
5475 3 1
1382 3 1
5492 3 1
3446 3 1
3447 3 1
1405 3 1
5502 3 1
5503 3 1
3457 3 1
1414 3 1
1417 3 1
1432 3 1
1433 3 1
1434 3 1
3480 3 1
1440 3 1
3489 3 1
5537 3 1
5538 3 1
1445 3 1
1446 3 1
1447 3 1
1450 3 1
1452 3 1
5553 3 1
5554 3 1
1459 3 1
1460 3 1
3507 3 1
5556 3 1
5564 3 1
5566 3 1
5567 3 1
5568 3 1
1474 3 1
3524 3 1
1483 3 1
1484 3 1
3532 3 1
3533 3 1
5579 3 1
3536 3 1
5581 3 1
5585 3 1
5586 3 1
1492 3 1
5587 3 1
5588 3 1
5589 3 1
5590 3 1
1497 3 1
1498 3 1
5592 3 1
5600 3 1
1505 3 1
1506 3 1
5618 3 1
1523 3 1
5619 3 1
3573 3 1
3577 3 1
1533 3 1
1534 3 1
3587 3 1
1540 3 1
3594 3 1
1547 3 1
3599 3 1
1552 3 1
5652 3 1
5653 3 1
1558 3 1
3606 3 1
1560 3 1
1561 3 1
5659 3 1
3614 3 1
3616 3 1
3617 3 1
1581 3 1
3631 3 1
3633 3 1
3634 3 1
3635 3 1
1594 3 1
1601 3 1
5702 3 1
5703 3 1
5704 3 1
1613 3 1
3663 3 1
5711 3 1
3666 3 1
5717 3 1
1627 3 1
1640 3 1
3690 3 1
3691 3 1
3692 3 1
3693 3 1
5738 3 1
1649 3 1
5755 3 1
5756 3 1
3717 3 1
3720 3 1
3721 3 1
1678 3 1
3731 3 1
3732 3 1
1691 3 1
3739 3 1
3741 3 1
1694 3 1
3742 3 1
5792 3 1
5793 3 1
1699 3 1
3750 3 1
3753 3 1
3754 3 1
1709 3 1
3758 3 1
5815 3 1
5816 3 1
1724 3 1
3773 3 1
3774 3 1
1732 3 1
1734 3 1
5831 3 1
5832 3 1
1741 3 1
5837 3 1
5843 3 1
5849 3 1
1755 3 1
3805 3 1
3806 3 1
5854 3 1
5855 3 1
3811 3 1
3818 3 1
3819 3 1
5867 3 1
5868 3 1
1781 3 1
5878 3 1
5881 3 1
1786 3 1
3835 3 1
3836 3 1
5885 3 1
3839 3 1
5888 3 1
5890 3 1
1795 3 1
1796 3 1
5891 3 1
5892 3 1
5894 3 1
1800 3 1
5897 3 1
5903 3 1
1812 3 1
1823 3 1
5919 3 1
5920 3 1
5924 3 1
5926 3 1
5927 3 1
5931 3 1
1836 3 1
5932 3 1
5933 3 1
5934 3 1
3890 3 1
5939 3 1
5948 3 1
1857 3 1
3906 3 1
3907 3 1
3908 3 1
5953 3 1
5964 3 1
1869 3 1
3920 3 1
1879 3 1
5979 3 1
5980 3 1
5981 3 1
5992 3 1
1897 3 1
5993 3 1
5995 3 1
5997 3 1
5998 3 1
6004 3 1
6005 3 1
1926 3 1
1928 3 1
3979 3 1
3990 3 1
4002 3 1
1958 3 1
4015 3 1
4017 3 1
1983 3 1
4049 3 1
2005 3 1
4063 3 1
4064 3 1
4065 3 1
4066 3 1
2025 3 1
2029 3 1
4079 3 1
4080 3 1
2039 3 1
4090 3 1
4093 3 1
2056 4 1
5147 4 1
5148 4 1
5150 4 1
5153 4 1
5154 4 1
4646 4 1
5160 4 1
3113 4 1
5161 4 1
4140 4 1
5164 4 1
5166 4 1
5167 4 1
5168 4 1
5169 4 1
5170 4 1
5171 4 1
4660 4 1
3637 4 1
4662 4 1
4663 4 1
4664 4 1
5172 4 1
5173 4 1
5174 4 1
5176 4 1
5177 4 1
5181 4 1
5182 4 1
5185 4 1
2626 4 1
3575 4 1
5190 4 1
5191 4 1
5196 4 1
2125 4 1
5709 4 1
5209 4 1
5210 4 1
3683 4 1
5222 4 1
5223 4 1
5225 4 1
2667 4 1
5230 4 1
5232 4 1
5233 4 1
5235 4 1
5237 4 1
5238 4 1
5239 4 1
5240 4 1
5113 4 1
4741 4 1
3718 4 1
4742 4 1
5262 4 1
4758 4 1
5273 4 1
5786 4 1
2203 4 1
5276 4 1
5277 4 1
4766 4 1
5281 4 1
5285 4 1
5288 4 1
5289 4 1
5291 4 1
5295 4 1
5301 4 1
5303 4 1
3771 4 1
5311 4 1
5313 4 1
5314 4 1
5319 4 1
5320 4 1
5323 4 1
5324 4 1
5325 4 1
5326 4 1
4815 4 1
5327 4 1
5328 4 1
5329 4 1
5330 4 1
5331 4 1
5332 4 1
5333 4 1
5334 4 1
5335 4 1
5337 4 1
5338 4 1
5340 4 1
5341 4 1
5342 4 1
2271 4 1
5343 4 1
5344 4 1
5349 4 1
5350 4 1
1767 4 1
5354 4 1
5357 4 1
5361 4 1
5363 4 1
5369 4 1
5373 4 1
5374 4 1
5375 4 1
5376 4 1
5377 4 1
5378 4 1
5379 4 1
5380 4 1
5381 4 1
5382 4 1
5385 4 1
5386 4 1
5387 4 1
5388 4 1
5389 4 1
5391 4 1
5392 4 1
3346 4 1
3347 4 1
5394 4 1
5395 4 1
5400 4 1
5401 4 1
5402 4 1
2844 4 1
5405 4 1
5406 4 1
5407 4 1
3365 4 1
4909 4 1
4910 4 1
4911 4 1
4912 4 1
4913 4 1
4914 4 1
5430 4 1
5431 4 1
5436 4 1
3391 4 1
3399 4 1
841 4 1
5467 4 1
2908 4 1
4965 4 1
4966 4 1
4967 4 1
4968 4 1
5477 4 1
5479 4 1
5483 4 1
5484 4 1
3438 4 1
4977 4 1
2422 4 1
4988 4 1
1923 4 1
3462 4 1
4998 4 1
3469 4 1
5015 4 1
5016 4 1
2459 4 1
3493 4 1
2984 4 1
5039 4 1
5552 4 1
3508 4 1
5066 4 1
5067 4 1
5068 4 1
5069 4 1
5070 4 1
5071 4 1
5072 4 1
5077 4 1
5080 4 1
5081 4 1
5082 4 1
5083 4 1
5106 4 1
5107 4 1
5108 4 1
5109 4 1
5110 4 1
5111 4 1
5112 4 1
2553 4 1
5114 4 1
5116 4 1
4607 4 1
4104 6 6
3619 6 6
3623 6 6
3626 6 6
3632 6 6
3123 6 6
3129 6 6
3130 6 6
3131 6 6
3132 6 6
3133 6 6
3134 6 6
3135 6 6
3157 6 6
2656 6 6
4710 6 6
4711 6 6
4712 6 6
4713 6 6
4714 6 6
4715 6 6
4716 6 6
4717 6 6
4718 6 6
4720 6 6
4721 6 6
4722 6 6
4724 6 6
4725 6 6
4726 6 6
4727 6 6
4728 6 6
3208 6 6
3209 6 6
3214 6 6
2192 6 6
3729 6 6
3730 6 6
3220 6 6
3748 6 6
4781 6 6
4782 6 6
4783 6 6
4784 6 6
3761 6 6
4785 6 6
4786 6 6
3256 6 6
1743 6 6
2779 6 6
4322 6 6
2286 6 6
4338 6 6
4340 6 6
4341 6 6
3322 6 6
4355 6 6
4357 6 6
4358 6 6
3861 6 6
3351 6 6
3359 6 6
3360 6 6
2343 6 6
3885 6 6
3888 6 6
3898 6 6
1851 6 6
3401 6 6
2902 6 6
2903 6 6
3930 6 6
3931 6 6
3932 6 6
3933 6 6
3934 6 6
3936 6 6
3937 6 6
3938 6 6
3939 6 6
3940 6 6
3941 6 6
3942 6 6
3943 6 6
3944 6 6
3945 6 6
3946 6 6
3947 6 6
3948 6 6
3949 6 6
3950 6 6
3951 6 6
3952 6 6
3953 6 6
3954 6 6
3955 6 6
3958 6 6
3959 6 6
3960 6 6
3961 6 6
3962 6 6
3963 6 6
3964 6 6
3965 6 6
3967 6 6
3968 6 6
3969 6 6
3970 6 6
3459 6 6
1933 6 6
4503 6 6
1949 6 6
1957 6 6
3500 6 6
4016 6 6
4018 6 6
4019 6 6
3509 6 6
3510 6 6
3511 6 6
4022 6 6
3519 6 6
448 6 6
4035 6 6
4043 6 6
2013 6 6
3041 6 6
4067 6 6
4068 6 6
4069 6 6
4070 6 6
4071 6 6
4072 6 6
4073 6 6
2026 6 6
4074 6 6
3571 6 6
3060 6 6
3065 6 6
2053 7 31
2054 7 31
2064 7 31
2068 7 31
2069 7 31
2072 7 31
2073 7 31
4150 7 31
4153 7 31
2120 7 31
2126 7 31
2127 7 31
2147 7 31
2148 7 31
2150 7 31
2156 7 31
2157 7 31
4205 7 31
2160 7 31
115 7 31
4211 7 31
2166 7 31
2171 7 31
4222 7 31
2180 7 31
4232 7 31
2187 7 31
2188 7 31
2194 7 31
4243 7 31
2217 7 31
4269 7 31
2230 7 31
4280 7 31
2233 7 31
2235 7 31
4300 7 31
4302 7 31
2259 7 31
4308 7 31
4310 7 31
4311 7 31
4315 7 31
2281 7 31
2282 7 31
2284 7 31
2287 7 31
4352 7 31
2309 7 31
4369 7 31
2324 7 31
4385 7 31
4403 7 31
4407 7 31
4408 7 31
2373 7 31
2375 7 31
4426 7 31
4429 7 31
2385 7 31
4460 7 31
2427 7 31
2429 7 31
4479 7 31
4519 7 31
2502 7 31
2507 7 31
2524 7 31
500 7 31
506 7 31
4618 7 31
2580 7 31
2591 7 31
545 7 31
2593 7 31
597 7 31
2661 7 31
2665 7 31
4719 7 31
2713 7 31
4768 7 31
4780 7 31
4789 7 31
4793 7 31
719 7 31
2770 7 31
4823 7 31
4824 7 31
4860 7 31
2822 7 31
801 7 31
2857 7 31
4921 7 31
4922 7 31
828 7 31
4925 7 31
2896 7 31
856 7 31
857 7 31
858 7 31
870 7 31
871 7 31
4969 7 31
4975 7 31
2948 7 31
5005 7 31
2960 7 31
2964 7 31
5012 7 31
947 7 31
5048 7 31
969 7 31
5065 7 31
5074 7 31
1001 7 31
1002 7 31
1003 7 31
5100 7 31
5104 7 31
5121 7 31
5125 7 31
5126 7 31
5127 7 31
3087 7 31
3092 7 31
5142 7 31
5143 7 31
3097 7 31
3098 7 31
3099 7 31
5157 7 31
3111 7 31
1072 7 31
1077 7 31
3127 7 31
5180 7 31
1098 7 31
3148 7 31
3151 7 31
5218 7 31
5221 7 31
3174 7 31
3178 7 31
1131 7 31
3195 7 31
5249 7 31
1154 7 31
5250 7 31
3204 7 31
5260 7 31
5263 7 31
1185 7 31
5282 7 31
1191 7 31
5292 7 31
1202 7 31
3251 7 31
3262 7 31
1216 7 31
5317 7 31
5318 7 31
3273 7 31
5346 7 31
3300 7 31
5358 7 31
5393 7 31
5399 7 31
3358 7 31
3377 7 31
1331 7 31
3379 7 31
5440 7 31
1352 7 31
5450 7 31
5458 7 31
3411 7 31
1369 7 31
1370 7 31
1383 7 31
5482 7 31
5485 7 31
1391 7 31
3439 7 31
5487 7 31
5491 7 31
3444 7 31
3445 7 31
5496 7 31
3450 7 31
5499 7 31
5506 7 31
5507 7 31
5508 7 31
5510 7 31
5511 7 31
5513 7 31
5514 7 31
5515 7 31
5516 7 31
1421 7 31
3470 7 31
5519 7 31
5520 7 31
5521 7 31
3477 7 31
5525 7 31
5526 7 31
5527 7 31
5528 7 31
5534 7 31
5539 7 31
3492 7 31
5540 7 31
5542 7 31
1448 7 31
5545 7 31
5549 7 31
5551 7 31
5555 7 31
5557 7 31
5559 7 31
5561 7 31
5571 7 31
5573 7 31
1478 7 31
5577 7 31
5578 7 31
1485 7 31
1496 7 31
5593 7 31
5594 7 31
3551 7 31
5601 7 31
5602 7 31
5603 7 31
5604 7 31
5605 7 31
5606 7 31
1511 7 31
1512 7 31
5613 7 31
5615 7 31
1520 7 31
1521 7 31
5616 7 31
5617 7 31
3572 7 31
5623 7 31
1528 7 31
5624 7 31
5626 7 31
5629 7 31
5634 7 31
1539 7 31
3588 7 31
1541 7 31
3593 7 31
5643 7 31
1548 7 31
3597 7 31
5644 7 31
5645 7 31
5650 7 31
5654 7 31
5655 7 31
3609 7 31
1564 7 31
5661 7 31
5662 7 31
1567 7 31
1571 7 31
5670 7 31
5674 7 31
1579 7 31
5675 7 31
5676 7 31
5677 7 31
5683 7 31
1590 7 31
3640 7 31
5688 7 31
5695 7 31
5698 7 31
1604 7 31
5701 7 31
5705 7 31
5706 7 31
1611 7 31
5713 7 31
1623 7 31
5720 7 31
5721 7 31
5736 7 31
5739 7 31
5741 7 31
5745 7 31
5747 7 31
5748 7 31
5749 7 31
5752 7 31
5754 7 31
3707 7 31
3708 7 31
5757 7 31
5759 7 31
5760 7 31
5761 7 31
5762 7 31
5763 7 31
3716 7 31
5764 7 31
5768 7 31
5769 7 31
3722 7 31
5770 7 31
3726 7 31
5780 7 31
3734 7 31
5784 7 31
5785 7 31
1690 7 31
5788 7 31
1697 7 31
1700 7 31
5799 7 31
5800 7 31
5802 7 31
1708 7 31
5806 7 31
5807 7 31
5808 7 31
5809 7 31
5811 7 31
3766 7 31
5814 7 31
5817 7 31
5818 7 31
5819 7 31
1725 7 31
1726 7 31
5822 7 31
1728 7 31
5823 7 31
5821 7 31
5824 7 31
5828 7 31
5829 7 31
5830 7 31
1735 7 31
5833 7 31
5836 7 31
5839 7 31
5840 7 31
5846 7 31
5847 7 31
5850 7 31
5859 7 31
5862 7 31
1769 7 31
5876 7 31
5883 7 31
5884 7 31
5896 7 31
5900 7 31
3864 7 31
5912 7 31
5915 7 31
5916 7 31
1828 7 31
3877 7 31
3878 7 31
5929 7 31
3887 7 31
5935 7 31
1845 7 31
1846 7 31
3893 7 31
5942 7 31
5943 7 31
5944 7 31
5947 7 31
5949 7 31
5950 7 31
5951 7 31
5952 7 31
5954 7 31
5955 7 31
5958 7 31
5959 7 31
5962 7 31
1868 7 31
3918 7 31
1875 7 31
3925 7 31
1878 7 31
5994 7 31
5996 7 31
5999 7 31
6003 7 31
1913 7 31
3977 7 31
1932 7 31
1947 7 31
1948 7 31
4001 7 31
1962 7 31
4014 7 31
1976 7 31
2004 7 31
2018 7 31
2040 7 31
2042 7 31
2047 7 31
2051 8 1
2052 8 1
2057 8 1
2058 8 1
2059 8 1
2060 8 1
2062 8 1
4111 8 1
2065 8 1
2066 8 1
2071 8 1
4123 8 1
2078 8 1
2080 8 1
2082 8 1
2085 8 1
2086 8 1
2087 8 1
2088 8 1
2089 8 1
2091 8 1
2093 8 1
2094 8 1
2095 8 1
2096 8 1
4144 8 1
2098 8 1
2099 8 1
2100 8 1
2101 8 1
2103 8 1
2105 8 1
2106 8 1
2107 8 1
2108 8 1
2112 8 1
2113 8 1
2114 8 1
2115 8 1
2118 8 1
2119 8 1
2122 8 1
2123 8 1
2124 8 1
2129 8 1
2133 8 1
2134 8 1
2135 8 1
2136 8 1
2138 8 1
2139 8 1
2140 8 1
2141 8 1
2142 8 1
2143 8 1
2144 8 1
2145 8 1
2146 8 1
4192 8 1
2149 8 1
2152 8 1
2153 8 1
2154 8 1
2155 8 1
2161 8 1
2163 8 1
2164 8 1
2169 8 1
2173 8 1
2176 8 1
129 8 1
4224 8 1
2179 8 1
2181 8 1
2182 8 1
135 8 1
2193 8 1
2195 8 1
2196 8 1
2198 8 1
2199 8 1
2200 8 1
2202 8 1
2204 8 1
2205 8 1
2208 8 1
2209 8 1
2211 8 1
2213 8 1
2214 8 1
2216 8 1
2218 8 1
2219 8 1
2220 8 1
2221 8 1
2222 8 1
2223 8 1
2226 8 1
2227 8 1
2228 8 1
2229 8 1
2231 8 1
184 8 1
2232 8 1
2234 8 1
187 8 1
2238 8 1
2239 8 1
2240 8 1
2241 8 1
2242 8 1
2243 8 1
2244 8 1
2245 8 1
2246 8 1
2249 8 1
2250 8 1
2253 8 1
2254 8 1
2255 8 1
2256 8 1
2257 8 1
2258 8 1
2260 8 1
2261 8 1
2263 8 1
2265 8 1
2267 8 1
2268 8 1
2269 8 1
2270 8 1
4317 8 1
2272 8 1
2274 8 1
2275 8 1
2276 8 1
2277 8 1
2278 8 1
2279 8 1
2280 8 1
4329 8 1
4335 8 1
2291 8 1
2293 8 1
2297 8 1
2301 8 1
2304 8 1
2306 8 1
2307 8 1
2308 8 1
2311 8 1
2312 8 1
2318 8 1
2319 8 1
2320 8 1
2321 8 1
4368 8 1
2323 8 1
2325 8 1
2327 8 1
2328 8 1
2329 8 1
2330 8 1
2331 8 1
2332 8 1
2333 8 1
2338 8 1
292 8 1
2341 8 1
2342 8 1
4390 8 1
2344 8 1
2345 8 1
2348 8 1
2349 8 1
303 8 1
304 8 1
2352 8 1
2353 8 1
2355 8 1
309 8 1
2358 8 1
2359 8 1
313 8 1
2362 8 1
2364 8 1
2365 8 1
2366 8 1
2367 8 1
2369 8 1
2370 8 1
2372 8 1
2376 8 1
2380 8 1
2381 8 1
2382 8 1
4428 8 1
2386 8 1
2394 8 1
2399 8 1
2400 8 1
2401 8 1
355 8 1
2403 8 1
2405 8 1
2407 8 1
2408 8 1
2412 8 1
2414 8 1
2415 8 1
2417 8 1
2418 8 1
2421 8 1
382 8 1
2434 8 1
2435 8 1
2436 8 1
2438 8 1
2441 8 1
2442 8 1
2443 8 1
2444 8 1
2451 8 1
2454 8 1
2456 8 1
2460 8 1
2462 8 1
2466 8 1
425 8 1
2473 8 1
2474 8 1
2475 8 1
2478 8 1
2479 8 1
2480 8 1
2483 8 1
2486 8 1
2490 8 1
2491 8 1
2492 8 1
2497 8 1
2500 8 1
453 8 1
2503 8 1
2510 8 1
2512 8 1
2513 8 1
2515 8 1
2517 8 1
2518 8 1
2519 8 1
2520 8 1
2521 8 1
2523 8 1
2525 8 1
485 8 1
2534 8 1
2535 8 1
2537 8 1
498 8 1
2558 8 1
2561 8 1
2562 8 1
2563 8 1
2564 8 1
2575 8 1
2576 8 1
2578 8 1
2582 8 1
2584 8 1
2586 8 1
2587 8 1
540 8 1
546 8 1
553 8 1
2607 8 1
2608 8 1
2609 8 1
4658 8 1
2611 8 1
2627 8 1
2630 8 1
587 8 1
588 8 1
2636 8 1
591 8 1
2649 8 1
2652 8 1
615 8 1
2680 8 1
2682 8 1
635 8 1
636 8 1
637 8 1
2683 8 1
2684 8 1
2685 8 1
2696 8 1
659 8 1
2710 8 1
2711 8 1
2714 8 1
2716 8 1
2719 8 1
2722 8 1
2727 8 1
2732 8 1
700 8 1
2748 8 1
705 8 1
2762 8 1
720 8 1
2768 8 1
722 8 1
723 8 1
2776 8 1
2778 8 1
2784 8 1
2793 8 1
2798 8 1
2799 8 1
752 8 1
2802 8 1
756 8 1
2806 8 1
2807 8 1
2809 8 1
2813 8 1
2814 8 1
2815 8 1
2816 8 1
4866 8 1
2819 8 1
773 8 1
2831 8 1
2841 8 1
2846 8 1
4902 8 1
2855 8 1
4905 8 1
2859 8 1
2861 8 1
822 8 1
823 8 1
2884 8 1
2885 8 1
4939 8 1
2892 8 1
2894 8 1
2900 8 1
869 8 1
2917 8 1
2923 8 1
877 8 1
2925 8 1
2932 8 1
2945 8 1
2953 8 1
2955 8 1
5008 8 1
5014 8 1
2970 8 1
2973 8 1
2974 8 1
2978 8 1
2980 8 1
2982 8 1
5030 8 1
938 8 1
2988 8 1
5040 8 1
2995 8 1
2996 8 1
2998 8 1
5050 8 1
5053 8 1
5063 8 1
970 8 1
3021 8 1
3024 8 1
3032 8 1
3036 8 1
5094 8 1
3050 8 1
5098 8 1
3058 8 1
3066 8 1
3073 8 1
1044 8 1
3103 8 1
1065 8 1
3139 8 1
3140 8 1
5187 8 1
5188 8 1
1095 8 1
3147 8 1
1110 8 1
3158 8 1
1115 8 1
1121 8 1
3191 8 1
1147 8 1
1149 8 1
1155 8 1
3215 8 1
3235 8 1
1201 8 1
1209 8 1
1211 8 1
3265 8 1
1222 8 1
3275 8 1
3281 8 1
3289 8 1
1244 8 1
1245 8 1
3292 8 1
3298 8 1
5348 8 1
3311 8 1
1279 8 1
1281 8 1
1287 8 1
3336 8 1
1289 8 1
3340 8 1
1293 8 1
3343 8 1
3348 8 1
1303 8 1
1317 8 1
3369 8 1
5427 8 1
3386 8 1
1342 8 1
3390 8 1
3392 8 1
1348 8 1
3396 8 1
3398 8 1
1353 8 1
3403 8 1
1360 8 1
3412 8 1
1366 8 1
1367 8 1
3416 8 1
1372 8 1
1375 8 1
3428 8 1
3430 8 1
1384 8 1
1385 8 1
1386 8 1
3435 8 1
1392 8 1
3440 8 1
3442 8 1
1396 8 1
1400 8 1
1404 8 1
3453 8 1
1406 8 1
1413 8 1
3464 8 1
3478 8 1
1431 8 1
3482 8 1
5532 8 1
3494 8 1
1451 8 1
1453 8 1
1455 8 1
1456 8 1
1457 8 1
1458 8 1
1463 8 1
1468 8 1
1469 8 1
1470 8 1
1472 8 1
1473 8 1
1475 8 1
1476 8 1
1477 8 1
1479 8 1
1482 8 1
1486 8 1
1487 8 1
1488 8 1
3540 8 1
1494 8 1
1495 8 1
3546 8 1
1499 8 1
1500 8 1
1502 8 1
1504 8 1
1507 8 1
1508 8 1
1509 8 1
1510 8 1
1513 8 1
1514 8 1
1515 8 1
1516 8 1
1517 8 1
1518 8 1
1519 8 1
1522 8 1
1524 8 1
1525 8 1
1526 8 1
1529 8 1
1530 8 1
1531 8 1
1532 8 1
1536 8 1
1538 8 1
3586 8 1
1542 8 1
1543 8 1
1544 8 1
3590 8 1
1546 8 1
3591 8 1
1553 8 1
1554 8 1
1555 8 1
1556 8 1
1557 8 1
3601 8 1
3602 8 1
3605 8 1
1566 8 1
1568 8 1
1569 8 1
1574 8 1
1575 8 1
1576 8 1
3627 8 1
1582 8 1
1584 8 1
1585 8 1
1586 8 1
1587 8 1
1588 8 1
1589 8 1
3636 8 1
1591 8 1
1593 8 1
1595 8 1
1596 8 1
1597 8 1
1598 8 1
1599 8 1
1603 8 1
1606 8 1
1607 8 1
1608 8 1
1610 8 1
3658 8 1
1614 8 1
1615 8 1
1616 8 1
1617 8 1
1618 8 1
1619 8 1
1620 8 1
1621 8 1
5710 8 1
1624 8 1
1625 8 1
1626 8 1
5722 8 1
1629 8 1
1630 8 1
1632 8 1
1634 8 1
1636 8 1
1637 8 1
1642 8 1
1644 8 1
1646 8 1
1647 8 1
1650 8 1
1653 8 1
1654 8 1
1655 8 1
1657 8 1
1658 8 1
1659 8 1
1660 8 1
1661 8 1
1662 8 1
1663 8 1
1665 8 1
1666 8 1
1667 8 1
1668 8 1
1670 8 1
1671 8 1
1672 8 1
1673 8 1
1674 8 1
1675 8 1
1676 8 1
1677 8 1
1679 8 1
1680 8 1
1681 8 1
1682 8 1
1683 8 1
1684 8 1
1685 8 1
1686 8 1
1687 8 1
1688 8 1
1692 8 1
1693 8 1
3740 8 1
1695 8 1
1696 8 1
1698 8 1
1704 8 1
1705 8 1
1706 8 1
1707 8 1
1710 8 1
1711 8 1
1712 8 1
1713 8 1
1714 8 1
1715 8 1
1716 8 1
1718 8 1
1721 8 1
1722 8 1
1727 8 1
1729 8 1
3779 8 1
1733 8 1
1738 8 1
1740 8 1
1744 8 1
1746 8 1
1747 8 1
1751 8 1
1752 8 1
1753 8 1
1754 8 1
1756 8 1
1757 8 1
1759 8 1
1760 8 1
1762 8 1
1763 8 1
1765 8 1
1766 8 1
1768 8 1
1771 8 1
1773 8 1
1774 8 1
1775 8 1
1776 8 1
1777 8 1
1778 8 1
1780 8 1
1782 8 1
1783 8 1
3830 8 1
1788 8 1
1790 8 1
1791 8 1
3840 8 1
1793 8 1
1798 8 1
1799 8 1
1801 8 1
1802 8 1
1803 8 1
1804 8 1
1805 8 1
1806 8 1
1807 8 1
1808 8 1
1811 8 1
3859 8 1
1814 8 1
1816 8 1
1817 8 1
1818 8 1
1819 8 1
1822 8 1
3870 8 1
1824 8 1
1825 8 1
1826 8 1
1827 8 1
1829 8 1
1830 8 1
1833 8 1
1834 8 1
1837 8 1
1839 8 1
1840 8 1
1842 8 1
1843 8 1
1844 8 1
1847 8 1
1848 8 1
1852 8 1
1853 8 1
1855 8 1
1856 8 1
1859 8 1
1860 8 1
1861 8 1
1862 8 1
1865 8 1
1866 8 1
1867 8 1
1871 8 1
1872 8 1
1873 8 1
1874 8 1
3921 8 1
1876 8 1
1880 8 1
1881 8 1
1882 8 1
1883 8 1
1884 8 1
1885 8 1
1887 8 1
1888 8 1
1889 8 1
1890 8 1
5987 8 1
1892 8 1
1893 8 1
1895 8 1
1896 8 1
1899 8 1
1901 8 1
1904 8 1
1905 8 1
1906 8 1
1907 8 1
1908 8 1
1911 8 1
1912 8 1
1915 8 1
1916 8 1
1917 8 1
1918 8 1
1920 8 1
1921 8 1
1922 8 1
1924 8 1
1925 8 1
1927 8 1
1929 8 1
1931 8 1
1934 8 1
1935 8 1
1936 8 1
1937 8 1
1939 8 1
1940 8 1
1941 8 1
1942 8 1
1943 8 1
1944 8 1
1946 8 1
3994 8 1
1951 8 1
4000 8 1
1955 8 1
1956 8 1
1960 8 1
1961 8 1
1963 8 1
1964 8 1
1965 8 1
1966 8 1
1968 8 1
1969 8 1
1970 8 1
1972 8 1
1973 8 1
1974 8 1
1977 8 1
1978 8 1
1979 8 1
1981 8 1
1982 8 1
1987 8 1
1988 8 1
1990 8 1
1992 8 1
1993 8 1
1994 8 1
1995 8 1
1997 8 1
1999 8 1
2000 8 1
2001 8 1
2002 8 1
2006 8 1
2007 8 1
2008 8 1
2009 8 1
2010 8 1
2011 8 1
2014 8 1
2015 8 1
2016 8 1
2020 8 1
2021 8 1
2022 8 1
2023 8 1
2024 8 1
2027 8 1
2028 8 1
2030 8 1
2032 8 1
2033 8 1
2034 8 1
2035 8 1
2037 8 1
2043 8 1
4095 8 1
25 12 97
33 12 97
51 12 97
57 12 97
96 12 97
106 12 97
188 12 97
192 12 97
230 12 97
280 12 97
281 12 97
361 12 97
363 12 97
395 12 187
450 12 97
481 12 187
486 12 97
539 12 97
550 12 97
563 12 97
564 12 97
570 12 97
571 12 97
573 12 97
574 12 97
590 12 97
598 12 97
599 12 97
604 12 97
609 12 97
614 12 97
624 12 97
625 12 97
640 12 97
641 12 97
645 12 97
646 12 97
657 12 97
669 12 97
673 12 97
683 12 97
707 12 97
715 12 97
716 12 97
740 12 97
761 12 97
816 12 97
896 12 97
905 12 187
929 12 97
993 12 97
1018 12 97
1031 12 97
1052 12 97
1078 12 97
1079 12 97
1080 12 97
1081 12 97
1082 12 97
1083 12 97
1085 12 97
1086 12 97
1087 12 97
1088 12 97
1089 12 97
1090 12 97
1146 12 97
1158 12 97
1159 12 97
1160 12 97
1169 12 97
1176 12 97
1213 12 97
1236 12 97
1258 12 97
1272 12 97
1273 12 97
1306 12 97
1309 12 97
1311 12 97
1316 12 97
1318 12 187
1320 12 97
1324 12 97
1327 12 97
1329 12 97
1334 12 97
1341 12 97
1349 12 97
1355 12 97
1363 12 97
1364 12 97
1394 12 97
1403 12 97
1461 12 97
1471 12 97
1491 12 97
1493 12 97
1535 12 97
1559 12 97
1565 12 97
1578 12 187
1583 12 97
1612 12 97
1639 12 97
1645 12 97
1648 12 97
1656 12 97
1689 12 187
1719 12 97
1731 12 97
1750 12 97
1764 12 97
1792 12 97
1794 12 97
1809 12 97
1810 12 97
1813 12 97
1815 12 187
1820 12 97
1832 12 97
1838 12 97
1841 12 187
1849 12 97
1850 12 97
1877 12 187
1919 12 97
1930 12 97
1938 12 97
1950 12 97
1952 12 97
1954 12 97
1967 12 97
1971 12 97
1975 12 97
1991 12 187
1998 12 97
2003 12 97
2012 12 97
2017 12 187
2019 12 97
2031 12 187
2036 12 187
2044 12 97
2045 12 97
2048 12 97
2050 12 97
2055 12 97
2061 12 97
2063 12 97
2067 12 97
2076 12 97
2077 12 97
2079 12 97
2081 12 97
2083 12 97
2090 12 97
2102 12 97
2104 12 97
2110 12 97
2111 12 97
2116 12 97
2131 12 97
2132 12 97
2137 12 97
2158 12 97
2165 12 97
2167 12 97
2168 12 97
2174 12 97
2175 12 97
2178 12 97
2185 12 97
2186 12 97
2189 12 97
2201 12 97
2206 12 97
2212 12 97
2225 12 187
2236 12 97
2252 12 97
2262 12 97
2273 12 97
2283 12 187
2288 12 97
2290 12 97
2296 12 97
2298 12 97
2300 12 97
2303 12 97
2310 12 97
2315 12 97
2316 12 97
2317 12 97
2322 12 97
2334 12 97
2336 12 97
2337 12 97
2339 12 97
2360 12 97
2388 12 97
2391 12 97
2392 12 97
2395 12 97
2396 12 97
2397 12 97
2398 12 97
2402 12 97
2404 12 97
2409 12 97
2424 12 97
2430 12 97
2431 12 97
2437 12 97
2440 12 97
2447 12 97
2449 12 97
2452 12 97
2458 12 97
2461 12 97
2464 12 97
2465 12 97
2468 12 97
2469 12 97
2472 12 97
2477 12 97
2484 12 187
2487 12 97
2488 12 97
2493 12 187
2494 12 97
2496 12 97
2498 12 97
2505 12 97
2508 12 97
2514 12 97
2529 12 97
2531 12 97
2536 12 97
2538 12 97
2548 12 97
2549 12 97
2552 12 97
2556 12 97
2559 12 97
2565 12 97
2566 12 97
2567 12 97
2569 12 97
2570 12 97
2571 12 97
2572 12 97
2573 12 97
2581 12 97
2585 12 97
2588 12 97
2589 12 97
2590 12 97
2592 12 97
2594 12 97
2597 12 97
2598 12 97
2600 12 97
2601 12 97
2602 12 97
2603 12 97
2604 12 97
2605 12 97
2606 12 97
2610 12 97
2614 12 97
2617 12 97
2619 12 97
2620 12 97
2621 12 97
2622 12 97
2623 12 97
2625 12 97
2638 12 97
2639 12 97
2642 12 97
2643 12 97
2644 12 97
2648 12 97
2651 12 97
2658 12 187
2659 12 187
2679 12 97
2686 12 97
2688 12 97
2690 12 97
2692 12 97
2725 12 97
2728 12 97
2729 12 97
2733 12 97
2740 12 97
2742 12 97
2743 12 97
2750 12 97
2751 12 97
2754 12 97
2755 12 97
2759 12 97
2763 12 97
2767 12 97
2771 12 97
2777 12 97
2780 12 97
2788 12 97
2794 12 97
2795 12 97
2796 12 97
2801 12 97
2805 12 97
2810 12 97
2811 12 97
2812 12 97
2821 12 97
2829 12 97
2833 12 97
2835 12 97
2837 12 97
2839 12 97
2840 12 97
2843 12 97
2845 12 97
2850 12 97
2860 12 97
2864 12 97
2865 12 97
2866 12 97
2868 12 97
2870 12 97
2872 12 97
2876 12 97
2879 12 97
2880 12 97
2886 12 97
2887 12 97
2891 12 97
2893 12 97
2897 12 97
2898 12 97
2901 12 97
2906 12 97
2911 12 97
2919 12 97
2920 12 97
2922 12 97
2924 12 97
2926 12 97
2928 12 97
2929 12 97
2934 12 187
2936 12 97
2937 12 97
2938 12 97
2940 12 97
2941 12 97
2942 12 97
2943 12 97
2944 12 97
2946 12 97
2950 12 97
2958 12 97
2961 12 97
2962 12 187
2963 12 97
2965 12 97
2968 12 97
2969 12 97
2977 12 97
2981 12 97
2987 12 97
2992 12 97
2993 12 97
2994 12 97
2999 12 97
3000 12 97
3001 12 97
3002 12 97
3003 12 97
3005 12 97
3006 12 97
3012 12 97
3013 12 97
3019 12 97
3020 12 97
3022 12 187
3023 12 97
3025 12 97
3027 12 97
3034 12 97
3040 12 97
3044 12 97
3045 12 97
3046 12 97
3048 12 97
3049 12 97
3054 12 97
3055 12 97
3056 12 97
3059 12 97
3061 12 187
3062 12 97
3063 12 97
3071 12 97
3076 12 97
3078 12 97
3080 12 97
3089 12 97
3090 12 97
3101 12 97
3105 12 97
3107 12 97
3110 12 97
3112 12 97
3114 12 97
3119 12 97
3121 12 97
3122 12 97
3126 12 97
3137 12 97
3138 12 97
3141 12 97
3143 12 97
3144 12 97
3145 12 97
3146 12 97
3150 12 97
3159 12 97
3160 12 97
3161 12 97
3162 12 97
3164 12 97
3167 12 187
3168 12 97
3173 12 97
3175 12 97
3181 12 97
3182 12 97
3183 12 97
3185 12 97
3187 12 97
3188 12 97
3190 12 97
3194 12 97
3196 12 97
3197 12 97
3198 12 97
3202 12 97
3205 12 97
3216 12 97
3217 12 97
3219 12 97
3221 12 97
3222 12 97
3223 12 97
3225 12 97
3226 12 97
3229 12 97
3231 12 97
3232 12 97
3233 12 97
3234 12 97
3236 12 97
3237 12 97
3238 12 97
3239 12 97
3240 12 97
3241 12 97
3242 12 97
3244 12 97
3245 12 97
3246 12 97
3247 12 97
3250 12 97
3252 12 97
3253 12 97
3255 12 97
3258 12 97
3263 12 97
3264 12 97
3268 12 97
3269 12 97
3270 12 97
3271 12 97
3272 12 97
3274 12 97
3276 12 97
3278 12 187
3282 12 97
3283 12 97
3288 12 97
3291 12 97
3293 12 97
3297 12 97
3299 12 97
3302 12 97
3303 12 97
3306 12 97
3307 12 97
3308 12 97
3309 12 97
3312 12 97
3315 12 97
3316 12 97
3317 12 97
3318 12 97
3319 12 97
3321 12 97
3326 12 97
3327 12 97
3329 12 97
3330 12 187
3331 12 97
3335 12 97
3337 12 97
3338 12 97
3341 12 97
3342 12 97
3344 12 97
3345 12 97
3349 12 97
3352 12 97
3355 12 97
3361 12 97
3366 12 97
3367 12 97
3368 12 97
3370 12 97
3371 12 97
3372 12 97
3374 12 97
3375 12 187
3380 12 97
3381 12 97
3382 12 97
3383 12 97
3384 12 97
3385 12 97
3387 12 97
3388 12 97
3389 12 97
3395 12 97
3404 12 97
3405 12 97
3406 12 97
3408 12 97
3410 12 97
3413 12 97
3414 12 97
3415 12 97
3417 12 97
3419 12 97
3420 12 97
3423 12 97
3427 12 97
3429 12 97
3433 12 97
3436 12 97
3437 12 97
3441 12 97
3443 12 97
3448 12 97
3449 12 97
3451 12 97
3452 12 97
3454 12 97
3455 12 97
3456 12 97
3458 12 97
3463 12 97
3465 12 97
3466 12 97
3467 12 97
3471 12 97
3472 12 97
3473 12 97
3474 12 97
3475 12 97
3476 12 97
3481 12 97
3485 12 97
3487 12 97
3488 12 97
3490 12 97
3491 12 97
3496 12 97
3497 12 97
3499 12 97
3502 12 97
3503 12 97
3504 12 97
3505 12 97
3514 12 97
3515 12 97
3516 12 97
3518 12 97
3520 12 97
3523 12 97
3526 12 97
3528 12 97
3529 12 97
3531 12 97
3534 12 97
3535 12 97
3538 12 97
3541 12 97
3542 12 97
3543 12 97
3545 12 97
3547 12 97
3548 12 97
3549 12 97
3550 12 97
3559 12 97
3568 12 97
3574 12 97
3576 12 97
3578 12 97
3581 12 97
3582 12 97
3583 12 97
3584 12 97
3585 12 97
3592 12 97
3595 12 97
3596 12 97
3598 12 97
3600 12 97
3603 12 97
3604 12 97
3608 12 97
3610 12 97
3611 12 97
3612 12 97
3613 12 97
3615 12 97
3618 12 97
3621 12 97
3622 12 97
3624 12 97
3625 12 97
3628 12 97
3629 12 97
3630 12 97
3642 12 97
3643 12 97
3644 12 97
3646 12 97
3647 12 97
3648 12 97
3649 12 97
3650 12 97
3653 12 97
3654 12 97
3655 12 97
3656 12 97
3657 12 97
3659 12 97
3660 12 97
3661 12 97
3662 12 97
3664 12 97
3665 12 97
3668 12 97
3669 12 97
3670 12 97
3671 12 97
3672 12 97
3673 12 97
3674 12 97
3675 12 97
3676 12 97
3677 12 97
3678 12 97
3679 12 97
3680 12 97
3681 12 97
3682 12 97
3684 12 97
3685 12 97
3686 12 97
3687 12 97
3688 12 97
3689 12 97
3695 12 97
3696 12 97
3697 12 97
3698 12 97
3699 12 97
3700 12 97
3701 12 97
3702 12 97
3703 12 97
3704 12 97
3705 12 97
3706 12 97
3709 12 97
3710 12 97
3711 12 97
3713 12 97
3714 12 97
3715 12 97
3719 12 97
3723 12 97
3724 12 97
3725 12 97
3728 12 97
3733 12 97
3735 12 97
3736 12 97
3738 12 97
3743 12 97
3744 12 187
3745 12 97
3746 12 97
3747 12 97
3749 12 97
3752 12 97
3755 12 97
3756 12 187
3757 12 187
3759 12 187
3760 12 187
3762 12 97
3763 12 97
3764 12 97
3767 12 97
3768 12 97
3769 12 97
3770 12 97
3772 12 97
3775 12 97
3777 12 97
3778 12 97
3780 12 97
3781 12 97
3782 12 97
3783 12 97
3785 12 97
3786 12 187
3787 12 187
3788 12 187
3789 12 187
3790 12 187
3791 12 187
3792 12 187
3793 12 187
3794 12 187
3795 12 187
3796 12 97
3797 12 97
3798 12 97
3799 12 97
3800 12 97
3802 12 97
3803 12 97
3804 12 97
3807 12 97
3808 12 97
3810 12 97
3812 12 97
3813 12 97
3814 12 97
3815 12 97
3816 12 97
3820 12 97
3822 12 97
3823 12 97
3824 12 97
3825 12 97
3828 12 97
3829 12 97
3831 12 97
3832 12 97
3837 12 97
3838 12 97
3841 12 97
3842 12 97
3843 12 97
3844 12 97
3846 12 97
3848 12 97
3849 12 97
3850 12 97
3851 12 97
3853 12 97
3854 12 97
3856 12 97
3857 12 187
3858 12 97
3860 12 97
3862 12 97
3866 12 97
3867 12 97
3868 12 97
3873 12 97
3875 12 97
3876 12 97
3881 12 97
3882 12 97
3883 12 97
3891 12 97
3892 12 97
3894 12 97
3895 12 97
3896 12 97
3897 12 187
3900 12 97
3902 12 97
3903 12 97
3904 12 97
3905 12 97
3909 12 97
3910 12 97
3911 12 97
3912 12 97
3913 12 97
3916 12 97
3917 12 97
3919 12 97
3923 12 97
3924 12 97
3926 12 97
3927 12 97
3928 12 97
3929 12 97
3957 12 97
3966 12 97
3972 12 97
3973 12 97
3976 12 97
3978 12 97
3980 12 97
3981 12 97
3982 12 97
3983 12 97
3984 12 97
3985 12 97
3987 12 97
3988 12 97
3991 12 97
3992 12 97
3995 12 97
3996 12 97
3997 12 97
3998 12 97
4003 12 97
4004 12 97
4005 12 97
4006 12 97
4007 12 97
4008 12 97
4011 12 97
4012 12 97
4013 12 97
4024 12 97
4025 12 97
4028 12 97
4029 12 97
4030 12 97
4032 12 97
4033 12 97
4034 12 97
4036 12 97
4037 12 97
4038 12 97
4044 12 97
4045 12 97
4046 12 97
4047 12 97
4048 12 97
4051 12 97
4052 12 97
4053 12 97
4054 12 97
4056 12 97
4057 12 97
4058 12 97
4059 12 97
4060 12 97
4061 12 97
4062 12 97
4075 12 187
4077 12 97
4078 12 97
4081 12 97
4082 12 97
4083 12 97
4084 12 97
4085 12 97
4088 12 187
4089 12 97
4091 12 97
4092 12 97
4094 12 97
4098 12 97
4100 12 97
4103 12 97
4106 12 187
4108 12 97
4110 12 97
4113 12 97
4114 12 97
4115 12 97
4116 12 97
4118 12 97
4119 12 97
4121 12 97
4124 12 97
4125 12 97
4126 12 97
4131 12 97
4132 12 97
4134 12 97
4135 12 97
4136 12 97
4137 12 97
4138 12 97
4139 12 97
4142 12 97
4146 12 97
4147 12 97
4148 12 97
4149 12 97
4152 12 97
4154 12 97
4155 12 97
4158 12 97
4160 12 97
4163 12 97
4165 12 97
4166 12 97
4167 12 97
4168 12 97
4170 12 97
4172 12 97
4173 12 97
4176 12 97
4177 12 97
4180 12 97
4181 12 97
4182 12 97
4183 12 97
4184 12 97
4185 12 97
4186 12 97
4187 12 97
4189 12 97
4191 12 97
4196 12 97
4197 12 97
4198 12 97
4199 12 97
4200 12 97
4203 12 97
4208 12 97
4209 12 97
4210 12 97
4212 12 97
4213 12 97
4214 12 97
4217 12 97
4218 12 97
4219 12 97
4220 12 97
4225 12 97
4226 12 97
4227 12 97
4228 12 97
4229 12 97
4230 12 97
4231 12 97
4233 12 97
4234 12 97
4235 12 97
4236 12 97
4237 12 97
4238 12 97
4239 12 97
4240 12 97
4242 12 97
4244 12 97
4245 12 97
4246 12 97
4247 12 97
4248 12 97
4249 12 97
4250 12 97
4251 12 97
4252 12 97
4253 12 97
4254 12 97
4255 12 97
4256 12 97
4257 12 97
4258 12 97
4259 12 97
4262 12 97
4263 12 97
4267 12 97
4268 12 97
4270 12 97
4271 12 97
4273 12 97
4274 12 97
4275 12 97
4276 12 97
4277 12 97
4278 12 97
4279 12 97
4281 12 187
4282 12 97
4283 12 97
4284 12 97
4286 12 187
4287 12 97
4290 12 97
4291 12 97
4292 12 97
4293 12 97
4295 12 97
4297 12 97
4298 12 97
4303 12 97
4304 12 97
4305 12 97
4307 12 97
4309 12 97
4312 12 97
4313 12 97
4318 12 97
4320 12 97
4321 12 97
4324 12 97
4326 12 187
4327 12 97
4328 12 97
4331 12 97
4333 12 97
4334 12 187
4336 12 97
4337 12 97
4339 12 187
4342 12 97
4344 12 97
4345 12 97
4346 12 97
4347 12 97
4348 12 97
4350 12 97
4351 12 97
4353 12 97
4354 12 97
4356 12 97
4360 12 187
4361 12 187
4362 12 97
4363 12 97
4365 12 97
4366 12 97
4367 12 97
4370 12 97
4371 12 97
4374 12 97
4375 12 97
4376 12 97
4377 12 97
4378 12 97
4379 12 97
4380 12 97
4381 12 97
4382 12 97
4383 12 97
4384 12 97
4387 12 97
4389 12 97
4391 12 97
4392 12 97
4393 12 97
4394 12 97
4395 12 97
4396 12 97
4397 12 97
4400 12 97
4401 12 97
4402 12 97
4404 12 97
4405 12 97
4406 12 97
4409 12 97
4410 12 97
4413 12 97
4414 12 97
4415 12 97
4416 12 97
4417 12 97
4418 12 97
4419 12 97
4420 12 97
4421 12 97
4422 12 97
4423 12 97
4424 12 97
4425 12 97
4427 12 187
4430 12 97
4431 12 97
4432 12 97
4433 12 97
4434 12 97
4438 12 97
4439 12 97
4440 12 97
4442 12 97
4443 12 97
4444 12 97
4445 12 97
4447 12 97
4448 12 97
4449 12 97
4450 12 97
4451 12 97
4452 12 97
4453 12 97
4454 12 97
4455 12 97
4456 12 97
4458 12 187
4459 12 97
4461 12 97
4462 12 97
4478 12 97
4481 12 97
4483 12 97
4484 12 97
4485 12 97
4486 12 97
4487 12 97
4488 12 97
4489 12 97
4490 12 97
4491 12 97
4492 12 187
4493 12 97
4494 12 97
4495 12 97
4496 12 97
4497 12 97
4499 12 97
4501 12 97
4502 12 97
4505 12 97
4508 12 97
4509 12 187
4511 12 97
4512 12 97
4513 12 97
4515 12 97
4517 12 97
4518 12 97
4520 12 97
4521 12 97
4524 12 97
4527 12 97
4528 12 97
4530 12 97
4531 12 187
4532 12 97
4533 12 97
4534 12 97
4535 12 97
4536 12 97
4537 12 97
4538 12 97
4539 12 97
4543 12 97
4544 12 97
4545 12 97
4546 12 187
4547 12 97
4548 12 97
4550 12 97
4552 12 97
4553 12 97
4554 12 97
4558 12 97
4559 12 97
4560 12 97
4562 12 97
4563 12 97
4564 12 97
4565 12 97
4566 12 97
4567 12 97
4568 12 97
4569 12 97
4570 12 97
4571 12 97
4573 12 97
4574 12 97
4576 12 97
4577 12 97
4578 12 97
4579 12 97
4580 12 97
4581 12 97
4582 12 97
4583 12 97
4584 12 97
4585 12 97
4586 12 97
4587 12 97
4588 12 97
4589 12 97
4590 12 97
4591 12 187
4592 12 97
4593 12 97
4594 12 97
4595 12 97
4596 12 97
4597 12 97
4598 12 97
4599 12 97
4600 12 97
4603 12 97
4604 12 97
4605 12 97
4606 12 97
4608 12 97
4609 12 97
4610 12 97
4611 12 97
4613 12 97
4614 12 97
4615 12 97
4616 12 97
4617 12 97
4619 12 97
4620 12 97
4621 12 97
4622 12 187
4623 12 97
4624 12 97
4625 12 97
4626 12 97
4627 12 97
4628 12 97
4629 12 97
4631 12 97
4632 12 97
4633 12 97
4634 12 97
4635 12 187
4636 12 97
4637 12 187
4638 12 97
4639 12 97
4641 12 97
4642 12 97
4643 12 97
4645 12 187
4647 12 97
4649 12 97
4651 12 97
4652 12 97
4654 12 187
4655 12 187
4656 12 187
4657 12 97
4659 12 97
4661 12 187
4665 12 97
4666 12 187
4667 12 187
4668 12 187
4669 12 187
4670 12 187
4672 12 187
4673 12 187
4674 12 97
4675 12 187
4676 12 187
4677 12 187
4678 12 187
4679 12 187
4680 12 187
4681 12 187
4682 12 187
4683 12 187
4684 12 187
4685 12 97
4686 12 187
4687 12 97
4688 12 187
4691 12 97
4692 12 97
4693 12 187
4694 12 97
4695 12 97
4696 12 97
4697 12 97
4698 12 97
4699 12 187
4701 12 187
4703 12 97
4704 12 187
4706 12 97
4707 12 187
4708 12 97
4709 12 97
4723 12 97
4729 12 187
4730 12 97
4731 12 97
4732 12 97
4733 12 187
4734 12 97
4735 12 187
4736 12 97
4737 12 187
4738 12 187
4739 12 187
4740 12 97
4743 12 187
4744 12 187
4745 12 187
4746 12 97
4747 12 187
4748 12 187
4750 12 97
4751 12 187
4752 12 97
4754 12 97
4755 12 187
4756 12 97
4757 12 97
4759 12 97
4760 12 97
4761 12 97
4762 12 187
4763 12 97
4765 12 97
4771 12 97
4773 12 97
4774 12 97
4775 12 97
4776 12 97
4777 12 97
4778 12 97
4787 12 97
4788 12 97
4790 12 97
4791 12 97
4794 12 97
4795 12 97
4796 12 97
4797 12 97
4800 12 97
4801 12 97
4802 12 97
4803 12 187
4804 12 97
4805 12 97
4806 12 97
4807 12 97
4811 12 97
4813 12 97
4814 12 97
4816 12 97
4818 12 97
4819 12 97
4825 12 97
4828 12 97
4829 12 97
4830 12 97
4831 12 97
4832 12 97
4833 12 97
4834 12 97
4835 12 97
4836 12 97
4838 12 97
4839 12 97
4840 12 97
4841 12 97
4842 12 97
4843 12 97
4844 12 97
4845 12 97
4846 12 97
4847 12 97
4848 12 97
4849 12 97
4850 12 97
4851 12 97
4852 12 97
4853 12 97
4855 12 97
4856 12 97
4857 12 97
4858 12 97
4861 12 97
4862 12 97
4863 12 97
4867 12 97
4868 12 97
4870 12 97
4871 12 97
4872 12 97
4873 12 97
4874 12 97
4875 12 97
4879 12 97
4880 12 97
4881 12 97
4882 12 97
4883 12 187
4884 12 187
4885 12 187
4886 12 97
4890 12 97
4891 12 97
4893 12 97
4894 12 187
4898 12 97
4899 12 97
4900 12 97
4901 12 97
4903 12 97
4907 12 97
4916 12 97
4917 12 97
4918 12 97
4919 12 97
4923 12 97
4926 12 97
4928 12 97
4937 12 97
4940 12 97
4941 12 97
4942 12 97
4943 12 97
4944 12 97
4945 12 97
4960 12 97
4961 12 97
4963 12 97
4964 12 97
4970 12 97
4971 12 97
4978 12 97
4980 12 97
4981 12 97
4982 12 97
4983 12 97
4985 12 97
4986 12 97
4987 12 97
4989 12 97
4990 12 97
4991 12 97
4992 12 97
4996 12 97
5000 12 97
5001 12 97
5006 12 97
5007 12 97
5013 12 97
5017 12 97
5021 12 97
5022 12 187
5025 12 97
5027 12 97
5028 12 97
5029 12 97
5031 12 97
5032 12 97
5033 12 97
5034 12 97
5035 12 97
5036 12 97
5037 12 97
5038 12 97
5042 12 97
5046 12 97
5047 12 97
5049 12 97
5051 12 97
5052 12 97
5054 12 97
5055 12 97
5056 12 97
5059 12 97
5060 12 97
5061 12 97
5062 12 97
5064 12 97
5073 12 97
5076 12 97
5079 12 97
5086 12 97
5087 12 97
5088 12 97
5089 12 97
5096 12 97
5097 12 97
5099 12 97
5101 12 97
5103 12 97
5105 12 97
5115 12 97
5117 12 97
5119 12 97
5120 12 97
5123 12 97
5124 12 97
5128 12 97
5129 12 97
5130 12 97
5132 12 97
5138 12 97
5139 12 97
5141 12 97
5144 12 97
5145 12 97
5146 12 97
5149 12 97
5152 12 97
5155 12 97
5158 12 97
5159 12 97
5162 12 97
5163 12 97
5175 12 97
5178 12 97
5179 12 97
5183 12 97
5184 12 97
5186 12 97
5189 12 97
5192 12 97
5193 12 97
5194 12 97
5195 12 97
5197 12 97
5198 12 97
5199 12 97
5200 12 97
5201 12 97
5202 12 97
5203 12 97
5204 12 97
5205 12 97
5206 12 97
5208 12 97
5212 12 97
5213 12 97
5215 12 97
5216 12 97
5217 12 97
5219 12 97
5226 12 97
5227 12 97
5228 12 97
5231 12 187
5234 12 97
5241 12 97
5242 12 97
5243 12 97
5244 12 97
5245 12 97
5246 12 97
5251 12 97
5253 12 97
5254 12 97
5255 12 97
5257 12 97
5259 12 97
5267 12 97
5268 12 97
5270 12 97
5272 12 97
5275 12 97
5279 12 97
5280 12 187
5284 12 97
5286 12 97
5290 12 97
5293 12 97
5294 12 97
5296 12 97
5297 12 97
5298 12 97
5299 12 97
5300 12 97
5302 12 97
5304 12 97
5305 12 97
5306 12 97
5307 12 97
5308 12 97
5309 12 97
5310 12 97
5312 12 97
5315 12 97
5316 12 97
5321 12 187
5322 12 97
5336 12 97
5345 12 97
5347 12 97
5353 12 97
5355 12 97
5362 12 97
5364 12 97
5365 12 97
5366 12 97
5367 12 97
5368 12 97
5370 12 97
5371 12 97
5372 12 97
5383 12 97
5396 12 97
5397 12 97
5398 12 97
5403 12 97
5408 12 97
5409 12 97
5410 12 97
5411 12 97
5413 12 97
5414 12 97
5415 12 97
5416 12 97
5417 12 97
5419 12 97
5420 12 97
5421 12 97
5423 12 97
5424 12 187
5425 12 97
5426 12 97
5434 12 97
5435 12 97
5437 12 97
5439 12 97
5442 12 97
5443 12 97
5444 12 97
5445 12 97
5446 12 97
5448 12 97
5449 12 97
5451 12 97
5452 12 97
5453 12 97
5455 12 97
5456 12 97
5457 12 97
5459 12 97
5460 12 97
5461 12 187
5462 12 97
5463 12 97
5464 12 97
5465 12 97
5466 12 97
5469 12 97
5470 12 97
5471 12 97
5472 12 97
5473 12 97
5476 12 97
5478 12 97
5480 12 97
5481 12 97
5488 12 97
5489 12 97
5490 12 97
5494 12 97
5495 12 97
5497 12 97
5500 12 97
5501 12 97
5504 12 97
5505 12 97
5512 12 97
5517 12 97
5518 12 97
5522 12 97
5523 12 97
5524 12 97
5529 12 97
5531 12 97
5533 12 97
5536 12 97
5541 12 97
5543 12 97
5544 12 97
5546 12 187
5547 12 97
5548 12 97
5550 12 97
5558 12 97
5560 12 187
5563 12 97
5565 12 97
5569 12 97
5570 12 97
5574 12 97
5575 12 97
5576 12 97
5580 12 97
5582 12 97
5583 12 97
5591 12 97
5595 12 97
5596 12 97
5597 12 97
5598 12 97
5599 12 97
5607 12 97
5608 12 97
5609 12 97
5610 12 97
5611 12 97
5612 12 97
5614 12 97
5622 12 97
5625 12 97
5627 12 97
5630 12 97
5631 12 97
5632 12 97
5633 12 97
5635 12 97
5636 12 97
5638 12 97
5639 12 97
5640 12 97
5641 12 97
5642 12 97
5646 12 97
5647 12 97
5649 12 97
5656 12 97
5657 12 97
5658 12 97
5660 12 97
5663 12 97
5664 12 97
5665 12 97
5666 12 97
5667 12 187
5668 12 97
5669 12 97
5672 12 97
5673 12 97
5678 12 97
5679 12 97
5680 12 97
5682 12 97
5684 12 97
5685 12 97
5686 12 97
5687 12 97
5689 12 97
5691 12 97
5692 12 97
5693 12 97
5694 12 97
5699 12 97
5700 12 97
5707 12 97
5708 12 97
5712 12 97
5714 12 97
5715 12 97
5719 12 97
5723 12 97
5724 12 97
5725 12 97
5726 12 97
5729 12 97
5730 12 97
5731 12 97
5732 12 97
5733 12 97
5737 12 97
5740 12 97
5742 12 97
5743 12 97
5744 12 97
5746 12 97
5750 12 97
5753 12 97
5765 12 97
5766 12 97
5767 12 97
5772 12 97
5773 12 97
5776 12 187
5777 12 97
5778 12 97
5781 12 97
5782 12 97
5783 12 97
5789 12 97
5790 12 97
5791 12 97
5795 12 97
5797 12 97
5798 12 97
5801 12 97
5803 12 97
5804 12 97
5810 12 97
5813 12 97
5820 12 97
5825 12 97
5826 12 97
5827 12 97
5835 12 97
5838 12 97
5845 12 97
5848 12 97
5851 12 97
5853 12 97
5856 12 97
5857 12 97
5858 12 97
5861 12 97
5863 12 97
5864 12 97
5866 12 97
5869 12 97
5870 12 97
5871 12 97
5872 12 97
5873 12 97
5874 12 97
5875 12 97
5877 12 187
5879 12 97
5880 12 97
5882 12 97
5886 12 97
5887 12 97
5889 12 97
5893 12 97
5895 12 97
5898 12 97
5899 12 97
5901 12 97
5902 12 97
5904 12 97
5905 12 97
5911 12 97
5914 12 187
5917 12 97
5918 12 97
5921 12 97
5922 12 97
5923 12 97
5928 12 97
5930 12 97
5936 12 97
5937 12 97
5938 12 97
5940 12 97
5941 12 97
5945 12 97
5946 12 97
5956 12 97
5957 12 97
5960 12 97
5961 12 97
5963 12 97
5965 12 97
5966 12 97
5967 12 97
5968 12 97
5969 12 97
5970 12 97
5971 12 97
5975 12 97
5976 12 97
5977 12 97
5982 12 97
5983 12 97
5985 12 97
5986 12 97
5988 12 97
5989 12 97
5990 12 97
5991 12 97
6000 12 97
6002 12 97
2568 13 2
2574 13 2
3108 13 2
3109 13 2
2628 13 2
2629 13 2
2631 13 2
2632 13 2
2633 13 2
2634 13 2
2657 13 2
3172 13 2
2666 13 2
2668 13 2
2669 13 2
2670 13 2
2671 13 2
2672 13 2
2673 13 2
2674 13 2
2675 13 2
2676 13 2
2677 13 2
2678 13 2
3193 13 2
2689 13 2
2691 13 2
2694 13 2
2695 13 2
2697 13 2
2698 13 2
2699 13 2
2700 13 2
2701 13 2
2702 13 2
2703 13 2
2704 13 2
2705 13 2
2706 13 2
2707 13 2
2708 13 2
2709 13 2
3727 13 2
2712 13 2
3224 13 2
2717 13 2
2718 13 2
3230 13 2
2720 13 2
2721 13 2
2735 13 2
2736 13 2
2737 13 2
2738 13 2
2741 13 2
2744 13 2
2745 13 2
2746 13 2
2747 13 2
3259 13 2
2749 13 2
2752 13 2
2753 13 2
2757 13 2
2760 13 2
2765 13 2
2766 13 2
3287 13 2
2266 13 2
2285 13 2
3821 13 2
3314 13 2
2292 13 2
2295 13 2
3333 13 2
3354 13 2
3373 13 2
2350 13 2
2351 13 2
2863 13 2
3376 13 2
3378 13 2
3899 13 2
2371 13 2
2374 13 2
2379 13 2
3431 13 2
3432 13 2
2410 13 2
2420 13 2
2425 13 2
2439 13 2
2956 13 2
2470 13 2
2471 13 2
3498 13 2
2501 13 2
2504 13 2
2516 13 2
2522 13 2
3552 13 2
3553 13 2
3554 13 2
3555 13 2
2532 13 2
3556 13 2
3557 13 2
3558 13 2
3560 13 2
3562 13 2
2539 13 2
2540 13 2
2541 13 2
2542 13 2
2543 13 2
2544 13 2
2545 13 2
3563 13 2
3564 13 2
3565 13 2
3566 13 2
2550 13 2
3567 13 2
3569 13 2
3570 13 2
4097 14 1
4099 14 1
4105 14 1
4107 14 1
4112 14 1
4120 14 1
4122 14 1
4128 14 1
4129 14 1
4130 14 1
4133 14 1
4141 14 1
4143 14 1
4145 14 1
4151 14 1
4156 14 1
4159 14 1
4161 14 1
4162 14 1
4164 14 1
4171 14 1
4174 14 1
4175 14 1
4178 14 1
4179 14 1
4188 14 1
4195 14 1
4201 14 1
4204 14 1
2159 14 1
4207 14 1
4241 14 1
146 14 1
4261 14 1
4265 14 1
4266 14 1
180 14 1
4285 14 1
4288 14 1
4289 14 1
4296 14 1
4299 14 1
4301 14 1
4306 14 1
4314 14 1
4316 14 1
4319 14 1
4323 14 1
4325 14 1
4330 14 1
4359 14 1
4364 14 1
4372 14 1
4388 14 1
4398 14 1
4399 14 1
2357 14 1
2363 14 1
4411 14 1
2378 14 1
332 14 1
2387 14 1
4441 14 1
2406 14 1
4957 14 1
4463 14 1
2416 14 1
4464 14 1
4465 14 1
2419 14 1
4466 14 1
4468 14 1
4469 14 1
2423 14 1
4470 14 1
4471 14 1
4472 14 1
4473 14 1
4474 14 1
4475 14 1
4476 14 1
4477 14 1
2446 14 1
4504 14 1
4506 14 1
4507 14 1
4514 14 1
4522 14 1
4523 14 1
4525 14 1
4526 14 1
4529 14 1
2485 14 1
4540 14 1
445 14 1
4541 14 1
2495 14 1
4556 14 1
4557 14 1
2511 14 1
4572 14 1
2546 14 1
4630 14 1
4648 14 1
4650 14 1
4653 14 1
2612 14 1
2624 14 1
2635 14 1
2637 14 1
2640 14 1
2641 14 1
4690 14 1
2645 14 1
2646 14 1
2647 14 1
4700 14 1
2654 14 1
4702 14 1
4705 14 1
2660 14 1
2664 14 1
2681 14 1
2693 14 1
4749 14 1
4753 14 1
4764 14 1
4769 14 1
4770 14 1
2730 14 1
2731 14 1
4779 14 1
2734 14 1
2739 14 1
4792 14 1
4798 14 1
2756 14 1
4808 14 1
4809 14 1
4810 14 1
4812 14 1
2769 14 1
2774 14 1
2781 14 1
2782 14 1
2783 14 1
2789 14 1
2790 14 1
2792 14 1
2800 14 1
2804 14 1
2808 14 1
2818 14 1
2823 14 1
2824 14 1
2825 14 1
2826 14 1
2827 14 1
2828 14 1
4876 14 1
2832 14 1
4892 14 1
2847 14 1
2848 14 1
2849 14 1
4896 14 1
2851 14 1
2852 14 1
2853 14 1
2854 14 1
4897 14 1
2856 14 1
4904 14 1
2858 14 1
4906 14 1
4908 14 1
2862 14 1
2867 14 1
2869 14 1
2871 14 1
4920 14 1
2873 14 1
2874 14 1
2875 14 1
2878 14 1
4927 14 1
2881 14 1
2882 14 1
2883 14 1
4929 14 1
4930 14 1
4931 14 1
4932 14 1
4933 14 1
2889 14 1
2890 14 1
4934 14 1
4935 14 1
4936 14 1
4938 14 1
2895 14 1
4947 14 1
4948 14 1
4949 14 1
4950 14 1
4951 14 1
4952 14 1
2905 14 1
4953 14 1
2907 14 1
4954 14 1
4955 14 1
2910 14 1
4956 14 1
2912 14 1
2913 14 1
2914 14 1
2915 14 1
2916 14 1
4958 14 1
2918 14 1
4959 14 1
4962 14 1
4974 14 1
4976 14 1
2930 14 1
2931 14 1
2933 14 1
4993 14 1
4994 14 1
4995 14 1
2949 14 1
4997 14 1
4999 14 1
2952 14 1
2954 14 1
5002 14 1
5003 14 1
5004 14 1
2959 14 1
5010 14 1
5011 14 1
2966 14 1
2975 14 1
5023 14 1
5026 14 1
2991 14 1
5041 14 1
2997 14 1
5057 14 1
3010 14 1
3011 14 1
5058 14 1
3015 14 1
3016 14 1
3017 14 1
3018 14 1
5075 14 1
3030 14 1
3031 14 1
3033 14 1
3035 14 1
5084 14 1
3037 14 1
3038 14 1
5085 14 1
3042 14 1
3043 14 1
3047 14 1
3069 14 1
3070 14 1
3072 14 1
3074 14 1
3075 14 1
5122 14 1
3077 14 1
3079 14 1
3081 14 1
3082 14 1
3083 14 1
3084 14 1
3085 14 1
3086 14 1
5133 14 1
3088 14 1
3091 14 1
3093 14 1
3094 14 1
3096 14 1
3100 14 1
5151 14 1
3104 14 1
3115 14 1
3116 14 1
5165 14 1
3125 14 1
3136 14 1
3153 14 1
3154 14 1
3155 14 1
5207 14 1
3163 14 1
3165 14 1
3166 14 1
5214 14 1
3169 14 1
3171 14 1
5224 14 1
3180 14 1
3184 14 1
3189 14 1
3192 14 1
5252 14 1
3206 14 1
3207 14 1
3210 14 1
5258 14 1
5264 14 1
3218 14 1
5269 14 1
5278 14 1
5283 14 1
3243 14 1
3248 14 1
3249 14 1
3260 14 1
3261 14 1
3277 14 1
3280 14 1
3286 14 1
3290 14 1
5339 14 1
3294 14 1
3310 14 1
5359 14 1
5360 14 1
3320 14 1
3323 14 1
3332 14 1
5384 14 1
5390 14 1
3353 14 1
5404 14 1
3357 14 1
3363 14 1
5438 14 1
5441 14 1
3394 14 1
5447 14 1
3400 14 1
5454 14 1
3409 14 1
3418 14 1
3422 14 1
5486 14 1
3460 14 1
3468 14 1
5530 14 1
3495 14 1
3501 14 1
3506 14 1
3512 14 1
3513 14 1
3517 14 1
3521 14 1
3522 14 1
3525 14 1
3527 14 1
3537 14 1
3539 14 1
3544 14 1
3561 14 1
3579 14 1
3580 14 1
5648 14 1
3620 14 1
5681 14 1
3639 14 1
3641 14 1
3651 14 1
3652 14 1
3694 14 1
1651 14 1
3712 14 1
5774 14 1
5775 14 1
5779 14 1
5796 14 1
3751 14 1
3765 14 1
3776 14 1
5852 14 1
5860 14 1
3817 14 1
3826 14 1
3827 14 1
3845 14 1
3847 14 1
3852 14 1
5906 14 1
5907 14 1
5908 14 1
5909 14 1
5910 14 1
3863 14 1
3865 14 1
3869 14 1
3871 14 1
3872 14 1
3879 14 1
3880 14 1
3884 14 1
3886 14 1
3889 14 1
3901 14 1
3914 14 1
3915 14 1
3922 14 1
5978 14 1
3935 14 1
1894 14 1
1900 14 1
3956 14 1
3971 14 1
3974 14 1
3986 14 1
3989 14 1
1945 14 1
3999 14 1
1953 14 1
4020 14 1
4023 14 1
4026 14 1
4027 14 1
4031 14 1
1989 14 1
4039 14 1
4041 14 1
4042 14 1
4467 14 1
4050 14 1
4055 14 1
4076 14 1
4087 14 1
