2398 0
2066 0
1297 0
4191 0
2328 0
3352 0
3456 0
4735 0
1549 0
2565 0
2535 0
3334 0
3084 0
2746 0
2657 0
2654 0
2576 0
3562 0
3568 0
2958 0
2651 0
2237 0
3537 0
2485 0
2323 0
3005 0
3443 0
2871 0
4531 0
2585 0
2516 0
2594 0
825 0
2210 0
2653 0
2790 0
2256 0
3394 0
3026 0
3439 0
3260 0
2117 0
3454 0
2144 0
3024 0
3192 0
3615 0
3650 0
974 0
2145 0
3796 0
2619 0
3265 0
2508 0
2775 0
1453 0
2411 0
4124 0
2504 0
2134 0
1166 0
3643 0
3276 0
3516 0
2120 0
2660 0
2474 0
4578 0
3030 0
2297 0
3645 0
3892 0
4448 0
2114 0
2727 0
2160 0
2240 0
2593 0
2900 0
3125 0
2822 0
2693 0
1688 0
2517 0
2251 0
3291 0
4138 0
1918 0
3028 0
3812 0
3014 0
1990 0
4299 0
3580 0
4021 0
2506 0
3253 0
2381 0
465 0
1734 0
4290 0
4587 0
3631 0
3970 0
2322 0
2686 0
2923 0
3843 0
3813 0
765 0
1705 0
2456 0
2289 0
2225 0
2174 0
2665 0
2973 0
3404 0
4811 0
1267 0
2542 0
2252 0
1374 0
2371 0
1679 0
1307 0
2364 0
3007 0
2909 0
2646 0
1835 0
3635 0
4528 0
3103 0
3680 0
1847 0
2697 0
2856 0
3903 0
2264 0
3452 0
3453 0
2510 0
3720 0
2667 0
3480 0
2324 0
3607 0
2747 0
3417 0
3557 0
1808 0
3748 0
4162 0
3800 0
3830 0
2955 0
2375 0
2707 0
4297 0
2135 0
4201 0
856 0
1416 0
3258 0
3059 0
4072 0
2655 0
2674 0
1814 0
1799 0
2290 0
3351 0
4298 0
2410 0
2595 0
2794 0
1706 0
2102 0
4547 0
3180 0
2257 0
3926 0
2285 0
4384 0
3587 0
2760 0
2231 0
2547 0
1305 0
3787 0
3020 0
3660 0
4953 0
4820 0
2209 0
2326 0
3092 0
3033 0
3144 0
2922 0
4289 0
2544 0
2560 0
1769 0
2819 0
3724 0
2811 0
3479 0
2912 0
4013 0
2981 0
1291 0
1935 0
4043 0
4044 0
2830 0
2662 0
2700 0
3807 0
2507 0
2708 0
2016 0
3309 0
3489 0
1384 0
3009 0
3937 0
4662 0
5026 0
3002 0
4323 0
3148 0
2696 0
2996 0
2787 0
2805 0
3164 0
2968 0
2834 0
3104 0
2416 0
2550 0
3458 0
2999 0
2592 0
3251 0
3173 0
2932 0
4189 0
3956 0
2338 0
2713 0
2669 0
4808 0
2356 0
2612 0
1781 0
2815 0
3661 0
2799 0
3726 0
3854 0
1140 0
1964 0
2902 0
2246 0
3541 0
2605 0
2687 0
2880 0
3664 0
2972 0
2828 0
3967 0
346 0
1360 0
2618 0
2623 0
3145 0
3018 0
3243 0
2587 0
2597 0
3455 0
403 0
3200 0
3769 0
3835 0
3099 0
4938 0
2966 0
3548 0
2072 0
2918 0
1749 0
3056 0
968 0
3483 0
3150 0
1596 0
3842 0
4613 0
1915 0
3670 0
4422 0
3681 0
1097 0
4987 0
1419 0
2825 0
2617 0
1972 0
1592 0
2951 0
3464 0
4127 0
1024 0
3646 0
4814 0
3433 0
2116 0
2838 0
2724 0
3050 0
3348 0
2974 0
5058 0
2599 0
2501 0
3376 0
3804 0
3319 0
1984 0
4562 0
3629 0
3073 0
2652 0
4552 0
2332 0
2294 0
4181 0
2479 0
3567 0
3914 0
3555 0
4583 0
3811 0
3068 0
2917 0
5132 0
3609 0
3576 0
4584 0
2119 0
3171 0
5274 0
3324 0
4386 0
3785 0
4088 0
4385 0
2844 0
778 0
2979 0
3301 0
3973 0
2797 0
2426 0
3816 0
3461 0
2751 0
2926 0
1747 0
2720 0
4183 0
1837 0
4030 0
1100 0
3822 0
2129 0
2229 0
3463 0
2109 0
4466 0
3875 0
3313 0
3446 0
4231 0
1550 0
3486 0
4351 0
4031 0
4625 0
1991 0
2647 0
4117 0
2206 0
4058 0
4831 0
3193 0
3556 0
3410 0
2990 0
3745 0
4620 0
3933 0
2591 0
4111 0
2736 0
3082 0
4220 0
2366 0
4403 0
2650 0
3547 0
3155 0
2234 0
2670 0
3671 0
3867 0
4047 0
4332 0
4211 0
3912 0
3849 0
4012 0
3911 0
3080 0
5931 0
2422 0
3893 0
4254 0
5309 0
4009 0
4014 0
3971 0
4822 0
4471 0
4311 0
4411 0
3256 0
4359 0
3429 0
4235 0
7708 0
4942 0
2233 0
3623 0
3465 0
3974 0
4783 0
3737 0
3949 0
4866 0
4265 0
3023 0
3888 0
4272 0
4946 0
4809 0
4068 0
4188 0
5882 0
4887 0
3880 0
2083 0
3237 0
4303 0
2672 0
4991 0
2645 0
3908 0
3363 0
6055 0
3825 0
3036 0
6475 0
3832 0
6279 0
2133 0
3701 0
291 0
4086 0
4880 0
3592 0
2678 0
3617 0
2365 0
3591 0
4389 0
4264 0
188 0
4250 0
4195 0
4228 0
4249 0
4214 0
4213 0
4248 0
4215 0
2077 0
4238 0
2064 0
4223 0
4224 0
2065 0
4225 0
2171 0
2176 0
4139 0
4141 0
4142 0
4143 0
4146 0
4148 0
4150 0
4151 0
4152 0
4153 0
4154 0
4159 0
4210 0
4180 0
2118 0
2111 0
2108 0
4275 0
4197 0
2093 0
4202 0
4203 0
4206 0
4207 0
4209 0
4382 0
4334 0
4336 0
4337 0
1947 0
4352 0
4354 0
4357 0
4358 0
1940 0
4375 0
4377 0
4378 0
4379 0
4380 0
4381 0
4333 0
1922 0
1912 0
1896 0
1885 0
4404 0
4406 0
1875 0
4415 0
1832 0
4426 0
4427 0
4428 0
4429 0
4430 0
4295 0
4252 0
2058 0
4255 0
4257 0
4273 0
4274 0
2230 0
4277 0
4278 0
4279 0
4280 0
2057 0
2056 0
4292 0
4251 0
4296 0
2049 0
2041 0
2009 0
2003 0
4316 0
4318 0
4321 0
1967 0
4324 0
4325 0
4327 0
4328 0
1951 0
3968 0
3936 0
2368 0
3947 0
3948 0
3952 0
3953 0
3954 0
3955 0
3957 0
3959 0
3961 0
3963 0
3964 0
3966 0
2360 0
3935 0
2320 0
2318 0
2317 0
3977 0
3978 0
3979 0
3981 0
3986 0
3987 0
3990 0
3997 0
3998 0
4000 0
4001 0
3909 0
2476 0
3881 0
3882 0
3883 0
3891 0
2473 0
2472 0
3894 0
3901 0
3902 0
2427 0
3904 0
3905 0
3906 0
3907 0
4005 0
2382 0
2379 0
2374 0
3917 0
3920 0
3923 0
3924 0
3925 0
2373 0
3927 0
3928 0
3929 0
3931 0
2372 0
2232 0
2236 0
4074 0
4075 0
4076 0
4077 0
4080 0
4085 0
4089 0
4090 0
4091 0
4092 0
4093 0
4096 0
4097 0
4100 0
4069 0
4454 0
4119 0
4120 0
4122 0
4123 0
2228 0
4126 0
2217 0
4129 0
4131 0
4132 0
4133 0
4135 0
4136 0
4039 0
4006 0
4007 0
4008 0
2315 0
2314 0
2313 0
2312 0
4020 0
2311 0
4026 0
4027 0
2310 0
2308 0
4038 0
4137 0
4042 0
2299 0
2298 0
2288 0
4056 0
4057 0
2259 0
4059 0
4061 0
4062 0
4063 0
4064 0
4066 0
4067 0
5039 0
4965 0
4969 0
4971 0
4972 0
4973 0
4975 0
532 0
4995 0
4996 0
5003 0
5005 0
5018 0
445 0
5035 0
5036 0
4963 0
5040 0
5046 0
5047 0
5057 0
5062 0
5063 0
5069 0
5071 0
5109 0
5111 0
5112 0
5119 0
213 0
5135 0
5142 0
4863 0
4838 0
4839 0
4841 0
4844 0
4845 0
4847 0
4848 0
4849 0
4854 0
4855 0
4857 0
4858 0
4859 0
4860 0
4861 0
5183 0
4885 0
4891 0
4893 0
4897 0
4931 0
4932 0
4937 0
582 0
4945 0
4947 0
4950 0
4951 0
4952 0
534 0
4957 0
6744 0
6028 0
6355 0
6356 0
6517 0
6578 0
6579 0
6580 0
6581 0
6582 0
6583 0
6584 0
6585 0
6586 0
6587 0
6588 0
122 0
6760 0
6761 0
6793 0
6794 0
6795 0
7065 0
7184 0
7187 0
7426 0
7427 0
7428 0
7429 0
7430 0
7431 0
53 0
5520 0
5192 0
5294 0
5299 0
5300 0
172 0
5314 0
5315 0
5322 0
5365 0
5366 0
5367 0
5395 0
5517 0
5518 0
5519 0
4836 0
5521 0
5522 0
5523 0
5525 0
5530 0
5542 0
5607 0
5609 0
5611 0
5613 0
5717 0
5786 0
5794 0
5895 0
5910 0
4597 0
4564 0
4565 0
4567 0
4568 0
4575 0
4577 0
1684 0
4581 0
4582 0
1611 0
1509 0
1488 0
4592 0
4594 0
4596 0
4563 0
4599 0
4601 0
4609 0
4612 0
1457 0
4615 0
4617 0
4618 0
4619 0
1452 0
4622 0
4623 0
1367 0
4626 0
4627 0
1795 0
4436 0
4439 0
4440 0
4442 0
4443 0
4444 0
4445 0
1820 0
3851 0
4457 0
4464 0
4465 0
1813 0
4469 0
4470 0
4629 0
4498 0
4502 0
4503 0
4504 0
4509 0
4511 0
4526 0
1794 0
1767 0
4535 0
4538 0
4545 0
1751 0
1748 0
1741 0
4807 0
4753 0
4754 0
4757 0
4759 0
4760 0
4761 0
4762 0
4763 0
4766 0
4774 0
4782 0
4803 0
4804 0
4805 0
4806 0
4752 0
1147 0
4810 0
1134 0
988 0
4816 0
4817 0
4818 0
4819 0
879 0
841 0
4830 0
698 0
4832 0
4834 0
4835 0
4721 0
4633 0
4635 0
4640 0
4641 0
4647 0
4649 0
4651 0
1198 0
4664 0
4665 0
4671 0
4675 0
4682 0
4688 0
4720 0
4433 0
4723 0
4725 0
4733 0
1183 0
4736 0
4737 0
4738 0
4740 0
4742 0
4743 0
4744 0
4746 0
4750 0
4751 0
3275 0
2833 0
3250 0
2832 0
3252 0
2827 0
2826 0
3257 0
2824 0
2823 0
3261 0
3262 0
3263 0
3264 0
2804 0
3267 0
3242 0
2803 0
3282 0
3288 0
3290 0
2796 0
3292 0
3294 0
3296 0
2792 0
3304 0
3306 0
2791 0
3311 0
3312 0
2789 0
3215 0
3189 0
3190 0
2852 0
2842 0
3196 0
3198 0
3199 0
2840 0
3202 0
3203 0
3204 0
3209 0
3212 0
3213 0
3214 0
3314 0
3216 0
3217 0
3218 0
3219 0
3220 0
3221 0
3222 0
3223 0
3224 0
3225 0
3226 0
3228 0
3239 0
3240 0
3241 0
3396 0
3374 0
3375 0
2741 0
3377 0
3379 0
3380 0
3382 0
3383 0
3384 0
3385 0
3386 0
3388 0
3392 0
2740 0
3395 0
3373 0
3397 0
3398 0
3399 0
3400 0
3401 0
3402 0
2739 0
3406 0
2737 0
2733 0
3422 0
2719 0
2718 0
3434 0
3436 0
3342 0
3315 0
3316 0
3317 0
3318 0
2788 0
2786 0
3325 0
3326 0
3331 0
3332 0
3333 0
2780 0
3335 0
3339 0
3341 0
3188 0
3343 0
3344 0
2773 0
3349 0
3350 0
2772 0
2758 0
3353 0
3356 0
3357 0
3358 0
3359 0
3360 0
3361 0
3362 0
3053 0
2949 0
3037 0
3038 0
3039 0
3041 0
3042 0
3043 0
3044 0
3046 0
3047 0
3048 0
3049 0
2948 0
3051 0
3052 0
3032 0
3054 0
3055 0
2947 0
2941 0
3060 0
3061 0
3062 0
3063 0
2935 0
3071 0
3072 0
2933 0
3074 0
3076 0
3077 0
2969 0
2986 0
2989 0
2980 0
2995 0
2978 0
2998 0
2976 0
3001 0
2975 0
3003 0
3004 0
2971 0
3006 0
2970 0
3008 0
3078 0
3011 0
3012 0
3013 0
2967 0
3016 0
3017 0
2964 0
3019 0
2957 0
3022 0
2954 0
2953 0
2952 0
2950 0
3031 0
3166 0
2882 0
3149 0
2881 0
3151 0
3152 0
3153 0
3154 0
2879 0
3156 0
3158 0
3159 0
3162 0
3163 0
2872 0
3165 0
3147 0
3167 0
3168 0
2862 0
3172 0
2860 0
3174 0
3175 0
2857 0
3181 0
3182 0
3183 0
3184 0
3185 0
3186 0
3187 0
3102 0
2921 0
3081 0
2916 0
2913 0
3086 0
3087 0
3090 0
2904 0
3093 0
3094 0
3095 0
3096 0
3097 0
3098 0
2901 0
3437 0
2899 0
2898 0
3107 0
3108 0
3110 0
3111 0
3115 0
3120 0
3123 0
2885 0
3127 0
3143 0
2884 0
2883 0
3146 0
3727 0
3694 0
3695 0
3696 0
3697 0
3698 0
3700 0
3709 0
3714 0
3718 0
3719 0
2557 0
3722 0
2555 0
3725 0
2549 0
3693 0
3729 0
3730 0
3731 0
3733 0
3735 0
3744 0
2548 0
3746 0
3747 0
2546 0
3749 0
3750 0
3753 0
3754 0
3757 0
2566 0
3651 0
3652 0
3653 0
3654 0
3655 0
3656 0
3657 0
3658 0
3659 0
2582 0
2581 0
3663 0
2578 0
3667 0
2568 0
3758 0
3673 0
3674 0
3675 0
3676 0
3677 0
3678 0
2564 0
2559 0
3682 0
3684 0
3685 0
3687 0
3688 0
3689 0
3690 0
3839 0
3815 0
2505 0
3817 0
3819 0
3821 0
2502 0
3823 0
3824 0
3829 0
2500 0
3833 0
3834 0
2498 0
3836 0
3837 0
3814 0
3840 0
3841 0
2497 0
2488 0
3848 0
2487 0
3850 0
2982 0
2478 0
3855 0
3858 0
3862 0
3863 0
3864 0
3865 0
2543 0
3759 0
3760 0
3761 0
3762 0
3763 0
3765 0
3766 0
3767 0
2545 0
3771 0
3775 0
3779 0
3781 0
3783 0
3784 0
2584 0
2541 0
3791 0
3794 0
2524 0
3798 0
3799 0
2518 0
3802 0
2515 0
3805 0
2514 0
3810 0
2513 0
2512 0
2509 0
3519 0
2690 0
3487 0
3488 0
2683 0
3491 0
3496 0
3504 0
3508 0
3509 0
3510 0
3511 0
3512 0
3513 0
3514 0
3518 0
2691 0
3521 0
3523 0
3525 0
3526 0
3527 0
3528 0
3531 0
3532 0
3536 0
2673 0
3539 0
3542 0
3543 0
3544 0
3545 0
3457 0
3438 0
2717 0
3440 0
2716 0
3444 0
3445 0
2711 0
3448 0
3450 0
3451 0
2706 0
2705 0
2704 0
2703 0
2702 0
2671 0
2701 0
2699 0
3462 0
2698 0
2695 0
3468 0
3469 0
3470 0
3472 0
3475 0
3477 0
2694 0
2692 0
3481 0
3482 0
3630 0
3603 0
3604 0
3605 0
3606 0
2631 0
2630 0
3611 0
2628 0
3618 0
3619 0
3622 0
3624 0
3625 0
3628 0
2613 0
3602 0
2611 0
3632 0
3633 0
2609 0
3636 0
3637 0
3638 0
3639 0
3640 0
2608 0
2598 0
2596 0
3647 0
3648 0
3649 0
3577 0
2668 0
3553 0
2664 0
2661 0
2659 0
3558 0
3560 0
3561 0
2656 0
3564 0
3565 0
3566 0
2649 0
2648 0
3569 0
2477 0
3579 0
2644 0
3581 0
3582 0
3583 0
3584 0
3585 0
2632 0
3589 0
3590 0
3595 0
3596 0
3597 0
3598 0
3599 0
4335 1
7632 1
737 1
5254 1
6832 1
4712 1
7620 1
7092 1
4310 1
5233 1
3459 1
5123 1
5484 1
5079 1
5423 1
4536 1
3238 1
4666 1
6914 1
5022 1
7809 1
4981 1
6006 1
5800 1
5605 1
5543 1
7961 1
6784 1
4099 1
5002 1
6414 1
6299 1
7414 1
5524 1
6560 1
8295 1
6004 1
1982 1
7908 1
5179 1
6979 1
6555 1
7021 1
4600 1
5839 1
6774 1
5020 1
6327 1
5178 1
6044 1
2658 1
4653 1
5806 1
5814 1
7587 1
6913 1
896 1
7839 1
840 1
6665 1
6123 1
3634 1
2774 1
4795 1
5743 1
2940 1
5697 1
6618 1
5037 1
5596 1
5321 1
7649 1
6980 1
4530 1
5822 1
5760 1
5871 1
5714 1
7063 1
6523 1
5872 1
3027 1
5902 1
5028 1
6715 1
4717 1
6229 1
3958 1
5818 1
2276 1
5529 1
2785 1
5262 1
6481 1
5829 1
2851 1
3586 1
6496 1
4483 1
2440 1
4041 1
7381 1
7225 1
8212 1
5671 1
3910 1
5828 1
4940 1
5684 1
6790 1
6780 1
7910 1
4846 1
7478 1
4964 1
5301 1
5273 1
6156 1
7052 1
6417 1
6337 1
608 1
4338 1
7301 1
5739 1
7624 1
5189 1
5188 1
7912 1
4574 1
4781 1
7386 1
2831 1
3752 1
6388 1
5199 1
6934 1
7510 1
7651 1
5773 1
3447 1
7012 1
6770 1
4632 1
5263 1
6306 1
6907 1
5624 1
5799 1
5289 1
6566 1
7279 1
5804 1
8121 1
5482 1
5811 1
6323 1
3293 1
5817 1
6218 1
6032 1
5775 1
6422 1
7280 1
7168 1
6714 1
4980 1
4824 1
5819 1
5844 1
5680 1
6855 1
7813 1
5182 1
7277 1
7662 1
4715 1
5121 1
6599 1
6328 1
3029 1
7833 1
6437 1
2620 1
3393 1
7992 1
6043 1
7443 1
7391 1
6554 1
6441 1
6789 1
6875 1
6918 1
6624 1
5148 1
5096 1
7378 1
5738 1
6305 1
7295 1
5430 1
6860 1
5454 1
5341 1
3015 1
5798 1
5998 1
5827 1
7131 1
4435 1
7979 1
6221 1
4432 1
3691 1
5295 1
5863 1
4713 1
7618 1
2001 1
6432 1
6736 1
7233 1
1498 1
4748 1
6246 1
7050 1
6000 1
5457 1
2369 1
3191 1
6151 1
6976 1
7835 1
7047 1
5950 1
6613 1
8297 1
5103 1
7005 1
6424 1
5421 1
6097 1
7101 1
7795 1
6505 1
6576 1
5176 1
5969 1
5506 1
2689 1
5721 1
5584 1
6503 1
3919 1
4065 1
3274 1
5638 1
6270 1
7646 1
2258 1
7561 1
6442 1
7054 1
5776 1
8224 1
5568 1
8249 1
7119 1
6227 1
5922 1
7143 1
3614 1
5582 1
7237 1
7726 1
6725 1
7788 1
609 1
5415 1
6596 1
7400 1
2511 1
5012 1
7238 1
5928 1
6251 1
6001 1
6272 1
5994 1
6243 1
3310 1
5439 1
4899 1
3381 1
5753 1
7450 1
8168 1
6699 1
5812 1
6901 1
6320 1
4994 1
155 1
5378 1
7493 1
7373 1
5824 1
425 1
6948 1
6994 1
3770 1
7544 1
4764 1
7094 1
7185 1
7683 1
6783 1
5737 1
4488 1
7965 1
5932 1
5592 1
7422 1
5973 1
967 1
6628 1
6840 1
8083 1
7707 1
6501 1
7529 1
8128 1
7810 1
6094 1
8044 1
1542 1
6023 1
3922 1
5246 1
7946 1
5802 1
5327 1
7120 1
2765 1
2925 1
6594 1
3969 1
8002 1
6993 1
6552 1
8141 1
7497 1
7040 1
5393 1
7874 1
6850 1
6170 1
6570 1
6595 1
6528 1
5487 1
8219 1
5626 1
8051 1
5614 1
5980 1
3297 1
1823 1
8209 1
6241 1
6873 1
3000 1
6712 1
7688 1
1733 1
6632 1
5437 1
1074 1
5835 1
7567 1
5620 1
7341 1
4678 1
7647 1
7088 1
7669 1
6803 1
6474 1
6409 1
7588 1
7389 1
6166 1
7778 1
7059 1
7701 1
8124 1
7666 1
8237 1
7695 1
6553 1
5972 1
5694 1
5033 1
6759 1
6571 1
5140 1
6755 1
7921 1
7512 1
5772 1
4355 1
6606 1
6945 1
6707 1
6567 1
4441 1
7074 1
4992 1
5933 1
5991 1
5757 1
6924 1
6198 1
6663 1
1865 1
8149 1
5326 1
5830 1
8122 1
7498 1
7362 1
5655 1
5756 1
5208 1
6700 1
7449 1
6686 1
6261 1
6762 1
7648 1
5639 1
7791 1
6435 1
7517 1
6078 1
6942 1
4966 1
6059 1
4879 1
6982 1
5513 1
2277 1
7359 1
7149 1
5860 1
5630 1
7186 1
7162 1
6302 1
5635 1
7593 1
5809 1
7642 1
5977 1
6447 1
6530 1
5045 1
7691 1
6892 1
5709 1
5643 1
7254 1
6938 1
6772 1
7557 1
6427 1
7533 1
7204 1
6027 1
8275 1
6788 1
6813 1
8276 1
6917 1
7323 1
7658 1
6105 1
6311 1
7520 1
7740 1
7439 1
7673 1
5801 1
5467 1
6933 1
7634 1
6777 1
8226 1
4779 1
6923 1
7491 1
3409 1
6111 1
6890 1
5296 1
6723 1
8277 1
7262 1
6809 1
7730 1
6543 1
2552 1
6421 1
7319 1
6096 1
7246 1
2376 1
6983 1
6668 1
6967 1
7110 1
6920 1
7023 1
6047 1
7304 1
5514 1
6685 1
6080 1
7161 1
7289 1
1612 1
6568 1
6590 1
7675 1
8204 1
7819 1
6806 1
6724 1
6661 1
5588 1
6491 1
7490 1
5569 1
8132 1
7250 1
5778 1
7387 1
6226 1
7583 1
6321 1
8068 1
7290 1
5838 1
5351 1
6769 1
5354 1
5306 1
7508 1
6340 1
6235 1
7506 1
5133 1
5706 1
7913 1
7799 1
8263 1
6010 1
8225 1
5368 1
5253 1
6307 1
7060 1
7734 1
6110 1
8186 1
8235 1
6641 1
8050 1
5956 1
6592 1
6950 1
5570 1
7316 1
7215 1
5782 1
2956 1
6280 1
4550 1
5832 1
6376 1
5754 1
7735 1
5673 1
6149 1
5310 1
7318 1
5792 1
6225 1
6107 1
8175 1
5880 1
6756 1
7765 1
6778 1
7672 1
6344 1
6951 1
7042 1
7062 1
7690 1
8271 1
6858 1
5145 1
6987 1
4481 1
5471 1
7991 1
6680 1
8021 1
7881 1
6681 1
6611 1
7636 1
6856 1
7797 1
5177 1
8165 1
7317 1
7363 1
8233 1
7017 1
8232 1
7335 1
7333 1
7332 1
7320 1
7330 1
7305 1
7336 1
7371 1
7372 1
7374 1
7016 1
7376 1
7377 1
6653 1
7302 1
7326 1
7018 1
7350 1
7352 1
7353 1
7354 1
7355 1
7357 1
7343 1
7337 1
7327 1
7329 1
7014 1
7321 1
7310 1
7344 1
7348 1
7309 1
8229 1
7999 1
7015 1
7347 1
8231 1
7349 1
8266 1
7151 1
7150 1
7142 1
7134 1
7132 1
8265 1
7026 1
7129 1
7153 1
7126 1
7121 1
7118 1
7117 1
7113 1
7104 1
7100 1
7099 1
7154 1
7155 1
8264 1
7156 1
7157 1
7158 1
7159 1
7160 1
7025 1
7163 1
7164 1
7165 1
7166 1
7167 1
7170 1
8274 1
7028 1
7029 1
7030 1
7035 1
7036 1
7037 1
7038 1
7041 1
7043 1
7044 1
7045 1
7046 1
7048 1
7049 1
7051 1
7171 1
7053 1
7055 1
7056 1
7057 1
8273 1
8272 1
7061 1
7027 1
7079 1
7080 1
7086 1
7090 1
8270 1
7096 1
7098 1
7251 1
7267 1
7266 1
7265 1
8243 1
7260 1
7255 1
7253 1
7252 1
7268 1
7245 1
7241 1
7239 1
7236 1
7235 1
7234 1
7232 1
7231 1
7269 1
7271 1
7276 1
8242 1
7020 1
7278 1
7019 1
8241 1
7281 1
7293 1
7294 1
7296 1
7298 1
7299 1
7300 1
7198 1
7172 1
7173 1
7174 1
8262 1
7175 1
7176 1
8251 1
7177 1
7178 1
7179 1
7180 1
8248 1
7183 1
7188 1
7197 1
8236 1
7199 1
7203 1
7024 1
7205 1
7206 1
7217 1
7223 1
7226 1
7227 1
8245 1
8244 1
7228 1
7229 1
7230 1
7022 1
7782 1
7812 1
8080 1
7808 1
7806 1
7796 1
7792 1
7790 1
7789 1
7783 1
8072 1
7781 1
8081 1
7780 1
8084 1
7779 1
7777 1
7775 1
7774 1
7773 1
7834 1
7848 1
7845 1
7844 1
7842 1
7841 1
8069 1
7837 1
7836 1
8070 1
8085 1
7832 1
7830 1
7829 1
7822 1
7821 1
7818 1
7815 1
8071 1
7814 1
7732 1
7738 1
8093 1
7737 1
8094 1
7736 1
7733 1
8095 1
8096 1
8107 1
7741 1
8118 1
7729 1
8119 1
8120 1
7727 1
7724 1
8133 1
7721 1
7720 1
7754 1
7772 1
7769 1
7767 1
7766 1
7759 1
7756 1
7755 1
8086 1
8087 1
7849 1
7753 1
7752 1
7750 1
7747 1
7745 1
7744 1
8091 1
7743 1
7742 1
7948 1
7960 1
7959 1
8045 1
7956 1
7955 1
7954 1
8046 1
7950 1
7949 1
8041 1
7945 1
7944 1
7942 1
8047 1
7941 1
7940 1
7939 1
7937 1
7935 1
7978 1
8000 1
8001 1
7998 1
8009 1
7985 1
8011 1
8013 1
7980 1
8020 1
7934 1
7976 1
7975 1
7974 1
7970 1
7967 1
7966 1
8023 1
7964 1
8036 1
7869 1
7900 1
7894 1
7892 1
7891 1
8053 1
7885 1
8060 1
7875 1
7873 1
7901 1
7866 1
7865 1
8061 1
7863 1
7861 1
7856 1
7852 1
7851 1
7850 1
7911 1
7933 1
7932 1
7931 1
7930 1
7929 1
7920 1
7919 1
7914 1
8048 1
8140 1
8049 1
7907 1
7906 1
7905 1
7904 1
7903 1
7902 1
8052 1
7474 1
7485 1
7484 1
7483 1
7482 1
7481 1
7480 1
8203 1
7477 1
7476 1
7486 1
8205 1
7473 1
7471 1
7470 1
7469 1
7468 1
8206 1
7462 1
7461 1
7511 1
7527 1
7525 1
7524 1
7523 1
7522 1
7518 1
7515 1
7514 1
7513 1
8211 1
8187 1
7509 1
8202 1
7505 1
7503 1
7502 1
7501 1
7492 1
7487 1
7402 1
7416 1
8213 1
7415 1
8215 1
7413 1
7409 1
7405 1
7404 1
7403 1
7417 1
7401 1
7394 1
7392 1
7390 1
8216 1
7383 1
7382 1
8221 1
7380 1
7448 1
7459 1
7458 1
7457 1
7456 1
7455 1
7454 1
7453 1
7452 1
7451 1
7528 1
7447 1
7446 1
7445 1
7444 1
7424 1
7421 1
7420 1
7419 1
7418 1
7645 1
7670 1
7665 1
7664 1
7663 1
7661 1
7660 1
7659 1
8150 1
7650 1
7676 1
7644 1
8152 1
8153 1
8155 1
7639 1
7638 1
7637 1
8156 1
8158 1
7697 1
7717 1
7716 1
7715 1
7706 1
7705 1
7704 1
7703 1
8142 1
8144 1
7630 1
7696 1
7687 1
7686 1
7685 1
7684 1
7682 1
7679 1
7678 1
7677 1
7564 1
7585 1
7580 1
7579 1
7578 1
7572 1
7571 1
7570 1
7569 1
7565 1
7586 1
7554 1
7546 1
7540 1
8173 1
7538 1
7537 1
7536 1
7535 1
7531 1
7615 1
7629 1
7626 1
7625 1
8159 1
7619 1
8166 1
8167 1
7617 1
7616 1
7379 1
7614 1
7609 1
7601 1
7600 1
7599 1
7598 1
7595 1
7594 1
5657 1
5685 1
5675 1
5670 1
5669 1
5667 1
5666 1
5661 1
5660 1
5659 1
5658 1
5687 1
5647 1
5646 1
5644 1
5633 1
5629 1
5628 1
5625 1
5617 1
5612 1
5606 1
5722 1
5761 1
5755 1
5750 1
5749 1
5748 1
5747 1
5746 1
5741 1
5735 1
5733 1
5591 1
5720 1
5718 1
5708 1
5703 1
5702 1
5696 1
5692 1
5691 1
5688 1
5485 1
5534 1
5532 1
5531 1
5526 1
5505 1
5504 1
5491 1
5490 1
5488 1
5486 1
5535 1
5483 1
5480 1
5476 1
5475 1
5474 1
5472 1
5446 1
5438 1
5436 1
5562 1
5589 1
5587 1
5577 1
5576 1
5573 1
5572 1
5571 1
5567 1
5566 1
5565 1
5763 1
5555 1
5554 1
5553 1
5551 1
5550 1
5549 1
5548 1
5537 1
5536 1
5967 1
5990 1
5989 1
5988 1
5987 1
5986 1
5985 1
5984 1
5983 1
5981 1
5978 1
5992 1
5966 1
5965 1
5961 1
5960 1
5952 1
5949 1
5943 1
5939 1
5935 1
6035 1
6052 1
6051 1
6050 1
6049 1
6048 1
6046 1
6042 1
6038 1
6037 1
6036 1
5934 1
6034 1
6033 1
6031 1
6030 1
6024 1
6020 1
6016 1
6007 1
5999 1
5810 1
5855 1
5854 1
5853 1
5852 1
5836 1
5834 1
5823 1
5821 1
5820 1
5816 1
5856 1
5805 1
5796 1
5788 1
5787 1
5783 1
5774 1
5771 1
5769 1
5768 1
5878 1
5927 1
5920 1
5915 1
5911 1
5909 1
5908 1
5907 1
5903 1
5899 1
5896 1
5429 1
5877 1
5876 1
5875 1
5874 1
5873 1
5862 1
5861 1
5859 1
5857 1
4192 1
4524 1
4447 1
4437 1
4416 1
4409 1
4353 1
4347 1
4319 1
4314 1
4221 1
4532 1
4169 1
4046 1
3995 1
3965 1
3944 1
3943 1
3916 1
3877 1
3788 1
4672 1
4894 1
4883 1
4851 1
4840 1
4829 1
4813 1
4788 1
4767 1
4739 1
4673 1
3665 1
4670 1
4669 1
4668 1
4667 1
4652 1
4608 1
4607 1
4598 1
4591 1
1554 1
2283 1
2278 1
2059 1
2037 1
2010 1
1879 1
1796 1
1762 1
1737 1
1667 1
2415 1
1539 1
1365 1
1004 1
950 1
909 1
850 1
580 1
398 1
109 1
2784 1
3642 1
3600 1
3571 1
3142 1
2983 1
2908 1
2889 1
2867 1
2839 1
2802 1
4915 1
2783 1
2782 1
2744 1
2680 1
2677 1
2621 1
2493 1
2481 1
2452 1
5316 1
5342 1
5339 1
5337 1
5334 1
5330 1
5329 1
5328 1
5324 1
5320 1
5317 1
5355 1
5291 1
5290 1
5276 1
5264 1
5252 1
5251 1
5217 1
5201 1
5197 1
5398 1
5428 1
5427 1
5424 1
5422 1
5419 1
5418 1
5410 1
5401 1
5400 1
5399 1
5196 1
5391 1
5382 1
5377 1
5376 1
5361 1
5360 1
5358 1
5357 1
5356 1
5017 1
5098 1
5089 1
5070 1
5068 1
5059 1
5053 1
5048 1
5038 1
5029 1
5019 1
5102 1
5015 1
5011 1
5010 1
4974 1
4967 1
4960 1
4948 1
4935 1
4924 1
5173 1
5194 1
5193 1
5191 1
5190 1
5187 1
5185 1
5181 1
5180 1
5175 1
5174 1
6053 1
5172 1
5171 1
5166 1
5153 1
5150 1
5143 1
5136 1
5125 1
5114 1
6729 1
6753 1
6752 1
6749 1
6747 1
6746 1
6745 1
6734 1
6732 1
6731 1
6730 1
6758 1
6728 1
6727 1
6726 1
6713 1
6711 1
6710 1
6706 1
6705 1
6703 1
6702 1
6797 1
6812 1
6811 1
6810 1
6808 1
6807 1
6804 1
6802 1
6801 1
6800 1
6798 1
6701 1
6787 1
6782 1
6781 1
6779 1
6776 1
6775 1
6773 1
6768 1
6766 1
6630 1
6650 1
6649 1
6648 1
6647 1
6646 1
6645 1
6644 1
6639 1
6638 1
6635 1
6651 1
6627 1
6626 1
6625 1
6620 1
6619 1
6617 1
6616 1
6615 1
6608 1
6673 1
6698 1
6697 1
6692 1
6684 1
6679 1
6678 1
6677 1
6676 1
6675 1
6674 1
6815 1
6672 1
6671 1
6666 1
6660 1
6657 1
6655 1
6654 1
99 1
6652 1
6949 1
6972 1
6971 1
6969 1
6968 1
6963 1
6962 1
6961 1
6960 1
6959 1
6958 1
6975 1
6943 1
6941 1
6936 1
6935 1
6927 1
6926 1
6922 1
6921 1
6916 1
7000 1
7011 1
7010 1
7009 1
7008 1
7007 1
7006 1
7004 1
7003 1
7002 1
7001 1
6912 1
6999 1
6998 1
6995 1
6991 1
6990 1
6986 1
6984 1
6981 1
6978 1
6844 1
6867 1
6866 1
6865 1
6859 1
6854 1
6852 1
6848 1
6847 1
6846 1
6845 1
6870 1
6843 1
6842 1
6841 1
6837 1
6828 1
6824 1
6822 1
6821 1
6816 1
6889 1
6911 1
6910 1
6909 1
6908 1
6906 1
6905 1
6902 1
6900 1
6899 1
6895 1
6607 1
6886 1
6885 1
6884 1
6883 1
6881 1
6880 1
6878 1
6877 1
6876 1
6222 1
6247 1
6245 1
6244 1
6242 1
6239 1
6236 1
6232 1
6228 1
6224 1
6223 1
6248 1
6220 1
6219 1
6217 1
6216 1
6213 1
6212 1
6204 1
6200 1
6180 1
6301 1
6346 1
6339 1
6325 1
6324 1
6317 1
6316 1
6315 1
6314 1
6313 1
6304 1
6179 1
6298 1
6288 1
6287 1
6286 1
6276 1
6275 1
6274 1
6273 1
6271 1
6067 1
6093 1
6082 1
6079 1
6077 1
6075 1
6074 1
6073 1
6072 1
6071 1
6068 1
6108 1
6066 1
6064 1
6063 1
6062 1
6061 1
6060 1
6058 1
6057 1
6056 1
6129 1
6169 1
6168 1
6165 1
6153 1
6152 1
6150 1
6146 1
6139 1
6134 1
6133 1
6348 1
6128 1
6127 1
6126 1
6121 1
6120 1
6119 1
6118 1
6116 1
6114 1
6495 1
6515 1
6514 1
6513 1
6510 1
6509 1
6508 1
6507 1
6506 1
6502 1
6500 1
6518 1
6494 1
6493 1
6492 1
6490 1
6488 1
6487 1
6486 1
6485 1
6484 1
6547 1
6605 1
6598 1
6577 1
6575 1
6574 1
6565 1
6563 1
6551 1
6550 1
6548 1
6483 1
6545 1
6544 1
6538 1
6537 1
6527 1
6526 1
6525 1
6524 1
6522 1
6377 1
6426 1
6423 1
6416 1
6415 1
6408 1
6398 1
6394 1
6389 1
6387 1
6378 1
6429 1
6375 1
6374 1
6371 1
6367 1
6366 1
6359 1
6351 1
6350 1
6349 1
6448 1
6480 1
6479 1
6478 1
6477 1
6469 1
6468 1
6467 1
6466 1
6461 1
6460 1
7013 1
6446 1
6445 1
6444 1
6443 1
6440 1
6439 1
6436 1
6431 1
6430 1
15 2
762 2
1211 2
993 2
271 2
214 2
1186 2
28 2
3755 2
56 2
1842 2
290 2
35 2
72 2
204 2
922 2
1956 2
1357 2
407 2
1585 2
1919 2
1717 2
978 2
282 2
1992 2
86 2
665 2
1492 2
600 2
8290 2
1514 2
1855 2
1165 2
1836 2
941 2
959 2
1496 2
2151 2
1193 2
3136 2
1700 2
1167 2
1718 2
1966 2
857 2
937 2
1729 2
1151 2
1622 2
1199 2
55 2
439 2
2062 2
1571 2
2211 2
1201 2
1352 2
579 2
1482 2
1035 2
1888 2
1787 2
1261 2
230 2
1378 2
1428 2
152 2
789 2
1608 2
549 2
2763 2
764 2
2071 2
1497 2
1977 2
1621 2
415 2
243 2
2128 2
1484 2
545 2
1564 2
1697 2
1772 2
761 2
756 2
1330 2
171 2
1593 2
1538 2
626 2
1239 2
259 2
1521 2
817 2
763 2
2157 2
1111 2
1164 2
908 2
1319 2
2193 2
1253 2
356 2
1053 2
904 2
1284 2
1014 2
2400 2
1123 2
1701 2
960 2
696 2
697 2
1234 2
667 2
704 2
1279 2
1413 2
1464 2
1080 2
250 2
2397 2
227 2
895 2
1566 2
1322 2
1792 2
1489 2
663 2
2685 2
1127 2
1816 2
1997 2
1965 2
859 2
1022 2
739 2
1285 2
1315 2
8287 2
1185 2
722 2
313 2
1248 2
1849 2
633 2
560 2
1963 2
946 2
1927 2
75 2
2073 2
311 2
350 2
8292 2
54 2
733 2
432 2
1286 2
871 2
1603 2
1969 2
1125 2
893 2
1864 2
1547 2
50 2
1476 2
1973 2
1353 2
1903 2
1774 2
714 2
2570 2
559 2
1908 2
1783 2
1390 2
1000 2
710 2
1573 2
741 2
677 2
1222 2
935 2
2106 2
1525 2
1569 2
587 2
1243 2
2195 2
989 2
760 2
304 2
1580 2
402 2
947 2
656 2
1487 2
813 2
1658 2
1425 2
659 2
1471 2
2076 2
1061 2
1555 2
8 2
1230 2
1377 2
1062 2
310 2
1236 2
2580 2
958 2
2004 2
1439 2
405 2
178 2
372 2
61 2
589 2
105 2
1394 2
29 2
1641 2
750 2
33 2
1190 2
1534 2
647 2
730 2
1780 2
971 2
49 2
611 2
6 2
897 2
308 2
2350 2
1987 2
794 2
985 2
1610 2
317 2
742 2
1034 2
636 2
1296 2
94 2
565 2
837 2
1192 2
829 2
1006 2
135 2
907 2
1241 2
1861 2
1848 2
334 2
805 2
2241 2
325 2
1407 2
371 2
1757 2
590 2
373 2
803 2
23 2
1203 2
2137 2
1587 2
321 2
3 2
928 2
252 2
673 2
2333 2
853 2
1597 2
977 2
1468 2
999 2
506 2
514 2
1501 2
1857 2
1520 2
1402 2
228 2
749 2
1518 2
2348 2
1131 2
1979 2
1652 2
182 2
280 2
838 2
348 2
30 2
38 2
1029 2
192 2
1920 2
1420 2
1752 2
979 2
2097 2
982 2
1418 2
643 2
1396 2
1662 2
151 2
255 2
1506 2
975 2
1382 2
80 2
873 2
1714 2
1075 2
1032 2
144 2
1880 2
2165 2
691 2
515 2
1556 2
261 2
2091 2
2178 2
1023 2
1768 2
36 2
1707 2
1628 2
394 2
784 2
132 2
1137 2
39 2
1493 2
584 2
1730 2
477 2
1819 2
324 2
1583 2
567 2
878 2
1672 2
428 2
1618 2
836 2
913 2
32 2
1277 2
1513 2
302 2
664 2
1043 2
1007 2
798 2
1791 2
1124 2
981 2
826 2
2205 2
881 2
440 2
1259 2
607 2
707 2
682 2
1649 2
1595 2
1160 2
948 2
2060 2
1055 2
844 2
236 2
795 2
153 2
810 2
2085 2
1077 2
994 2
257 2
406 2
771 2
246 2
300 2
19 2
839 2
175 2
1321 2
2168 2
2069 2
1600 2
183 2
1490 2
2007 2
936 2
955 2
956 2
606 2
861 2
34 2
216 2
1669 2
429 2
396 2
150 2
1152 2
1260 2
604 2
377 2
488 2
991 2
932 2
1629 2
918 2
943 2
806 2
875 2
1985 2
274 2
2281 2
1039 2
517 2
4561 2
154 2
945 2
4658 2
1678 2
1604 2
1563 2
684 2
379 2
1833 2
339 2
725 2
868 2
224 2
140 2
820 2
622 2
232 2
1619 2
2101 2
1531 2
903 2
592 2
686 2
586 2
658 2
273 2
706 2
1732 2
1441 2
1983 2
564 2
864 2
319 2
1196 2
127 2
1144 2
802 2
681 2
306 2
168 2
219 2
2055 2
1323 2
581 2
1168 2
566 2
705 2
2202 2
1020 2
1221 2
1030 2
1537 2
995 2
258 2
885 2
130 2
866 2
1687 2
1141 2
616 2
147 2
631 2
427 2
1128 2
1266 2
1557 2
1326 2
89 2
674 2
538 2
1689 2
743 2
700 2
64 2
2121 2
1435 2
1485 2
378 2
1220 2
822 2
163 2
575 2
1478 2
390 2
934 2
882 2
1432 2
779 2
1486 2
1038 2
797 2
942 2
338 2
93 2
2362 2
2242 2
341 2
687 2
670 2
2163 2
1532 2
389 2
1092 2
650 2
1240 2
8282 2
1472 2
619 2
1507 2
167 2
1716 2
793 2
929 2
601 2
791 2
8285 2
1510 2
617 2
358 2
2843 2
1114 2
823 2
1533 2
1270 2
2425 2
1287 2
359 2
645 2
2378 2
421 2
1657 2
392 2
1950 2
3205 2
8289 2
2244 2
5469 2
1232 2
618 2
1581 2
419 2
2798 2
2679 2
1664 2
1970 2
3105 2
852 2
1300 2
6183 2
2213 2
1582 2
2238 2
6178 2
2235 2
1574 2
6181 2
1575 2
2214 2
1579 2
6182 2
1568 2
2227 2
2216 2
1578 2
2266 2
2292 2
1541 2
2291 2
1543 2
1545 2
2287 2
1546 2
2577 2
1551 2
1552 2
1553 2
2286 2
2282 2
2280 2
6184 2
2265 2
2255 2
1558 2
1559 2
1561 2
2254 2
6186 2
2250 2
5695 2
2243 2
1570 2
6185 2
2239 2
1572 2
1625 2
1609 2
2175 2
2173 2
4933 2
2170 2
1614 2
1615 2
1616 2
4745 2
1617 2
2169 2
1620 2
2167 2
4611 2
2187 2
1626 2
1627 2
2164 2
2161 2
1631 2
1634 2
1635 2
2663 2
2159 2
1642 2
1643 2
1644 2
2675 2
1651 2
2200 2
5698 2
2212 2
1588 2
1589 2
1590 2
1591 2
2331 2
1594 2
2626 2
2204 2
5676 2
2203 2
2627 2
2201 2
1584 2
5610 2
2199 2
1599 2
2198 2
2197 2
1601 2
1602 2
2194 2
2192 2
2191 2
1605 2
2190 2
1606 2
2189 2
2413 2
1455 2
1456 2
1458 2
1459 2
1460 2
1461 2
1462 2
2428 2
1466 2
2424 2
1467 2
2414 2
1469 2
2540 2
1454 2
1474 2
2412 2
2407 2
1480 2
1481 2
7219 2
1483 2
7218 2
2406 2
2405 2
2404 2
6206 2
2551 2
6205 2
1438 2
1145 2
1429 2
1430 2
2536 2
1431 2
2534 2
1433 2
2531 2
2530 2
2529 2
2528 2
2526 2
1434 2
2522 2
6203 2
2521 2
2520 2
1440 2
2519 2
2538 2
1443 2
2482 2
1447 2
2469 2
1448 2
1449 2
1450 2
2429 2
1451 2
1528 2
6188 2
1516 2
2390 2
1517 2
2389 2
1519 2
2388 2
2562 2
2380 2
1526 2
1527 2
2363 2
2567 2
2361 2
1515 2
1529 2
2359 2
2357 2
6187 2
2355 2
2149 2
1535 2
1536 2
2330 2
2302 2
2301 2
2300 2
2296 2
2293 2
1502 2
2556 2
2403 2
2402 2
2401 2
2399 2
6201 2
1494 2
1495 2
6199 2
6197 2
2396 2
1499 2
1500 2
2395 2
1540 2
1503 2
1504 2
1505 2
2394 2
2393 2
2558 2
1511 2
1512 2
2392 2
2391 2
6196 2
6193 2
6191 2
1830 2
1812 2
3131 2
1975 2
1822 2
2734 2
1968 2
2759 2
1825 2
1826 2
1827 2
1828 2
2761 2
2762 2
1829 2
1962 2
1803 2
1960 2
1831 2
3118 2
1834 2
1838 2
1959 2
1839 2
1840 2
1958 2
1841 2
1952 2
1948 2
1945 2
1944 2
1993 2
2015 2
1765 2
1766 2
2013 2
2008 2
2005 2
2002 2
3134 2
2000 2
1773 2
1996 2
1995 2
1778 2
1994 2
1844 2
2730 2
1782 2
1989 2
1988 2
3133 2
1986 2
1790 2
1981 2
1980 2
1978 2
2731 2
1976 2
3132 2
1800 2
1923 2
2870 2
2869 2
2868 2
1926 2
1882 2
1883 2
2865 2
1886 2
2864 2
1890 2
1892 2
1894 2
1925 2
1924 2
2919 2
1921 2
2845 2
1895 2
1897 2
1899 2
1902 2
1917 2
1916 2
1905 2
1913 2
1906 2
1907 2
2861 2
1909 2
1932 2
1845 2
1846 2
1941 2
2835 2
1939 2
1938 2
1934 2
3101 2
2537 2
3066 2
1852 2
1853 2
2938 2
1933 2
3135 2
1931 2
1862 2
1930 2
1868 2
1929 2
1869 2
1870 2
1871 2
1872 2
1873 2
1928 2
1876 2
2841 2
1881 2
2103 2
2682 2
2127 2
1683 2
1685 2
1686 2
4495 2
2126 2
2125 2
2110 2
2105 2
1693 2
1694 2
1695 2
1696 2
2104 2
2130 2
4494 2
2100 2
2099 2
4493 2
1698 2
2096 2
1699 2
2082 2
4491 2
4490 2
2081 2
1703 2
2684 2
2709 2
2146 2
1655 2
1656 2
2155 2
2152 2
2676 2
2150 2
1911 2
1663 2
1665 2
1666 2
1668 2
2148 2
1670 2
2147 2
1704 2
1671 2
2143 2
1674 2
2142 2
1675 2
2141 2
2139 2
4497 2
1676 2
2138 2
2136 2
2132 2
1677 2
2131 2
2025 2
2031 2
2729 2
1719 2
2030 2
1728 2
2029 2
2028 2
2027 2
1731 2
2026 2
3169 2
1735 2
1736 2
1738 2
2032 2
1739 2
1740 2
2024 2
1756 2
2023 2
2021 2
1759 2
1760 2
3160 2
2020 2
2019 2
2018 2
1763 2
2017 2
2052 2
2070 2
4190 2
2068 2
2063 2
2728 2
1708 2
2061 2
1710 2
1711 2
1712 2
4121 2
4015 2
2054 2
1713 2
2156 2
2051 2
2050 2
1715 2
2045 2
2044 2
2042 2
3530 2
2040 2
2036 2
2035 2
2034 2
3259 2
3248 2
3247 2
400 2
423 2
418 2
414 2
413 2
412 2
411 2
410 2
409 2
408 2
401 2
424 2
399 2
397 2
393 2
388 2
387 2
386 2
384 2
383 2
382 2
448 2
462 2
461 2
460 2
458 2
456 2
455 2
454 2
453 2
451 2
450 2
381 2
446 2
444 2
443 2
441 2
438 2
437 2
436 2
430 2
426 2
316 2
333 2
331 2
330 2
329 2
328 2
327 2
326 2
323 2
320 2
318 2
336 2
315 2
312 2
307 2
303 2
296 2
293 2
292 2
289 2
288 2
353 2
376 2
375 2
374 2
367 2
366 2
365 2
364 2
357 2
355 2
463 2
352 2
351 2
347 2
345 2
344 2
343 2
342 2
340 2
337 2
571 2
593 2
591 2
588 2
585 2
578 2
577 2
576 2
574 2
573 2
572 2
594 2
570 2
569 2
568 2
563 2
562 2
561 2
558 2
557 2
556 2
615 2
641 2
640 2
639 2
638 2
635 2
634 2
632 2
621 2
620 2
555 2
614 2
610 2
605 2
602 2
599 2
598 2
597 2
596 2
595 2
490 2
507 2
504 2
502 2
501 2
499 2
498 2
497 2
495 2
494 2
493 2
509 2
489 2
481 2
480 2
479 2
476 2
473 2
469 2
468 2
467 2
541 2
553 2
552 2
551 2
550 2
548 2
547 2
546 2
543 2
542 2
287 2
540 2
536 2
531 2
530 2
529 2
528 2
527 2
516 2
513 2
84 2
104 2
101 2
100 2
98 2
92 2
91 2
90 2
88 2
87 2
85 2
106 2
83 2
82 2
81 2
79 2
78 2
77 2
76 2
74 2
73 2
129 2
145 2
143 2
142 2
141 2
139 2
138 2
137 2
134 2
133 2
71 2
128 2
126 2
125 2
121 2
120 2
113 2
111 2
110 2
107 2
17 2
37 2
31 2
27 2
26 2
25 2
24 2
22 2
21 2
20 2
18 2
40 2
16 2
14 2
13 2
12 2
11 2
9 2
7 2
5 2
4 2
52 2
67 2
66 2
65 2
63 2
62 2
60 2
59 2
58 2
57 2
146 2
51 2
48 2
47 2
46 2
45 2
44 2
43 2
42 2
41 2
234 2
247 2
245 2
244 2
242 2
241 2
240 2
239 2
238 2
237 2
235 2
248 2
233 2
231 2
225 2
223 2
221 2
218 2
217 2
215 2
211 2
266 2
284 2
283 2
277 2
276 2
275 2
270 2
269 2
268 2
267 2
210 2
265 2
264 2
263 2
260 2
256 2
254 2
253 2
251 2
249 2
165 2
185 2
181 2
180 2
179 2
177 2
176 2
174 2
173 2
169 2
166 2
187 2
164 2
162 2
161 2
160 2
159 2
158 2
157 2
156 2
149 2
199 2
209 2
208 2
207 2
206 2
205 2
203 2
202 2
201 2
200 2
642 2
198 2
197 2
196 2
195 2
194 2
193 2
191 2
190 2
189 2
1182 2
1206 2
1205 2
1204 2
1202 2
1197 2
1195 2
1194 2
1189 2
1188 2
1187 2
1208 2
1181 2
1180 2
1179 2
1178 2
1177 2
1176 2
1175 2
1174 2
1173 2
1225 2
1242 2
1238 2
1237 2
1235 2
1233 2
1231 2
1229 2
1228 2
1227 2
1226 2
1172 2
1224 2
1223 2
1219 2
1216 2
1214 2
1213 2
1212 2
1210 2
1209 2
1093 2
1107 2
1106 2
1105 2
1104 2
1102 2
1101 2
1099 2
1096 2
1095 2
1094 2
1108 2
1090 2
1089 2
1088 2
1087 2
1086 2
1085 2
1084 2
1083 2
1082 2
1135 2
1171 2
1170 2
1150 2
1148 2
1146 2
1143 2
1142 2
1139 2
1138 2
1245 2
1130 2
1129 2
1126 2
1120 2
1115 2
1113 2
1112 2
1110 2
1109 2
1344 2
1366 2
1362 2
1361 2
1359 2
1358 2
1356 2
1351 2
1350 2
1349 2
1345 2
1368 2
1343 2
1342 2
1341 2
1340 2
1339 2
1338 2
1337 2
1336 2
1335 2
1392 2
1426 2
1424 2
1423 2
1422 2
1400 2
1399 2
1398 2
1397 2
1395 2
1334 2
1391 2
1386 2
1381 2
1380 2
1379 2
1376 2
1373 2
1370 2
1369 2
1269 2
1292 2
1290 2
1281 2
1280 2
1278 2
1276 2
1275 2
1274 2
1273 2
1272 2
1293 2
1268 2
1264 2
1258 2
1257 2
1256 2
1255 2
1254 2
1252 2
1246 2
1308 2
1333 2
1332 2
1331 2
1328 2
1324 2
1318 2
1317 2
1316 2
1314 2
1081 2
1306 2
1304 2
1303 2
1302 2
1301 2
1299 2
1298 2
1295 2
1294 2
772 2
786 2
785 2
783 2
782 2
781 2
780 2
776 2
775 2
774 2
773 2
787 2
770 2
768 2
767 2
759 2
758 2
755 2
754 2
753 2
752 2
812 2
831 2
830 2
824 2
821 2
819 2
818 2
816 2
815 2
814 2
751 2
811 2
808 2
807 2
801 2
800 2
799 2
796 2
792 2
788 2
666 2
692 2
690 2
689 2
688 2
683 2
679 2
678 2
676 2
672 2
669 2
695 2
662 2
661 2
655 2
654 2
653 2
652 2
651 2
649 2
648 2
726 2
738 2
736 2
735 2
734 2
732 2
731 2
729 2
728 2
727 2
832 2
724 2
713 2
712 2
711 2
709 2
708 2
703 2
701 2
699 2
984 2
1009 2
1005 2
1003 2
1002 2
1001 2
998 2
992 2
990 2
987 2
986 2
1013 2
980 2
976 2
973 2
970 2
962 2
961 2
957 2
954 2
951 2
1052 2
1079 2
1078 2
1068 2
1067 2
1066 2
1065 2
1064 2
1059 2
1058 2
949 2
1050 2
1046 2
1040 2
1033 2
1028 2
1027 2
1019 2
1017 2
1016 2
865 2
886 2
883 2
880 2
877 2
876 2
874 2
872 2
870 2
869 2
867 2
892 2
860 2
855 2
851 2
848 2
847 2
845 2
843 2
842 2
835 2
920 2
944 2
940 2
933 2
931 2
927 2
926 2
924 2
923 2
921 2
1427 2
919 2
917 2
916 2
915 2
914 2
912 2
911 2
910 2
900 2
6634 3
6946 3
8042 3
8163 3
7574 3
7604 3
5745 3
3809 3
7434 3
7397 3
7652 3
7668 3
8169 3
7857 3
4934 3
7436 3
7440 3
7952 3
8019 3
7994 3
7423 3
7996 3
8090 3
8130 3
8028 3
7590 3
8007 3
8025 3
7407 3
8256 3
8253 3
8040 3
8054 3
8157 3
8255 3
8161 3
8254 3
8252 3
8035 3
8027 3
8010 3
8006 3
7995 3
7938 3
7095 3
7089 3
7087 3
7085 3
7084 3
6633 3
5744 3
4418 3
2625 4
3089 4
1754 4
3034 4
1437 4
3371 4
1777 4
2801 4
4453 4
2345 4
2607 4
3271 4
3255 4
3270 4
5941 4
3281 4
3280 4
3279 4
3278 4
3277 4
3273 4
3272 4
3368 4
3369 4
3370 4
4149 4
4449 4
4450 4
4452 4
4644 4
5930 4
5937 4
5938 4
212 4
2616 4
1775 4
1943 4
2224 4
2344 4
2349 4
2503 4
2527 4
2583 4
2606 4
2610 4
2615 4
3268 4
2624 4
3075 4
3083 4
3085 4
3091 4
3119 4
3124 4
3129 4
3206 4
3207 4
4037 5
8294 5
4256 5
1385 5
5226 5
6124 5
5693 5
2014 5
4884 5
2253 5
1389 5
5231 5
8058 5
7136 5
7139 5
7137 5
7135 5
7133 5
7130 5
7138 5
7597 5
7128 5
7127 5
7125 5
7124 5
6643 5
6636 5
6614 5
6202 5
6160 5
5993 5
5923 5
5919 5
5892 5
8102 5
969 5
8115 5
8114 5
8112 5
8111 5
8110 5
8109 5
8108 5
8106 5
8105 5
8104 5
8103 5
7140 5
8101 5
8100 5
8099 5
8098 5
8066 5
7993 5
7613 5
7611 5
7610 5
7608 5
5265 5
7181 5
4283 5
4906 5
4905 5
4904 5
4903 5
4900 5
4882 5
4624 5
4408 5
4407 5
4405 5
4291 5
4284 5
4908 5
4282 5
1387 5
4083 5
1388 5
3984 5
3918 5
3782 5
3683 5
3471 5
3269 5
2012 5
4923 5
5689 5
5615 5
5261 5
5238 5
5230 5
5229 5
5228 5
5227 5
5225 5
5224 5
4925 5
5690 5
4922 5
4921 5
4920 5
4919 5
4918 5
4917 5
4916 5
4914 5
4913 5
4912 5
4911 5
4400 6
3976 6
4040 6
4402 6
4219 6
5466 6
3887 6
3885 6
5387 6
4776 6
8296 6
6269 6
6164 6
5364 6
3109 6
6083 6
6278 6
4954 6
4650 6
5075 6
6109 6
4684 6
6997 6
5303 6
5388 6
6257 6
5386 6
3742 6
5385 6
5914 6
5913 6
449 6
5917 6
6081 6
6996 6
7953 6
4317 6
3886 6
4322 6
4393 6
4394 6
4395 6
4396 6
4397 6
4398 6
4399 6
4200 6
5381 6
4438 6
4566 6
4630 6
4773 6
3780 6
4800 6
4927 6
5282 6
5380 6
2859 7
3898 7
3962 7
4557 7
4986 7
4886 7
4527 7
4024 7
4944 7
2342 7
5044 7
7257 7
3921 7
7082 7
5674 7
5186 7
7915 7
4985 7
7916 7
4556 7
4555 7
4554 7
4553 7
4198 7
4185 7
4184 7
4023 7
4019 7
7553 8
4110 8
5055 8
7803 8
2781 8
1154 8
2770 8
8134 8
627 8
628 8
657 8
624 8
8138 8
8137 8
8136 8
8135 8
8214 8
8097 8
7805 8
7804 8
7802 8
7801 8
7800 8
8238 8
7550 8
7549 8
7545 8
5054 8
5052 8
4109 8
4108 8
4107 8
4106 8
4105 8
4095 8
3827 8
2779 8
2771 8
2769 8
4687 9
4261 9
4266 9
1473 9
4719 9
5780 9
4706 9
6720 9
4588 9
6400 9
2475 9
3538 9
4677 9
2181 9
4890 9
4889 9
5067 9
5448 9
5552 9
4910 9
4711 9
5764 9
5765 9
4825 9
5890 9
5958 9
5995 9
6207 9
6391 9
6392 9
6393 9
6395 9
6396 9
6397 9
6399 9
6410 9
6411 9
6412 9
6413 9
6717 9
6718 9
6719 9
4697 9
2179 9
2180 9
2437 9
2451 9
2471 9
3515 9
3930 9
3945 9
4366 9
4431 9
4477 9
4692 9
4694 9
4695 9
4696 9
4823 9
4698 9
4699 9
4700 9
4701 9
4702 9
4703 9
4704 9
4707 9
4708 9
4710 9
4714 9
4716 9
4749 9
4755 9
3897 10
4792 10
4485 10
4551 10
2307 10
4098 10
4218 10
5323 10
4482 10
4876 10
3616 10
2914 10
5298 10
7292 10
7899 10
8079 10
7909 10
5435 10
8077 10
7291 10
5813 10
5803 10
5797 10
5595 10
5594 10
4232 10
3210 10
5001 10
5000 10
3613 10
3895 10
3896 10
4533 10
4194 10
4217 10
4828 11
4827 11
1310 11
644 11
4977 11
1372 11
5564 11
4621 11
6472 11
6162 11
6041 11
6106 11
6464 11
5481 11
5663 11
5470 11
6721 11
5955 11
5434 11
6054 11
5665 11
1309 11
5085 11
1311 11
6470 11
1312 11
1313 11
4434 11
6092 11
6091 11
6070 11
4741 11
5704 11
4826 11
5662 11
4881 11
5497 11
5496 11
5495 11
5494 11
4978 11
4979 11
5405 11
5117 11
5116 11
7862 12
4983 12
7860 12
8174 12
8192 12
8043 12
8024 12
8195 12
4130 12
8194 12
8193 12
8172 12
8171 12
8170 12
8063 12
8057 12
8056 12
8055 12
7893 12
7864 12
7843 12
7189 12
5060 12
5032 12
5031 12
4771 12
5563 13
3873 13
7882 13
8038 13
8033 13
5561 13
6240 13
6928 13
7883 13
7884 13
5204 14
3284 14
4233 14
4424 14
5092 14
4234 14
4173 14
3506 14
3942 14
3939 14
5043 14
4171 14
4204 14
4170 14
4423 14
4467 14
5077 14
5078 14
5086 14
5087 14
5088 14
5091 14
3941 14
4798 15
4212 15
4103 15
5807 15
2223 15
1613 15
8148 15
6805 15
5350 15
4815 15
4639 15
5740 15
7534 15
5362 15
4799 15
4638 15
4383 15
6208 15
6379 15
6381 15
2222 15
8131 15
8146 15
8147 15
2221 15
4247 16
2433 16
2435 16
4463 16
4199 16
4500 16
1961 16
5601 16
4516 16
4523 16
4593 16
5081 16
5598 16
5599 16
5600 16
4461 16
5602 16
5603 16
5652 16
5653 16
6519 16
6520 16
6521 16
4462 16
4460 16
4458 16
4313 16
4246 16
4245 16
4244 16
4243 16
4242 16
4241 16
4240 16
4208 16
4147 16
3992 16
2047 16
3321 17
4999 17
2325 17
3320 17
3871 17
7442 17
7694 17
3870 17
7441 17
4864 17
4850 17
4842 17
4663 17
4660 17
4659 17
4655 17
3872 17
511 17
3869 17
3490 17
3323 17
3322 17
3208 17
2886 17
2467 17
2319 17
2309 17
5404 18
6833 18
6255 18
4276 18
7221 18
3989 18
7220 18
6836 18
6835 18
6834 18
6771 18
6658 18
6254 18
6253 18
6252 18
6190 18
6158 18
6157 18
6155 18
6069 18
5668 18
5456 18
5332 18
4862 18
4459 18
5288 19
7115 19
4361 19
4365 19
7201 19
7345 19
4360 19
7342 19
7193 19
7192 19
7114 19
7112 19
7111 19
7109 19
5287 19
5284 19
5283 19
5281 19
5280 19
4362 19
4661 20
4269 20
4689 20
5527 20
7855 20
4267 20
4446 20
4560 20
6383 20
6572 20
6573 20
7854 20
4011 21
3140 21
3201 21
4216 21
4010 21
4569 21
5412 22
5406 22
5397 22
7699 23
7890 23
5790 23
6029 23
5789 23
6039 23
7698 23
7886 23
7887 23
7888 23
7889 23
4071 24
1859 24
3460 24
6296 24
1858 24
5267 24
7719 24
1856 24
6297 24
6295 24
6294 24
6293 24
6292 24
6291 24
5353 24
5352 24
5333 24
5202 24
4683 24
4674 24
1860 24
3498 25
5073 25
5072 25
6174 25
4331 25
4837 25
4852 25
5751 25
5752 25
6175 25
6176 25
6177 25
7770 25
4709 26
6458 26
7108 26
3106 26
6765 26
6670 26
7273 26
6546 26
544 26
5195 26
7107 26
7106 26
7103 26
6947 26
6767 26
5247 26
6764 26
5248 26
6450 26
6459 26
5249 26
6457 26
6456 26
6455 26
6454 26
6453 26
6452 26
6451 26
1638 27
1661 27
1637 27
1103 27
2946 27
4580 27
1659 27
1660 27
1632 27
1784 27
1785 27
2748 27
2749 27
2944 27
2945 27
1607 27
1329 27
4796 28
4534 28
1548 28
4791 28
7879 28
4786 28
4648 28
6535 28
4793 28
6534 28
6533 28
6319 28
6536 28
6539 28
5590 28
7878 28
5541 28
4870 28
4794 28
4790 28
4789 28
4787 28
4785 28
3890 28
3354 28
3305 28
2188 28
5479 29
4373 29
1680 29
4315 29
5222 29
3980 29
4726 29
6516 29
5278 29
5277 29
5275 29
5232 29
5221 29
5220 29
5219 29
5218 29
4372 29
4371 29
4370 29
4369 29
4368 29
4344 29
3563 29
3246 29
6334 30
6330 30
3792 30
6985 30
3662 30
6974 30
6954 30
6864 30
6863 30
6862 30
6861 30
6829 30
6489 30
6333 30
6332 30
6331 30
6312 30
5921 30
5540 30
5095 30
4425 30
5452 31
5897 31
5499 31
7351 31
7073 31
3554 31
5500 31
5501 31
7602 31
7360 31
7270 31
7072 31
7071 31
7070 31
5544 31
434 31
4496 31
4456 31
3983 31
3889 31
2793 31
1633 32
3408 32
3338 32
1630 32
3211 32
3389 32
3405 32
3407 32
4875 33
7116 33
4801 33
4867 33
4868 33
4869 33
4871 33
4872 33
4873 33
6112 33
6113 33
1049 34
2963 34
769 34
1465 34
1044 34
2721 34
3025 34
2962 34
2961 34
2960 34
2858 34
2725 34
2723 34
2722 34
2569 34
2434 34
2306 34
1560 34
1383 34
1072 34
1071 34
1070 34
1048 34
1047 34
1045 34
1031 35
2354 35
2490 35
5868 35
1011 35
5866 35
5864 35
5348 35
5347 35
5346 35
5345 35
5344 35
5343 35
5198 35
4833 35
4765 35
4104 35
2489 35
2353 35
2352 35
2351 35
2038 35
1709 35
5200 36
5463 36
5465 36
5215 36
6262 36
7623 36
1244 36
6326 36
6265 36
6264 36
6263 36
6192 36
6132 36
5461 36
5460 36
5214 36
5213 36
5152 36
930 37
1159 37
1157 37
1156 37
2409 37
6005 37
6003 37
4307 37
4306 37
4305 37
4304 37
3621 37
3620 37
1946 37
1161 37
1158 37
1155 37
4179 38
4175 38
6498 38
5936 38
6013 38
6497 38
6428 38
6022 38
6019 38
6018 38
6017 38
6015 38
6014 38
2196 38
5942 38
4178 38
4177 38
4176 38
4174 38
2715 38
3117 39
3114 39
3112 39
3113 39
3878 39
5061 40
5651 40
5850 40
6407 40
2386 40
4993 40
6360 40
4145 40
4856 40
5080 40
5785 40
5846 40
6230 40
6406 40
4780 41
5285 41
4777 41
4778 41
5255 41
5312 41
4586 41
5516 41
5627 41
5636 41
5645 41
6656 41
1646 42
1648 42
2339 42
2764 42
2768 42
2335 42
2336 42
2337 42
2334 42
2346 42
1645 42
2766 42
2767 42
4909 42
5578 42
5579 42
5580 42
5581 42
5583 42
2877 43
5683 43
2928 43
1524 43
1692 43
1523 43
1690 43
2876 43
2924 43
2929 43
2930 43
2931 43
5649 43
5682 43
417 44
226 44
435 44
431 44
422 44
433 44
416 44
3391 44
3550 44
3551 44
3552 44
2643 45
285 45
1884 45
286 45
2638 45
3412 45
3411 45
2642 45
2641 45
2640 45
2639 45
2637 45
2636 45
2635 45
2634 45
2633 45
2586 45
1863 45
1412 46
1403 46
2079 46
1411 46
7222 46
7240 46
1346 46
5090 46
1867 46
1866 46
1421 46
1410 46
1409 46
1408 46
1406 46
1405 46
1404 46
1355 46
5144 47
5083 47
4929 47
5417 47
5141 47
5120 47
4936 47
5084 47
5126 47
5138 47
5216 47
5416 47
5477 47
299 48
298 48
5793 48
294 48
297 48
492 48
1325 48
1327 48
3473 49
966 49
972 49
938 49
963 49
965 49
1436 49
3467 49
6347 50
5106 50
4055 50
5664 50
7365 50
7297 50
5104 50
6819 50
6818 50
5269 50
5105 50
1401 50
4166 50
4165 50
4163 50
4155 50
4125 50
4079 50
3932 50
2985 50
1726 51
1723 51
1721 51
1724 51
1725 51
2846 51
2847 51
2848 51
2849 51
2850 51
2853 51
1744 52
2384 52
3435 52
1746 52
3999 52
3610 52
4053 52
4016 52
3707 52
3706 52
3705 52
3704 52
3703 52
3702 52
3686 52
404 52
2752 52
2444 52
1745 52
1743 52
1742 52
804 52
3010 53
3717 53
3549 53
539 53
3197 53
3540 53
3715 53
4034 53
4035 53
7214 54
6869 54
7210 54
7211 54
7212 54
5459 55
5713 55
5710 55
5711 55
5712 55
5210 56
748 56
5209 56
8062 56
8064 56
8065 56
3346 57
3021 57
3806 57
4507 57
3040 57
3300 57
4492 57
4508 57
6541 57
6542 57
7877 57
8126 57
1893 58
1811 58
1805 58
3266 58
1764 58
1804 58
1806 58
1809 58
1810 58
1887 58
1889 58
1026 59
1021 59
1025 59
7576 59
7577 59
7581 59
4401 60
6897 60
8073 60
7393 60
8139 60
8227 60
668 60
7840 60
6380 60
7831 60
8005 60
5445 61
4263 61
7315 61
1914 61
3249 61
3367 61
4186 61
4229 61
4259 61
4260 61
4602 61
5781 61
8293 62
3235 62
3424 62
4028 62
4025 62
3500 62
3497 62
3494 62
3493 62
3427 62
3426 62
3229 62
3423 62
3418 62
3416 62
3234 62
3232 62
3231 62
3230 62
5375 62
5370 62
5371 62
5372 62
5373 62
5374 62
2316 62
2321 62
3233 62
3425 62
3495 62
863 63
887 63
849 63
637 63
906 63
862 63
888 63
889 63
890 63
891 63
902 63
905 63
1650 63
5886 64
4480 64
1793 64
1375 64
3679 64
4473 64
4474 64
4475 64
4478 64
4479 64
5883 64
5884 64
3803 65
4962 65
4797 65
1060 65
3801 65
4285 65
4901 65
4510 66
4051 66
4050 66
3130 67
3126 67
3128 67
95 68
10 68
108 68
8283 68
96 68
102 68
112 68
114 68
115 68
116 68
117 68
118 68
119 68
123 68
124 68
3946 69
1953 69
827 69
3441 69
1565 70
2385 70
2329 70
1798 70
1797 70
5963 71
5640 71
5837 71
2295 71
5093 71
5833 71
5885 71
5959 71
5962 71
5964 71
1247 72
5384 72
5432 72
6682 72
7287 72
1008 72
7286 72
7285 72
7284 72
7283 72
7282 72
7123 72
7122 72
6915 72
6683 72
6026 72
5431 72
3355 72
2814 73
1654 73
1653 73
2813 73
2470 74
2888 74
2460 74
2461 74
2463 74
2464 74
2465 74
2466 74
2887 74
2459 74
2890 74
2891 74
2892 74
2893 74
2894 74
2895 74
2896 74
2094 74
2457 74
2455 74
2454 74
2453 74
2450 74
2449 74
2448 74
2447 74
2446 74
2445 74
2443 74
2442 74
2441 74
2439 74
2438 74
719 75
715 75
723 75
3808 75
717 75
1282 75
305 75
716 75
718 75
720 75
721 75
1271 75
6148 76
4654 76
5064 76
6709 76
8199 76
3340 76
8189 76
7828 76
7827 76
7826 76
6147 76
6145 76
6144 76
6143 76
6142 76
6141 76
5065 76
5024 76
1012 77
1218 77
2571 77
447 77
2247 77
5305 78
5239 78
5840 78
5841 78
5842 78
2809 79
2341 79
2340 79
1955 79
2561 79
2808 79
7306 80
6098 80
5162 81
8178 81
7928 81
7472 81
8184 81
8183 81
8182 81
8181 81
8180 81
8179 81
8177 81
8145 81
7969 81
7853 81
7771 81
2011 81
5982 81
5167 81
5164 81
5163 81
5161 81
5159 81
5158 81
5154 81
4853 81
4821 81
4693 81
4308 81
1802 82
1788 82
1758 82
1753 82
1755 82
4349 83
4341 83
4340 83
4346 83
4348 83
7563 83
4345 83
3529 84
3520 84
3524 84
5155 85
4468 85
5311 85
5271 85
6529 85
5260 85
5363 85
222 85
5240 85
4595 85
4636 85
5455 85
5473 85
7927 86
7924 86
7605 86
7922 86
7923 86
7925 86
8190 86
7757 87
4558 87
7751 87
5947 88
5705 88
6021 88
5558 88
5944 88
1200 89
2053 89
3138 89
2866 89
2903 89
2905 89
3137 89
2185 90
2182 90
2095 90
2112 90
2092 90
2496 90
2084 90
2495 90
2494 90
2492 90
2491 90
2462 90
2184 90
2183 90
2090 90
2089 90
2088 90
2087 90
2086 90
6955 91
6953 91
5545 92
4631 92
6214 92
6215 92
4646 93
4645 93
2991 94
2993 94
2177 94
2417 94
2965 94
2992 94
2994 94
3070 94
5449 95
6600 96
4134 96
6601 96
6602 96
6603 96
6604 96
6896 96
6940 96
1018 97
5623 97
4728 97
521 97
4312 97
4705 97
4727 97
5447 97
5604 97
5622 97
6930 98
3772 98
6929 98
3847 99
1901 99
1900 99
3844 99
5925 100
5784 100
5924 100
1191 101
5650 101
6088 101
5648 101
3307 102
3285 102
3298 102
3299 102
3302 102
3303 102
6739 103
6737 103
6735 103
6738 103
8260 103
8261 103
5891 104
5887 104
5888 104
5889 104
3776 105
391 105
3774 105
5100 106
5097 106
4604 107
6532 107
4605 107
6621 107
4603 107
6561 107
7144 108
7146 108
7145 108
370 109
368 109
369 109
5335 110
6281 110
6282 110
1442 111
1446 111
1444 111
295 111
1262 111
1445 111
1681 111
1682 111
2218 111
2219 111
5130 112
5122 112
5124 112
5127 112
5128 112
5129 112
4417 113
4412 113
4320 113
4414 113
6695 113
6696 113
7763 114
7243 114
7758 114
7760 114
7761 114
7762 114
7728 114
8198 115
5511 115
3176 115
5510 115
5512 115
5686 115
8092 115
8196 115
8197 115
363 116
362 116
301 116
7871 117
7867 117
7868 117
7870 117
1393 118
2575 118
2572 118
2573 118
2574 118
2875 118
5848 119
8291 120
2260 120
2261 120
2262 120
2755 120
2499 121
1636 121
2754 122
2753 122
8246 123
8037 123
2579 124
5637 125
4049 126
675 126
4048 126
5392 127
5390 127
4529 128
332 129
2418 129
5509 130
5507 130
5508 130
613 131
4078 131
349 131
612 131
1250 132
322 133
314 133
309 133
5732 134
5729 134
5730 134
5731 134
2273 135
2267 135
2268 135
2270 135
2269 135
2977 136
7986 137
7653 137
746 138
744 138
745 138
6161 139
6130 139
6135 139
6511 140
6462 140
5440 140
6471 140
2777 141
2776 141
2563 141
2821 142
2818 142
2817 142
2589 143
5539 144
5245 145
5242 145
5244 145
5241 145
6589 146
524 147
525 147
519 147
520 147
522 147
523 147
1771 148
1770 148
1761 148
5559 149
2604 150
2603 150
8288 151
983 151
1576 151
5308 152
3856 153
8284 154
472 154
6009 155
5146 156
5115 157
5926 158
2629 159
2484 160
2370 160
5426 161
3713 162
3711 162
3712 162
2910 163
6691 164
6687 164
6688 164
6689 164
6690 164
3797 165
3795 165
3669 166
3668 166
1821 166
2939 166
694 167
693 167
5442 168
5286 168
2423 169
5533 170
5631 171
8286 172
486 172
5503 173
103 173
3378 173
3786 173
554 174
2906 174
3593 174
3594 174
6826 175
5656 175
6965 176
6609 176
7034 177
7957 177
457 177
8076 178
8074 178
8075 178
4544 179
4543 179
4542 179
7467 180
7465 180
7466 180
2420 181
2419 181
2113 181
7033 182
7031 182
7032 182
4237 183
4236 183
4128 183
6904 184
6903 184
395 184
1971 185
766 185
4413 186
3777 186
6623 187
6622 187
6871 188
5815 188
8089 189
8088 189
7495 190
7494 190
8015 191
8014 191
7973 192
7972 192
3708 193
3578 193
4168 194
4167 194
7982 195
7981 195
7195 196
7194 196
7191 197
7190 197
6267 198
6266 198
6025 199
6002 199
6791 200
5997 200
5767 201
5766 201
6090 202
6089 202
5679 203
5678 203
5971 204
5970 204
6101 205
6100 205
4541 206
4540 206
6259 207
6258 207
3195 208
3194 208
2305 209
2304 209
3245 210
3244 210
6757 211
6751 211
5414 212
5413 212
5726 213
4486 213
4539 214
4455 214
4521 215
4045 215
4896 216
68 216
5051 217
4756 218
4843 219
5050 220
5916 221
4970 222
8162 223
5016 224
5013 225
5009 226
4874 227
5008 228
4898 229
5006 230
4989 231
4926 232
4988 233
4943 234
4982 235
4976 236
5616 237
5462 238
5468 239
5478 240
6612 241
5489 242
6504 243
5515 244
5528 245
5608 246
7064 247
5707 248
6045 249
5770 250
5808 251
5946 252
5945 253
5940 254
8222 255
5207 256
5110 257
5118 258
8012 259
5139 260
5151 261
5160 262
5184 263
5203 264
5099 265
7968 266
7768 267
5243 268
5250 269
5313 270
5336 271
7425 272
5396 273
2215 274
1647 275
1691 276
1720 277
1722 278
1789 279
1807 280
1874 281
1891 282
1937 283
2033 284
2067 285
2115 286
2153 287
2172 288
2186 289
1639 290
2226 291
2249 292
2272 293
2274 294
2343 295
2367 296
2387 297
2458 298
2480 299
2523 300
2614 301
2688 302
2738 303
2757 304
2778 305
1063 306
136 307
335 308
583 309
625 310
646 311
854 312
898 313
899 314
964 315
996 316
1010 317
1037 318
1041 319
1042 320
1051 321
2807 322
1098 323
1132 324
1133 325
1169 326
1184 327
1207 328
1215 329
1320 330
1354 331
1463 332
1470 333
1522 334
1530 335
1623 336
4205 337
3876 338
3900 339
3960 340
3982 341
3985 342
3991 343
4036 344
4070 345
4073 346
4082 347
4116 348
4140 349
4144 350
4164 351
4187 352
3845 353
4222 354
4326 355
4329 356
4342 357
4343 358
4363 359
4364 360
4451 361
4476 362
4487 363
4489 364
4576 365
4616 366
4681 367
4686 368
3466 369
2855 370
2863 371
2907 372
2936 373
2987 374
2988 375
3035 376
3057 377
3088 378
3227 379
3345 380
3366 381
3390 382
3403 383
3449 384
4718 385
3478 386
3492 387
3499 388
3522 389
3535 390
3601 391
3641 392
3666 393
3692 394
3723 395
3728 396
3743 397
3751 398
3764 399
