5131 32 2
4620 32 2
2061 32 2
5132 32 2
4111 32 2
4112 32 2
4113 32 2
3615 32 2
6700 32 2
2614 32 2
4669 32 2
3651 32 2
2629 32 2
4166 32 2
4167 32 2
5193 32 2
5194 32 2
3659 32 2
4171 32 2
4172 32 2
5195 32 2
5196 32 2
6735 32 2
6230 32 2
2135 32 2
2138 32 2
2139 32 2
2140 32 2
6238 32 2
2144 32 2
7273 32 2
2154 32 2
6767 32 2
1651 32 2
1652 32 2
1653 32 2
1654 32 2
631 32 2
1655 32 2
1656 32 2
1657 32 2
1658 32 2
1659 32 2
1660 32 2
1662 32 2
1661 32 2
1664 32 2
1665 32 2
1666 32 2
1667 32 2
1668 32 2
1669 32 2
1670 32 2
1671 32 2
1672 32 2
1673 32 2
1674 32 2
638 32 2
1676 32 2
653 32 2
1677 32 2
1678 32 2
6283 32 2
6794 32 2
6795 32 2
663 32 2
664 32 2
665 32 2
3748 32 2
3749 32 2
5288 32 2
6312 32 2
1663 32 2
6833 32 2
2232 32 2
2233 32 2
2234 32 2
2235 32 2
2236 32 2
4281 32 2
6336 32 2
5825 32 2
5826 32 2
3268 32 2
2251 32 2
7373 32 2
4304 32 2
1237 32 2
1238 32 2
4822 32 2
4823 32 2
7386 32 2
5879 32 2
5880 32 2
5882 32 2
3323 32 2
3326 32 2
3341 32 2
5910 32 2
5911 32 2
6935 32 2
7283 32 2
3365 32 2
3366 32 2
3367 32 2
3368 32 2
3369 32 2
4389 32 2
5413 32 2
5414 32 2
5415 32 2
5416 32 2
6440 32 2
4407 32 2
6462 32 2
6463 32 2
6464 32 2
3393 32 2
6465 32 2
836 32 2
5444 32 2
1350 32 2
5959 32 2
4950 32 2
4951 32 2
5479 32 2
5480 32 2
5481 32 2
5482 32 2
5483 32 2
5993 32 2
3950 32 2
3952 32 2
4464 32 2
4976 32 2
7031 32 2
7033 32 2
7042 32 2
7058 32 2
7059 32 2
7060 32 2
7068 32 2
1950 32 2
5540 32 2
424 32 2
5037 32 2
2491 32 2
2492 32 2
5052 32 2
5053 32 2
5054 32 2
5055 32 2
5056 32 2
5057 32 2
5058 32 2
5059 32 2
454 32 2
4551 32 2
4041 32 2
4042 32 2
4043 32 2
5066 32 2
6610 32 2
5601 32 2
5099 32 2
6640 32 2
6641 32 2
7 2 65
8 2 68
9 2 68
10 2 65
11 2 65
15 2 68
17 2 68
19 2 65
20 2 65
21 2 122
24 2 68
249 2 155
250 2 65
302 2 65
319 2 65
326 2 65
338 2 65
339 2 65
340 2 65
364 2 68
368 2 65
369 2 65
370 2 65
374 2 65
375 2 65
376 2 65
377 2 65
378 2 65
379 2 65
380 2 65
381 2 65
382 2 65
385 2 68
386 2 68
387 2 65
389 2 65
392 2 65
398 2 65
400 2 65
401 2 65
408 2 65
411 2 68
415 2 65
416 2 65
421 2 65
422 2 65
423 2 65
426 2 65
428 2 65
429 2 65
430 2 65
434 2 65
435 2 65
436 2 65
437 2 65
439 2 65
441 2 65
442 2 65
443 2 122
445 2 65
447 2 155
448 2 65
450 2 65
451 2 65
452 2 65
456 2 122
457 2 65
461 2 65
462 2 65
465 2 68
466 2 65
468 2 122
469 2 65
470 2 65
472 2 122
474 2 65
475 2 65
476 2 68
477 2 65
478 2 65
481 2 65
482 2 65
483 2 65
484 2 65
485 2 65
486 2 65
487 2 65
489 2 65
490 2 65
491 2 65
492 2 65
493 2 65
494 2 68
495 2 65
496 2 65
498 2 122
499 2 65
500 2 65
501 2 65
502 2 65
503 2 65
504 2 65
505 2 65
506 2 65
508 2 65
510 2 65
511 2 65
512 2 65
514 2 68
515 2 65
516 2 65
517 2 65
518 2 65
519 2 65
520 2 65
521 2 65
522 2 65
524 2 65
526 2 65
527 2 65
528 2 65
529 2 65
530 2 65
534 2 65
536 2 65
541 2 65
544 2 122
547 2 65
550 2 65
555 2 65
560 2 65
561 2 65
565 2 65
567 2 65
571 2 65
575 2 65
576 2 65
579 2 65
580 2 65
582 2 68
583 2 65
585 2 65
586 2 68
589 2 65
590 2 65
592 2 65
594 2 65
595 2 65
596 2 65
599 2 65
601 2 65
604 2 65
605 2 65
607 2 65
609 2 155
610 2 65
612 2 65
613 2 65
614 2 65
616 2 65
619 2 65
620 2 65
621 2 68
624 2 65
625 2 65
627 2 68
628 2 65
634 2 65
637 2 65
640 2 65
641 2 65
643 2 65
647 2 68
650 2 65
654 2 65
656 2 65
657 2 65
658 2 65
660 2 65
667 2 65
668 2 65
669 2 65
672 2 65
673 2 65
677 2 155
681 2 65
684 2 68
685 2 65
687 2 65
690 2 122
691 2 65
692 2 65
695 2 65
698 2 65
699 2 155
700 2 65
701 2 65
702 2 65
705 2 65
707 2 65
709 2 65
712 2 65
714 2 65
715 2 65
721 2 68
729 2 65
730 2 65
732 2 65
736 2 65
738 2 65
742 2 65
743 2 65
746 2 65
748 2 65
750 2 65
752 2 122
753 2 65
755 2 65
756 2 65
757 2 65
758 2 65
759 2 65
760 2 65
761 2 65
762 2 65
763 2 65
764 2 65
765 2 65
767 2 65
768 2 65
771 2 122
772 2 65
773 2 65
774 2 65
776 2 65
779 2 65
780 2 65
782 2 65
783 2 65
785 2 68
787 2 65
789 2 68
790 2 68
791 2 68
792 2 65
793 2 65
794 2 65
796 2 65
799 2 68
802 2 65
803 2 122
804 2 68
805 2 65
810 2 65
821 2 68
822 2 68
826 2 65
827 2 122
830 2 65
831 2 68
835 2 65
838 2 65
840 2 65
844 2 65
845 2 65
851 2 68
878 2 65
879 2 65
880 2 68
881 2 65
882 2 122
925 2 68
946 2 65
947 2 65
952 2 65
1016 2 65
1075 2 65
1080 2 68
1082 2 68
1136 2 122
1137 2 155
1138 2 65
1139 2 65
1140 2 122
1141 2 65
1142 2 65
1143 2 122
1144 2 65
1145 2 65
1146 2 65
1147 2 65
1148 2 65
1149 2 65
1150 2 65
1151 2 65
1152 2 65
1153 2 65
1154 2 65
1155 2 65
1156 2 65
1157 2 65
1158 2 65
1159 2 65
1160 2 65
1161 2 65
1162 2 65
1163 2 65
1164 2 65
1165 2 65
1166 2 65
1167 2 65
1168 2 122
1170 2 122
1171 2 122
1172 2 122
1173 2 122
1174 2 122
1175 2 122
1176 2 122
1177 2 122
1178 2 122
1179 2 122
1180 2 122
1181 2 122
1182 2 122
1183 2 122
1184 2 122
1185 2 122
1186 2 122
1187 2 122
1188 2 122
1189 2 122
1191 2 122
1192 2 122
1193 2 122
1194 2 122
1195 2 122
1196 2 122
1197 2 122
1198 2 122
1199 2 122
1200 2 122
1201 2 122
1202 2 122
1203 2 122
1204 2 122
1205 2 122
1206 2 122
1207 2 122
1208 2 122
1209 2 122
1210 2 122
1211 2 122
1212 2 122
1213 2 65
1214 2 122
1217 2 122
1232 2 68
1265 2 65
1269 2 155
1273 2 65
1280 2 68
1294 2 68
1341 2 65
1342 2 65
1343 2 65
1344 2 65
1345 2 65
1347 2 65
1367 2 155
1400 2 68
1402 2 65
1427 2 65
1428 2 65
1443 2 65
1444 2 65
1445 2 65
1446 2 65
1447 2 65
1448 2 65
1449 2 65
1450 2 65
1451 2 65
1452 2 65
1453 2 65
1454 2 65
1455 2 65
1456 2 65
1457 2 65
1458 2 65
1459 2 65
1460 2 65
1461 2 65
1462 2 65
1463 2 65
1464 2 65
1465 2 65
1466 2 65
1467 2 65
1468 2 65
1469 2 65
1470 2 65
1471 2 65
1472 2 65
1473 2 65
1474 2 65
1475 2 65
1476 2 65
1477 2 65
1478 2 65
1479 2 65
1480 2 65
1481 2 65
1485 2 122
1486 2 65
1487 2 65
1488 2 65
1489 2 65
1490 2 65
1491 2 65
1492 2 65
1493 2 68
1494 2 155
1495 2 155
1496 2 155
1497 2 155
1498 2 155
1499 2 155
1500 2 155
1501 2 155
1502 2 155
1503 2 155
1504 2 155
1505 2 155
1506 2 155
1507 2 155
1508 2 155
1509 2 155
1510 2 155
1511 2 65
1512 2 155
1513 2 155
1514 2 155
1515 2 155
1516 2 155
1517 2 155
1518 2 155
1519 2 155
1520 2 155
1521 2 155
1522 2 155
1523 2 155
1524 2 155
1525 2 155
1526 2 155
1527 2 155
1530 2 65
1531 2 68
1532 2 68
1539 2 65
1540 2 65
1541 2 65
1542 2 65
1543 2 65
1558 2 65
1561 2 122
1563 2 155
1564 2 155
1565 2 65
1583 2 65
1584 2 65
1585 2 68
1586 2 65
1587 2 65
1588 2 65
1589 2 65
1590 2 65
1591 2 65
1592 2 65
1593 2 65
1594 2 65
1595 2 65
1596 2 65
1597 2 65
1598 2 65
1599 2 65
1600 2 65
1601 2 65
1602 2 65
1603 2 65
1604 2 65
1605 2 65
1606 2 65
1607 2 65
1608 2 65
1609 2 65
1610 2 65
1611 2 65
1612 2 65
1613 2 65
1614 2 65
1615 2 65
1616 2 65
1617 2 65
1618 2 65
1619 2 65
1620 2 65
1621 2 65
1622 2 65
1623 2 65
1624 2 65
1625 2 65
1626 2 65
1627 2 65
1628 2 65
1629 2 65
1630 2 65
1631 2 65
1632 2 65
1633 2 65
1634 2 65
1635 2 65
1636 2 65
1637 2 65
1638 2 65
1639 2 65
1640 2 68
1679 2 65
1680 2 65
1681 2 65
1688 2 68
1689 2 68
1690 2 65
1691 2 65
1692 2 122
1693 2 65
1694 2 65
1695 2 65
1696 2 65
1697 2 65
1698 2 65
1699 2 65
1719 2 65
1720 2 68
1721 2 68
1722 2 68
1723 2 68
1724 2 65
1726 2 155
1728 2 65
1729 2 65
1730 2 122
1731 2 122
1732 2 122
1733 2 122
1736 2 65
1737 2 65
1788 2 65
1811 2 65
1815 2 68
1817 2 68
1846 2 65
1849 2 122
1850 2 65
1851 2 65
1854 2 122
1855 2 122
1856 2 122
1857 2 65
1858 2 68
1859 2 68
1860 2 68
1861 2 155
1862 2 122
1863 2 65
1864 2 122
1865 2 65
1867 2 68
1868 2 122
1869 2 68
1871 2 65
1872 2 122
1873 2 155
1874 2 65
1876 2 122
1879 2 155
1887 2 65
1888 2 155
1893 2 68
1894 2 68
1895 2 68
1896 2 68
1900 2 68
1901 2 68
1902 2 68
1903 2 68
1905 2 68
1907 2 65
1909 2 68
1912 2 65
1918 2 155
1919 2 68
1921 2 68
1926 2 65
1928 2 122
1929 2 122
1930 2 122
1931 2 65
1934 2 65
1935 2 65
1936 2 65
1937 2 65
1939 2 65
1940 2 65
1944 2 65
1945 2 65
1946 2 65
1947 2 65
1948 2 65
1951 2 65
1952 2 65
1954 2 65
1955 2 65
1958 2 65
1959 2 65
1963 2 65
1971 2 65
1972 2 68
1973 2 65
1985 2 65
2006 2 65
2012 2 65
2025 2 65
2031 2 65
2032 2 65
2035 2 65
2045 2 65
2047 2 65
2050 2 65
2052 2 65
2054 2 65
2057 2 65
2058 2 65
2059 2 65
2060 2 65
2062 2 65
2065 2 65
2066 2 68
2069 2 65
2071 2 65
2072 2 155
2073 2 65
2074 2 65
2075 2 65
2078 2 65
2080 2 122
2081 2 122
2082 2 65
2083 2 122
2129 2 68
2141 2 65
2142 2 65
2143 2 122
2145 2 65
2146 2 68
2147 2 65
2153 2 65
2156 2 65
2179 2 65
2239 2 65
2243 2 122
2244 2 68
2245 2 68
2247 2 65
2277 2 122
2311 2 122
2317 2 65
2343 2 65
2353 2 65
2355 2 65
2356 2 65
2357 2 122
2363 2 65
2373 2 65
2375 2 68
2376 2 68
2377 2 68
2378 2 68
2379 2 68
2385 2 65
2386 2 65
2387 2 65
2390 2 65
2391 2 68
2392 2 68
2393 2 68
2394 2 68
2398 2 65
2399 2 65
2400 2 65
2401 2 65
2402 2 65
2403 2 65
2404 2 65
2408 2 122
2410 2 65
2414 2 65
2415 2 65
2417 2 65
2418 2 65
2419 2 65
2420 2 65
2421 2 65
2422 2 65
2423 2 65
2424 2 65
2425 2 65
2426 2 65
2427 2 65
2428 2 65
2429 2 65
2430 2 65
2431 2 65
2432 2 65
2433 2 65
2434 2 65
2436 2 65
2437 2 65
2438 2 65
2439 2 65
2440 2 65
2441 2 65
2442 2 65
2443 2 65
2444 2 65
2445 2 65
2446 2 65
2451 2 68
2452 2 65
2453 2 65
2454 2 65
2455 2 65
2456 2 65
2457 2 65
2458 2 65
2459 2 65
2460 2 65
2461 2 65
2462 2 65
2463 2 65
2464 2 65
2465 2 65
2466 2 65
2467 2 65
2468 2 65
2469 2 65
2470 2 65
2471 2 65
2472 2 65
2473 2 65
2474 2 65
2475 2 65
2476 2 65
2477 2 65
2478 2 122
2479 2 155
2480 2 65
2481 2 65
2484 2 65
2486 2 65
2488 2 155
2490 2 65
2506 2 155
2525 2 65
2553 2 65
2554 2 65
2555 2 65
2556 2 65
2557 2 65
2560 2 65
2561 2 65
2562 2 65
2563 2 65
2564 2 68
2567 2 65
2568 2 65
2569 2 68
2581 2 122
2582 2 122
2586 2 122
2587 2 155
2588 2 65
2589 2 65
2590 2 65
2591 2 68
2592 2 65
2593 2 65
2594 2 68
2602 2 68
2604 2 68
2605 2 122
2606 2 65
2607 2 122
2608 2 65
2609 2 65
2610 2 155
2611 2 65
2612 2 65
2613 2 65
2615 2 65
2616 2 65
2617 2 122
2618 2 155
2619 2 155
2620 2 65
2621 2 122
2622 2 65
2625 2 155
2626 2 155
2627 2 155
2630 2 122
2631 2 65
2632 2 65
2633 2 155
2634 2 65
2637 2 65
2641 2 65
2643 2 122
2649 2 68
2650 2 68
2669 2 65
2672 2 65
2674 2 122
2683 2 122
2685 2 65
2686 2 122
2688 2 122
2691 2 65
2692 2 65
2693 2 122
2695 2 65
2706 2 65
2707 2 65
2711 2 65
2712 2 68
2713 2 65
2718 2 65
2719 2 65
2721 2 65
2722 2 65
2723 2 65
2724 2 65
2725 2 65
2726 2 65
2727 2 65
2728 2 65
2729 2 65
2730 2 65
2731 2 65
2732 2 65
2733 2 65
2734 2 65
2735 2 65
2736 2 65
2737 2 65
2738 2 65
2739 2 65
2740 2 65
2748 2 68
2751 2 68
2752 2 65
2753 2 65
2754 2 65
2755 2 65
2756 2 65
2757 2 65
2758 2 65
2759 2 65
2760 2 65
2761 2 65
2762 2 65
2763 2 65
2764 2 122
2765 2 65
2766 2 65
2767 2 65
2769 2 68
2770 2 65
2771 2 68
2772 2 68
2774 2 68
2775 2 68
2776 2 68
2777 2 68
2778 2 68
2779 2 68
2780 2 68
2781 2 68
2782 2 65
2784 2 68
2785 2 68
2786 2 68
2787 2 68
2788 2 68
2793 2 68
2794 2 68
2796 2 68
2797 2 68
2798 2 68
2799 2 68
2800 2 68
2801 2 68
2802 2 68
2803 2 68
2804 2 68
2805 2 68
2806 2 68
2808 2 68
2809 2 68
2810 2 68
2812 2 68
2813 2 68
2814 2 68
2815 2 68
2816 2 68
2817 2 68
2818 2 68
2820 2 68
2822 2 68
2824 2 68
2825 2 65
2826 2 65
2831 2 155
2832 2 68
2833 2 65
2834 2 65
2835 2 65
2836 2 65
2837 2 65
2838 2 65
2839 2 65
2840 2 68
2841 2 68
2842 2 65
2843 2 65
2844 2 122
2845 2 65
2846 2 65
2847 2 65
2848 2 65
2849 2 65
2850 2 65
2851 2 65
2852 2 65
2853 2 122
2854 2 65
2855 2 65
2858 2 155
2862 2 155
2864 2 155
2865 2 65
2866 2 65
2869 2 155
2870 2 65
2892 2 68
2893 2 68
2894 2 68
2895 2 65
2907 2 65
2908 2 65
2909 2 65
2910 2 65
2925 2 68
2956 2 65
2957 2 65
2958 2 68
2959 2 68
2960 2 155
2961 2 65
2962 2 65
2968 2 68
2969 2 68
2975 2 65
2976 2 65
2977 2 65
2978 2 65
2979 2 65
2980 2 65
2981 2 65
2982 2 65
2998 2 68
2999 2 65
3000 2 122
3043 2 65
3046 2 65
3055 2 65
3056 2 65
3058 2 68
3059 2 68
3086 2 65
3102 2 122
3103 2 122
3104 2 122
3105 2 122
3106 2 122
3107 2 122
3108 2 122
3109 2 65
3110 2 65
3111 2 65
3123 2 65
3127 2 65
3128 2 65
3171 2 65
3172 2 65
3176 2 68
3179 2 65
3188 2 68
3189 2 65
3190 2 122
3274 2 68
3287 2 68
3299 2 122
3300 2 122
3301 2 65
3302 2 122
3303 2 122
3304 2 122
3305 2 122
3306 2 122
3307 2 65
3308 2 65
3309 2 65
3310 2 65
3311 2 65
3312 2 155
3313 2 65
3314 2 65
3315 2 122
3316 2 65
3317 2 65
3318 2 65
3319 2 65
3324 2 65
3325 2 65
3327 2 65
3328 2 65
3329 2 65
3330 2 65
3331 2 65
3332 2 65
3333 2 122
3334 2 122
3352 2 65
3357 2 65
3358 2 65
3359 2 65
3360 2 65
3361 2 65
3362 2 65
3363 2 65
3364 2 65
3370 2 65
3388 2 65
3396 2 65
3397 2 65
3399 2 122
3404 2 65
3405 2 65
3406 2 65
3407 2 65
3408 2 65
3413 2 65
3414 2 65
3417 2 68
3418 2 122
3421 2 65
3422 2 65
3423 2 65
3424 2 65
3425 2 65
3426 2 65
3433 2 122
3434 2 65
3435 2 65
3444 2 65
3445 2 65
3446 2 65
3447 2 65
3462 2 68
3463 2 68
3473 2 68
3474 2 65
3479 2 68
3485 2 65
3486 2 65
3487 2 65
3488 2 65
3489 2 65
3490 2 65
3491 2 65
3492 2 65
3493 2 65
3494 2 65
3495 2 65
3496 2 65
3497 2 65
3498 2 65
3502 2 65
3519 2 65
3520 2 68
3526 2 68
3529 2 65
3533 2 65
3534 2 65
3535 2 65
3536 2 122
3550 2 65
3551 2 65
3552 2 65
3554 2 65
3555 2 65
3556 2 65
3557 2 65
3570 2 65
3571 2 65
3572 2 65
3573 2 65
3577 2 65
3578 2 65
3579 2 65
3580 2 65
3581 2 65
3582 2 65
3583 2 65
3584 2 65
3585 2 65
3586 2 65
3592 2 65
3593 2 65
3595 2 65
3596 2 122
3597 2 65
3598 2 65
3599 2 65
3600 2 65
3601 2 65
3602 2 65
3603 2 65
3604 2 65
3606 2 65
3607 2 65
3609 2 122
3610 2 122
3611 2 122
3612 2 65
3613 2 122
3614 2 65
3616 2 65
3617 2 65
3618 2 65
3620 2 65
3621 2 65
3622 2 65
3623 2 122
3624 2 65
3625 2 65
3626 2 65
3627 2 65
3628 2 65
3629 2 65
3630 2 65
3631 2 65
3636 2 155
3637 2 122
3638 2 65
3639 2 65
3652 2 65
3680 2 65
3683 2 65
3684 2 65
3685 2 65
3687 2 122
3688 2 65
3689 2 65
3690 2 122
3691 2 65
3692 2 65
3693 2 65
3694 2 65
3695 2 122
3696 2 65
3697 2 65
3699 2 65
3700 2 65
3701 2 65
3702 2 65
3703 2 65
3704 2 65
3707 2 65
3708 2 65
3709 2 65
3710 2 65
3711 2 65
3712 2 65
3714 2 65
3715 2 65
3716 2 65
3717 2 65
3718 2 65
3719 2 65
3720 2 65
3721 2 65
3722 2 65
3723 2 65
3724 2 65
3725 2 65
3726 2 65
3727 2 65
3728 2 65
3729 2 65
3730 2 65
3731 2 65
3733 2 155
3734 2 155
3735 2 155
3736 2 155
3743 2 65
3750 2 68
3751 2 122
3752 2 65
3762 2 65
3763 2 65
3764 2 65
3765 2 65
3787 2 155
3788 2 65
3789 2 65
3790 2 155
3794 2 65
3803 2 65
3806 2 65
3807 2 65
3808 2 65
3809 2 65
3811 2 155
3812 2 65
3815 2 65
3816 2 65
3817 2 65
3818 2 65
3819 2 65
3820 2 65
3825 2 68
3826 2 65
3827 2 65
3828 2 65
3829 2 68
3830 2 65
3831 2 68
3832 2 65
3833 2 65
3841 2 65
3859 2 155
3860 2 155
3861 2 155
3869 2 65
3870 2 65
3901 2 122
3902 2 65
3903 2 65
3904 2 68
3934 2 68
3935 2 65
3936 2 65
3937 2 65
3958 2 65
3959 2 65
3961 2 122
3965 2 65
3967 2 65
3968 2 65
3971 2 65
3972 2 65
3973 2 65
3977 2 155
3982 2 65
3983 2 65
3984 2 65
3985 2 65
3986 2 65
4017 2 122
4018 2 65
4023 2 65
4024 2 65
4028 2 68
4029 2 68
4030 2 65
4031 2 65
4032 2 65
4040 2 65
4044 2 68
4045 2 68
4046 2 68
4047 2 65
4048 2 65
4049 2 122
4050 2 65
4051 2 65
4052 2 122
4053 2 68
4054 2 65
4055 2 65
4056 2 65
4057 2 65
4058 2 65
4059 2 65
4061 2 65
4062 2 65
4069 2 65
4070 2 65
4071 2 65
4072 2 68
4073 2 65
4079 2 65
4080 2 65
4081 2 65
4082 2 65
4083 2 65
4084 2 65
4085 2 65
4086 2 65
4089 2 65
4092 2 122
4093 2 122
4094 2 65
4095 2 122
4097 2 65
4099 2 65
4102 2 65
4103 2 65
4108 2 122
4115 2 65
4119 2 65
4120 2 65
4121 2 65
4122 2 65
4123 2 65
4124 2 65
4125 2 65
4126 2 65
4127 2 65
4128 2 65
4129 2 65
4130 2 65
4131 2 65
4132 2 65
4133 2 65
4134 2 65
4135 2 65
4136 2 65
4137 2 65
4138 2 65
4139 2 65
4140 2 65
4145 2 65
4147 2 65
4149 2 65
4156 2 65
4164 2 68
4168 2 65
4169 2 65
4170 2 65
4173 2 68
4174 2 68
4176 2 65
4177 2 65
4178 2 65
4179 2 65
4180 2 65
4181 2 65
4187 2 65
4188 2 65
4189 2 65
4191 2 65
4192 2 65
4193 2 65
4194 2 65
4195 2 65
4196 2 65
4197 2 65
4198 2 122
4205 2 65
4206 2 65
4213 2 65
4217 2 65
4218 2 65
4225 2 65
4228 2 155
4235 2 122
4239 2 122
4257 2 65
4260 2 68
4266 2 155
4268 2 65
4270 2 68
4273 2 65
4274 2 65
4291 2 65
4299 2 65
4300 2 65
4301 2 65
4312 2 65
4313 2 65
4314 2 65
4316 2 65
4319 2 65
4331 2 65
4332 2 65
4334 2 68
4335 2 65
4336 2 155
4338 2 65
4339 2 65
4340 2 65
4341 2 65
4342 2 65
4343 2 65
4344 2 65
4345 2 65
4346 2 122
4347 2 65
4348 2 65
4349 2 65
4350 2 65
4351 2 65
4352 2 65
4369 2 65
4371 2 65
4372 2 65
4373 2 65
4374 2 65
4375 2 65
4376 2 65
4377 2 65
4378 2 65
4379 2 65
4390 2 122
4398 2 65
4399 2 65
4400 2 65
4401 2 65
4402 2 65
4403 2 65
4404 2 65
4405 2 122
4406 2 65
4420 2 155
4421 2 155
4422 2 65
4423 2 65
4424 2 65
4437 2 122
4448 2 65
4453 2 65
4454 2 65
4457 2 65
4466 2 68
4471 2 65
4490 2 68
4508 2 68
4543 2 65
4548 2 65
4549 2 65
4550 2 65
4555 2 68
4557 2 65
4559 2 65
4560 2 65
4562 2 65
4563 2 65
4570 2 155
4571 2 155
4585 2 65
4599 2 68
4602 2 155
4605 2 122
4606 2 122
4607 2 122
4608 2 122
4609 2 122
4610 2 122
4611 2 122
4612 2 122
4616 2 122
4617 2 65
4618 2 68
4619 2 68
4621 2 65
4627 2 122
4628 2 65
4632 2 65
4633 2 65
4634 2 65
4635 2 65
4638 2 65
4641 2 122
4642 2 65
4643 2 122
4644 2 65
4645 2 65
4646 2 65
4648 2 65
4649 2 65
4650 2 68
4655 2 65
4656 2 65
4661 2 65
4667 2 68
4668 2 122
4676 2 65
4678 2 65
4679 2 65
4680 2 65
4683 2 122
4684 2 68
4685 2 65
4686 2 122
4687 2 68
4696 2 65
4753 2 68
4754 2 65
4757 2 65
4758 2 65
4759 2 65
4760 2 65
4761 2 65
4762 2 65
4763 2 65
4764 2 65
4765 2 65
4766 2 65
4767 2 65
4768 2 65
4769 2 65
4770 2 65
4771 2 65
4772 2 65
4773 2 65
4774 2 65
4775 2 65
4776 2 65
4777 2 65
4778 2 65
4779 2 65
4780 2 65
4781 2 65
4782 2 65
4783 2 65
4784 2 155
4789 2 65
4790 2 65
4791 2 65
4792 2 65
4793 2 65
4794 2 65
4795 2 65
4796 2 65
4806 2 65
4812 2 65
4816 2 65
4817 2 65
4819 2 122
4821 2 122
4825 2 65
4839 2 65
4843 2 65
4844 2 65
4846 2 65
4848 2 65
4849 2 68
4872 2 122
4882 2 122
4883 2 122
4886 2 65
4887 2 65
4888 2 65
4889 2 65
4890 2 65
4891 2 65
4892 2 65
4897 2 122
4898 2 122
4906 2 122
4908 2 65
4912 2 155
4913 2 65
4916 2 65
4919 2 68
4923 2 68
4925 2 68
4927 2 65
4930 2 65
4934 2 65
4935 2 65
4936 2 65
4937 2 65
4938 2 65
4939 2 122
4943 2 122
4944 2 65
4954 2 65
4957 2 155
4974 2 68
4975 2 65
4980 2 65
4981 2 65
4982 2 65
4983 2 65
4984 2 65
4985 2 65
4986 2 65
4987 2 65
4988 2 65
4989 2 65
4990 2 65
4993 2 68
4996 2 65
4998 2 68
5000 2 65
5001 2 65
5004 2 65
5005 2 68
5006 2 68
5007 2 65
5008 2 65
5009 2 68
5010 2 68
5011 2 68
5021 2 65
5022 2 65
5023 2 65
5024 2 65
5025 2 65
5026 2 65
5027 2 65
5028 2 65
5038 2 65
5045 2 65
5046 2 65
5047 2 65
5065 2 122
5068 2 65
5069 2 65
5070 2 65
5093 2 122
5094 2 65
5095 2 65
5107 2 65
5114 2 65
5118 2 65
5140 2 65
5153 2 65
5160 2 65
5166 2 68
5176 2 122
5177 2 65
5180 2 65
5182 2 155
5183 2 155
5184 2 65
5185 2 65
5186 2 65
5187 2 65
5188 2 65
5189 2 68
5190 2 65
5197 2 65
5198 2 65
5201 2 65
5202 2 155
5203 2 155
5204 2 65
5205 2 155
5206 2 65
5212 2 65
5213 2 65
5214 2 65
5215 2 65
5216 2 65
5218 2 65
5219 2 65
5220 2 122
5221 2 122
5222 2 65
5232 2 65
5233 2 65
5236 2 155
5237 2 65
5238 2 65
5239 2 65
5240 2 65
5241 2 65
5242 2 65
5243 2 65
5244 2 65
5245 2 65
5246 2 65
5247 2 65
5248 2 65
5249 2 65
5250 2 65
5251 2 65
5252 2 65
5253 2 65
5254 2 65
5257 2 65
5258 2 65
5259 2 65
5260 2 65
5261 2 65
5262 2 65
5263 2 65
5264 2 65
5265 2 65
5266 2 65
5267 2 65
5268 2 65
5269 2 65
5270 2 65
5271 2 65
5272 2 65
5273 2 65
5274 2 65
5276 2 155
5278 2 65
5279 2 65
5281 2 65
5282 2 65
5283 2 65
5284 2 122
5289 2 65
5290 2 65
5291 2 65
5292 2 155
5295 2 65
5296 2 65
5297 2 65
5298 2 65
5299 2 65
5301 2 65
5302 2 65
5303 2 122
5306 2 65
5309 2 155
5310 2 65
5314 2 65
5321 2 65
5322 2 65
5323 2 65
5324 2 65
5325 2 65
5326 2 65
5327 2 155
5328 2 122
5330 2 65
5331 2 65
5332 2 65
5338 2 65
5339 2 65
5342 2 155
5344 2 65
5345 2 122
5348 2 122
5349 2 65
5354 2 68
5355 2 68
5356 2 68
5365 2 68
5369 2 65
5371 2 65
5372 2 65
5374 2 65
5376 2 155
5399 2 65
5405 2 65
5408 2 155
5409 2 155
5410 2 155
5419 2 65
5422 2 65
5423 2 65
5424 2 65
5425 2 65
5426 2 65
5429 2 65
5430 2 65
5431 2 65
5432 2 65
5434 2 65
5435 2 65
5436 2 65
5437 2 65
5438 2 65
5439 2 65
5440 2 65
5441 2 65
5442 2 68
5443 2 65
5445 2 65
5446 2 68
5447 2 155
5450 2 155
5452 2 65
5453 2 155
5454 2 155
5455 2 155
5468 2 65
5469 2 122
5471 2 65
5472 2 65
5473 2 65
5475 2 65
5484 2 65
5485 2 65
5486 2 65
5490 2 65
5491 2 65
5496 2 65
5498 2 65
5500 2 65
5503 2 65
5506 2 65
5507 2 65
5508 2 65
5509 2 65
5510 2 65
5529 2 65
5536 2 65
5539 2 65
5547 2 65
5548 2 65
5549 2 65
5550 2 65
5551 2 65
5552 2 65
5559 2 65
5560 2 65
5563 2 68
5568 2 65
5569 2 65
5595 2 65
5596 2 65
5597 2 65
5598 2 65
5616 2 65
5623 2 68
5628 2 68
5631 2 65
5633 2 65
5635 2 65
5636 2 65
5637 2 65
5638 2 65
5639 2 65
5640 2 68
5641 2 122
5642 2 65
5643 2 65
5644 2 65
5645 2 65
5651 2 65
5652 2 65
5666 2 155
5667 2 155
5668 2 155
5669 2 155
5670 2 155
5671 2 155
5672 2 155
5673 2 155
5682 2 65
5683 2 65
5695 2 65
5697 2 155
5699 2 65
5701 2 65
5707 2 68
5719 2 65
5723 2 65
5724 2 65
5725 2 65
5726 2 65
5728 2 65
5729 2 65
5730 2 65
5731 2 65
5732 2 65
5733 2 65
5736 2 65
5737 2 65
5740 2 155
5742 2 65
5743 2 65
5744 2 65
5746 2 68
5748 2 65
5751 2 65
5756 2 65
5771 2 68
5773 2 65
5775 2 65
5776 2 68
5777 2 68
5778 2 68
5779 2 65
5780 2 68
5783 2 68
5784 2 68
5786 2 65
5793 2 65
5795 2 68
5796 2 65
5797 2 65
5798 2 65
5799 2 65
5800 2 65
5801 2 65
5802 2 65
5803 2 65
5804 2 65
5805 2 65
5806 2 65
5807 2 65
5808 2 65
5811 2 65
5819 2 68
5820 2 68
5821 2 65
5823 2 65
5824 2 65
5828 2 65
5831 2 68
5835 2 65
5838 2 65
5839 2 65
5840 2 65
5843 2 65
5844 2 65
5845 2 65
5846 2 68
5847 2 68
5848 2 68
5849 2 122
5854 2 68
5855 2 65
5856 2 65
5857 2 65
5858 2 122
5860 2 122
5862 2 65
5867 2 122
5874 2 65
5876 2 65
5877 2 65
5895 2 65
5896 2 122
5897 2 122
5898 2 122
5899 2 65
5900 2 65
5901 2 65
5902 2 65
5903 2 122
5904 2 122
5905 2 122
5906 2 122
5907 2 65
5908 2 122
5909 2 65
5916 2 122
5917 2 65
5921 2 65
5923 2 65
5924 2 65
5928 2 65
5929 2 65
5932 2 65
5933 2 65
5940 2 68
5943 2 65
5944 2 65
5955 2 68
5957 2 68
5965 2 65
5966 2 65
5967 2 65
5968 2 65
5971 2 65
5978 2 155
5979 2 155
5982 2 65
5983 2 122
5984 2 65
5985 2 65
5999 2 68
6000 2 65
6001 2 65
6008 2 122
6012 2 68
6016 2 65
6025 2 65
6041 2 65
6044 2 65
6047 2 68
6048 2 68
6051 2 68
6067 2 65
6072 2 65
6077 2 65
6078 2 65
6081 2 65
6086 2 65
6089 2 122
6090 2 65
6091 2 65
6092 2 65
6093 2 65
6094 2 122
6095 2 122
6096 2 65
6097 2 65
6102 2 65
6104 2 65
6105 2 65
6106 2 155
6107 2 155
6108 2 155
6110 2 68
6112 2 68
6113 2 68
6119 2 65
6121 2 68
6122 2 65
6123 2 155
6132 2 68
6133 2 68
6134 2 68
6135 2 68
6147 2 65
6150 2 65
6152 2 65
6159 2 65
6161 2 65
6163 2 65
6165 2 65
6167 2 65
6173 2 65
6174 2 65
6175 2 65
6176 2 65
6180 2 65
6181 2 65
6182 2 65
6186 2 65
6188 2 122
6189 2 122
6191 2 65
6195 2 68
6197 2 65
6198 2 65
6199 2 65
6206 2 68
6207 2 68
6210 2 65
6211 2 65
6212 2 122
6213 2 122
6214 2 65
6216 2 122
6217 2 155
6219 2 65
6227 2 65
6243 2 65
6244 2 65
6246 2 65
6247 2 65
6248 2 155
6264 2 68
6278 2 65
6279 2 122
6280 2 68
6281 2 68
6282 2 68
6294 2 122
6295 2 68
6307 2 65
6313 2 65
6314 2 65
6315 2 65
6316 2 65
6317 2 65
6318 2 65
6319 2 65
6322 2 65
6323 2 65
6325 2 65
6326 2 65
6327 2 65
6328 2 65
6330 2 65
6331 2 65
6332 2 65
6333 2 65
6334 2 65
6335 2 65
6354 2 68
6356 2 65
6357 2 65
6358 2 65
6359 2 65
6360 2 65
6361 2 65
6362 2 65
6374 2 68
6375 2 65
6382 2 65
6389 2 65
6404 2 65
6405 2 65
6407 2 65
6408 2 65
6415 2 65
6416 2 65
6417 2 68
6420 2 68
6421 2 65
6424 2 68
6425 2 68
6426 2 68
6431 2 65
6432 2 65
6433 2 65
6434 2 65
6441 2 65
6442 2 65
6443 2 65
6444 2 122
6445 2 65
6446 2 65
6447 2 65
6448 2 65
6451 2 65
6452 2 68
6453 2 68
6459 2 65
6531 2 68
6532 2 68
6533 2 68
6534 2 68
6535 2 68
6540 2 68
6541 2 68
6558 2 65
6563 2 122
6565 2 68
6575 2 65
6576 2 65
6585 2 65
6586 2 65
6588 2 65
6590 2 65
6597 2 155
6598 2 68
6602 2 65
6603 2 65
6612 2 65
6624 2 65
6625 2 68
6627 2 122
6628 2 65
6629 2 65
6630 2 65
6631 2 65
6639 2 65
6642 2 65
6643 2 65
6644 2 65
6659 2 122
6666 2 65
6668 2 65
6669 2 65
6689 2 65
6690 2 65
6692 2 65
6693 2 155
6701 2 122
6702 2 65
6703 2 65
6704 2 65
6705 2 65
6707 2 65
6709 2 65
6713 2 155
6718 2 65
6719 2 65
6720 2 65
6721 2 65
6722 2 65
6723 2 65
6724 2 65
6725 2 65
6726 2 65
6727 2 65
6728 2 65
6750 2 68
6752 2 65
6753 2 65
6754 2 65
6758 2 65
6768 2 68
6769 2 68
6770 2 68
6772 2 65
6773 2 65
6778 2 65
6779 2 65
6780 2 65
6781 2 65
6806 2 65
6807 2 65
6812 2 155
6813 2 122
6814 2 65
6815 2 122
6816 2 122
6817 2 122
6818 2 65
6819 2 122
6820 2 122
6821 2 122
6839 2 68
6842 2 122
6843 2 122
6844 2 122
6845 2 122
6846 2 122
6847 2 122
6852 2 68
6853 2 68
6854 2 68
6855 2 65
6856 2 65
6857 2 155
6863 2 65
6864 2 65
6865 2 65
6866 2 65
6867 2 65
6868 2 65
6869 2 122
6870 2 65
6871 2 65
6872 2 65
6885 2 68
6888 2 68
6889 2 68
6895 2 65
6896 2 65
6897 2 65
6898 2 65
6899 2 65
6900 2 65
6901 2 122
6902 2 65
6903 2 68
6906 2 65
6907 2 65
6908 2 65
6910 2 65
6913 2 65
6914 2 65
6917 2 68
6918 2 65
6919 2 65
6923 2 65
6924 2 65
6925 2 65
6926 2 65
6927 2 65
6928 2 65
6929 2 122
6930 2 65
6932 2 65
6933 2 155
6934 2 155
6936 2 155
6937 2 65
6938 2 122
6941 2 65
6946 2 65
6947 2 122
6952 2 68
6957 2 65
6958 2 65
6959 2 65
6968 2 155
6969 2 155
6972 2 68
6974 2 68
6991 2 65
6995 2 65
6996 2 65
6997 2 65
6998 2 65
6999 2 68
7000 2 65
7001 2 68
7002 2 68
7003 2 68
7004 2 68
7005 2 65
7006 2 68
7007 2 122
7008 2 65
7009 2 122
7010 2 65
7011 2 65
7013 2 68
7014 2 68
7015 2 65
7018 2 65
7019 2 65
7020 2 65
7021 2 65
7022 2 65
7023 2 65
7024 2 65
7025 2 65
7026 2 65
7029 2 65
7032 2 65
7038 2 68
7041 2 65
7046 2 65
7048 2 122
7049 2 155
7052 2 155
7053 2 68
7055 2 155
7056 2 122
7057 2 65
7066 2 68
7072 2 68
7075 2 65
7076 2 65
7078 2 65
7079 2 65
7080 2 122
7081 2 65
7082 2 65
7087 2 68
7089 2 65
7091 2 65
7092 2 65
7097 2 65
7101 2 122
7112 2 65
7113 2 65
7114 2 65
7115 2 65
7116 2 65
7117 2 65
7118 2 65
7119 2 65
7120 2 65
7121 2 65
7122 2 65
7123 2 65
7124 2 65
7128 2 65
7129 2 122
7134 2 68
7138 2 122
7140 2 68
7142 2 68
7150 2 65
7151 2 65
7158 2 65
7161 2 65
7162 2 65
7163 2 65
7166 2 68
7167 2 68
7196 2 65
7197 2 65
7198 2 65
7199 2 65
7209 2 155
7212 2 65
7213 2 65
7214 2 65
7215 2 65
7216 2 65
7217 2 65
7218 2 65
7219 2 65
7220 2 65
7221 2 65
7222 2 155
7223 2 65
7225 2 68
7229 2 65
7230 2 65
7233 2 65
7237 2 155
7242 2 65
7250 2 65
7253 2 65
7254 2 65
7256 2 122
7262 2 65
7263 2 65
7264 2 65
7265 2 65
7266 2 65
7267 2 65
7270 2 68
7271 2 65
7272 2 65
7274 2 65
7275 2 122
7280 2 65
7284 2 65
7285 2 65
7323 2 65
7360 2 68
7361 2 122
7362 2 68
7365 2 65
7366 2 65
7367 2 65
7368 2 65
7378 2 65
7380 2 65
7381 2 65
7382 2 65
7387 2 68
7388 2 65
7389 2 65
7390 2 122
7392 2 65
7394 2 65
7395 2 65
7396 2 65
7397 2 68
7398 2 68
7401 2 122
7402 2 65
7403 2 122
7404 2 65
7409 2 65
7410 2 65
7411 2 65
7413 2 65
7414 2 65
7418 2 65
7419 2 65
7420 2 65
7421 2 65
7426 2 65
7433 2 65
7434 2 65
7436 2 65
4 7 45
5 7 45
6 7 45
6149 7 45
12 7 45
13 7 45
14 7 45
26 7 45
27 7 45
28 7 45
29 7 45
30 7 45
31 7 45
32 7 45
33 7 45
34 7 45
35 7 45
36 7 45
37 7 45
38 7 45
39 7 45
40 7 45
41 7 45
42 7 45
43 7 45
44 7 45
46 7 45
47 7 45
48 7 45
49 7 45
50 7 45
51 7 45
52 7 45
53 7 45
54 7 45
55 7 45
56 7 45
57 7 45
58 7 45
59 7 45
60 7 45
61 7 45
62 7 45
63 7 45
64 7 45
65 7 45
66 7 45
67 7 45
68 7 45
69 7 45
70 7 45
71 7 45
72 7 45
73 7 45
74 7 45
75 7 45
76 7 45
77 7 45
78 7 45
79 7 45
80 7 45
81 7 45
82 7 45
83 7 45
84 7 45
85 7 45
86 7 45
87 7 45
88 7 45
89 7 45
90 7 45
91 7 45
92 7 45
93 7 45
94 7 45
95 7 45
96 7 45
97 7 45
98 7 45
99 7 45
100 7 45
101 7 45
102 7 45
103 7 45
104 7 45
105 7 45
106 7 45
107 7 45
108 7 45
109 7 45
110 7 45
111 7 45
112 7 45
113 7 45
114 7 45
115 7 45
116 7 45
117 7 45
118 7 45
119 7 45
120 7 45
121 7 45
122 7 45
123 7 45
124 7 45
125 7 45
126 7 45
127 7 45
128 7 45
129 7 45
130 7 45
131 7 45
132 7 45
133 7 45
134 7 45
135 7 45
136 7 45
137 7 45
138 7 45
139 7 45
140 7 45
141 7 45
142 7 45
143 7 45
144 7 45
145 7 45
146 7 45
147 7 45
148 7 45
149 7 45
150 7 45
151 7 45
152 7 45
153 7 45
154 7 45
155 7 45
156 7 45
157 7 45
158 7 45
159 7 45
160 7 45
161 7 45
162 7 45
163 7 45
164 7 45
165 7 45
166 7 45
167 7 45
168 7 45
169 7 45
170 7 45
171 7 45
172 7 45
173 7 45
174 7 45
175 7 45
176 7 45
177 7 45
178 7 45
179 7 45
180 7 45
181 7 45
182 7 45
183 7 45
184 7 45
185 7 45
186 7 45
187 7 45
188 7 45
189 7 45
190 7 45
191 7 45
192 7 45
193 7 45
194 7 45
195 7 45
196 7 45
197 7 45
198 7 45
199 7 45
200 7 45
201 7 45
202 7 45
203 7 45
204 7 45
205 7 45
206 7 45
207 7 45
208 7 45
209 7 45
210 7 45
211 7 45
212 7 45
213 7 45
214 7 45
215 7 45
216 7 45
217 7 45
218 7 45
219 7 45
221 7 45
222 7 45
226 7 45
232 7 45
234 7 45
236 7 45
237 7 45
238 7 45
239 7 45
240 7 45
241 7 45
242 7 45
243 7 45
244 7 45
245 7 45
246 7 45
254 7 45
298 7 45
301 7 45
304 7 45
305 7 45
306 7 45
307 7 45
308 7 45
309 7 45
310 7 45
311 7 45
312 7 45
313 7 45
314 7 45
315 7 45
318 7 45
321 7 45
327 7 45
328 7 45
329 7 45
330 7 45
331 7 45
332 7 45
333 7 45
334 7 45
335 7 45
336 7 45
337 7 45
341 7 45
344 7 45
352 7 45
353 7 45
354 7 45
355 7 45
356 7 45
357 7 45
358 7 45
361 7 45
366 7 45
367 7 45
6554 7 45
2133 7 45
548 7 45
2705 7 45
6824 7 45
717 7 45
718 7 45
722 7 45
728 7 45
798 7 45
860 7 45
861 7 45
862 7 45
863 7 45
864 7 45
866 7 45
867 7 45
869 7 45
873 7 45
874 7 45
875 7 45
876 7 45
877 7 45
890 7 45
891 7 45
892 7 45
895 7 45
4991 7 45
908 7 45
909 7 45
910 7 45
911 7 45
915 7 45
916 7 45
917 7 45
2965 7 45
919 7 45
920 7 45
921 7 45
922 7 45
923 7 45
2966 7 45
2967 7 45
931 7 45
932 7 45
933 7 45
934 7 45
935 7 45
936 7 45
937 7 45
938 7 45
939 7 45
940 7 45
941 7 45
942 7 45
943 7 45
944 7 45
945 7 45
948 7 45
953 7 45
958 7 45
960 7 45
961 7 45
963 7 45
964 7 45
965 7 45
966 7 45
967 7 45
968 7 45
969 7 45
970 7 45
971 7 45
972 7 45
7110 7 45
7111 7 45
987 7 45
988 7 45
989 7 45
990 7 45
991 7 45
992 7 45
993 7 45
994 7 45
995 7 45
996 7 45
997 7 45
998 7 45
999 7 45
1000 7 45
1002 7 45
1007 7 45
1008 7 45
1009 7 45
1010 7 45
1011 7 45
1012 7 45
1013 7 45
1014 7 45
1015 7 45
7159 7 45
1017 7 45
1018 7 45
1019 7 45
1020 7 45
1021 7 45
1022 7 45
1024 7 45
1025 7 45
1026 7 45
1027 7 45
1028 7 45
1029 7 45
1030 7 45
1031 7 45
1032 7 45
1033 7 45
1034 7 45
1035 7 45
1036 7 45
1037 7 45
1038 7 45
1042 7 45
1043 7 45
1044 7 45
1045 7 45
1046 7 45
1047 7 45
1048 7 45
1049 7 45
1050 7 45
1051 7 45
1052 7 45
1053 7 45
1054 7 45
1055 7 45
1056 7 45
1057 7 45
1061 7 45
7234 7 45
5333 7 45
5334 7 45
5335 7 45
5336 7 45
5337 7 45
1255 7 45
1256 7 45
1257 7 45
1258 7 45
1259 7 45
1260 7 45
7405 7 45
7406 7 45
7407 7 45
5624 7 45
5685 7 45
5691 7 45
5693 7 45
5694 7 45
5772 7 45
1682 7 45
1683 7 45
1684 7 45
5836 7 45
3877 7 45
3878 7 45
1844 7 45
3975 7 45
6042 7 45
6114 7 45
6115 7 45
1 10 19
2 10 19
3 10 19
4098 10 15
4106 10 15
4107 10 19
4109 10 19
6177 10 19
6179 10 19
6190 10 19
6196 10 19
6208 10 19
4165 10 19
6220 10 15
6221 10 15
6222 10 19
6223 10 11
6528 10 19
6225 10 19
6226 10 19
6229 10 19
2134 10 19
4182 10 19
4183 10 19
2137 10 19
4184 10 19
4185 10 19
6231 10 19
6232 10 19
4190 10 15
6233 10 19
6234 10 19
6235 10 19
6239 10 19
6240 10 19
6241 10 19
6242 10 19
4199 10 19
4200 10 19
4201 10 19
4202 10 11
4203 10 15
4204 10 11
6252 10 19
6253 10 11
6254 10 15
6255 10 15
6256 10 15
6257 10 19
6258 10 19
6259 10 19
4214 10 19
6263 10 19
6266 10 15
4222 10 19
4223 10 19
4224 10 19
4234 10 11
6286 10 19
6287 10 19
6288 10 19
4241 10 19
4242 10 11
4243 10 11
4244 10 11
4245 10 19
4246 10 11
4247 10 11
4248 10 11
4249 10 11
4250 10 11
4251 10 19
6292 10 11
6293 10 19
6296 10 19
6297 10 19
6298 10 19
6300 10 19
4258 10 19
6301 10 19
6304 10 11
6306 10 11
6308 10 19
6309 10 19
6310 10 19
6311 10 19
4272 10 11
4275 10 15
4276 10 19
6324 10 19
4279 10 19
6329 10 19
4282 10 19
4283 10 19
4284 10 19
4285 10 19
2241 10 15
6337 10 15
6347 10 15
6348 10 15
6349 10 15
2257 10 19
2260 10 19
2261 10 19
6962 10 19
2263 10 19
4311 10 19
223 10 15
227 10 19
4323 10 19
229 10 19
230 10 19
231 10 19
4326 10 19
233 10 19
4327 10 19
235 10 11
4328 10 19
6967 10 19
6393 10 19
2300 10 15
255 10 19
256 10 19
257 10 19
258 10 19
259 10 19
260 10 15
261 10 15
262 10 15
263 10 19
264 10 19
265 10 19
266 10 19
2312 10 19
4368 10 19
6423 10 11
6430 10 11
2335 10 19
292 10 19
293 10 19
294 10 19
295 10 19
296 10 19
297 10 19
2340 10 19
299 10 15
4391 10 19
4392 10 19
4393 10 19
303 10 19
4394 10 19
4395 10 19
6455 10 19
4408 10 19
6456 10 19
4410 10 19
4411 10 19
6461 10 19
4414 10 19
4415 10 19
4416 10 19
4417 10 19
4418 10 19
4419 10 19
2372 10 19
6466 10 11
6467 10 11
6468 10 11
6469 10 19
6470 10 19
6985 10 19
6475 10 19
6476 10 19
6477 10 19
6478 10 19
6479 10 19
4432 10 19
4433 10 19
6480 10 19
6481 10 19
6482 10 19
6483 10 19
6484 10 19
4439 10 19
4440 10 19
4441 10 19
346 10 11
347 10 15
348 10 15
4442 10 19
6485 10 19
6486 10 19
6487 10 19
6488 10 19
6489 10 19
6490 10 19
6491 10 19
6492 10 19
6493 10 19
4455 10 15
4456 10 19
6496 10 19
6497 10 19
6498 10 19
6499 10 11
6500 10 19
6501 10 19
6502 10 19
6503 10 19
6504 10 15
6505 10 15
6506 10 15
372 10 19
6508 10 19
6509 10 19
6510 10 19
6511 10 19
6512 10 19
6513 10 15
6514 10 19
6515 10 15
6516 10 19
6517 10 19
6518 10 19
6519 10 19
6520 10 19
6521 10 19
6522 10 19
6523 10 19
6524 10 15
6525 10 19
6526 10 19
6527 10 19
393 10 19
6529 10 19
4491 10 11
6539 10 19
6544 10 19
4497 10 19
402 10 19
6545 10 19
6546 10 15
6547 10 19
6548 10 15
407 10 19
6549 10 15
4509 10 11
4510 10 11
4511 10 11
4512 10 11
4513 10 11
4514 10 19
4515 10 11
4516 10 11
4517 10 11
4518 10 19
4519 10 19
4520 10 19
4521 10 19
4522 10 11
427 10 19
6572 10 19
438 10 19
4535 10 11
4536 10 11
2489 10 19
4537 10 11
4538 10 11
4539 10 11
4540 10 11
4541 10 11
4542 10 11
4546 10 11
4547 10 11
6596 10 19
6600 10 19
459 10 19
6606 10 19
4561 10 19
467 10 19
2520 10 19
2521 10 19
2522 10 19
2523 10 19
2524 10 19
4588 10 19
4595 10 19
6645 10 19
2552 10 19
4600 10 19
509 10 19
5394 10 19
6670 10 11
6671 10 11
6672 10 11
6673 10 11
6674 10 11
6675 10 11
6676 10 11
4629 10 11
4630 10 11
4631 10 11
6677 10 11
2585 10 19
6678 10 11
6679 10 11
6680 10 11
6683 10 15
6684 10 15
6685 10 19
4640 10 11
6686 10 15
6691 10 15
2603 10 19
4653 10 11
4654 10 11
562 10 19
4658 10 19
4659 10 19
4660 10 19
6708 10 19
6710 10 19
6711 10 19
6712 10 19
2623 10 15
4671 10 19
577 10 19
4682 10 11
597 10 19
4694 10 19
602 10 19
603 10 19
6763 10 19
2670 10 19
2671 10 19
2675 10 19
6771 10 15
6774 10 19
6775 10 19
6776 10 19
6777 10 19
6787 10 19
644 10 19
645 10 19
6791 10 19
6792 10 19
649 10 19
6798 10 19
6799 10 19
6800 10 19
6801 10 19
6802 10 19
6803 10 19
6804 10 19
6805 10 19
6808 10 19
6809 10 19
6810 10 19
2720 10 11
6835 10 19
6849 10 15
4805 10 19
713 10 19
6859 10 19
4813 10 19
4814 10 19
6862 10 19
7063 10 19
4818 10 19
4820 10 19
7064 10 19
4824 10 19
6873 10 15
7065 10 15
4827 10 19
6878 10 19
6904 10 19
6905 10 19
4862 10 19
4863 10 19
769 10 19
6915 10 19
6920 10 19
6921 10 19
6922 10 19
4875 10 19
6931 10 19
6939 10 19
797 10 19
801 10 19
4902 10 15
807 10 19
808 10 19
809 10 19
2861 10 19
2863 10 15
816 10 19
817 10 19
818 10 19
819 10 19
820 10 19
6960 10 19
6961 10 19
823 10 19
2871 10 19
2872 10 19
2873 10 19
2874 10 19
828 10 19
2875 10 19
2876 10 19
2877 10 19
832 10 19
833 10 19
2883 10 15
2884 10 11
2885 10 15
2886 10 15
839 10 19
2887 10 19
841 10 19
842 10 19
843 10 19
2888 10 15
2889 10 15
2890 10 19
2891 10 11
2896 10 15
849 10 19
4946 10 19
4947 10 11
852 10 19
853 10 19
854 10 19
855 10 19
856 10 19
857 10 19
858 10 19
859 10 19
4948 10 11
865 10 19
2913 10 19
2914 10 19
4965 10 19
870 10 19
871 10 19
872 10 19
4966 10 19
4967 10 15
4968 10 19
3024 10 19
883 10 11
884 10 11
885 10 11
887 10 11
888 10 11
889 10 11
7036 10 19
7037 10 19
898 10 19
4994 10 19
900 10 11
901 10 19
902 10 19
903 10 19
904 10 15
905 10 15
906 10 15
907 10 15
7044 10 19
7045 10 19
7047 10 19
913 10 19
7061 10 15
918 10 15
7062 10 15
5016 10 19
5017 10 19
2970 10 19
2971 10 19
2972 10 19
2973 10 19
2974 10 19
5018 10 19
928 10 19
5020 10 19
6289 10 19
6290 10 19
7071 10 15
2983 10 19
2984 10 19
2985 10 19
2986 10 19
2987 10 19
2988 10 19
2989 10 19
2990 10 19
2991 10 19
2992 10 19
2993 10 19
2994 10 19
2995 10 15
2996 10 15
949 10 19
2997 10 19
5044 10 11
7090 10 19
5049 10 19
5050 10 19
956 10 11
957 10 15
974 10 15
975 10 15
976 10 15
977 10 15
978 10 15
979 10 15
980 10 15
981 10 15
982 10 15
983 10 15
984 10 15
985 10 15
986 10 15
7127 10 19
7131 10 15
7132 10 19
3044 10 15
3045 10 15
1005 10 19
1006 10 19
5102 10 11
5109 10 19
3065 10 19
7170 10 19
7171 10 19
7172 10 19
5134 10 19
1040 10 15
1058 10 19
1059 10 19
1060 10 19
7202 10 19
7203 10 19
7204 10 19
3112 10 11
3113 10 15
3114 10 15
3115 10 15
7205 10 19
5178 10 19
5179 10 19
3135 10 19
3136 10 19
3137 10 19
3138 10 19
3139 10 19
3140 10 19
3141 10 19
7238 10 19
1095 10 19
1096 10 19
1097 10 19
1098 10 19
1099 10 19
1100 10 19
1101 10 19
1102 10 19
1103 10 19
1104 10 19
1105 10 19
1106 10 19
1107 10 19
1108 10 19
1109 10 19
1110 10 19
1111 10 19
1112 10 19
1113 10 11
1114 10 19
1115 10 19
7257 10 19
1117 10 19
1118 10 19
1119 10 19
1120 10 19
1121 10 19
1122 10 19
1123 10 19
3169 10 19
1125 10 19
1126 10 19
1127 10 15
1128 10 19
1129 10 19
1130 10 19
1131 10 19
1132 10 19
1133 10 19
1134 10 19
1135 10 19
3181 10 19
3182 10 19
3183 10 19
3185 10 11
3186 10 11
5228 10 11
7282 10 19
3200 10 15
3201 10 15
7346 10 19
1215 10 19
1216 10 15
1219 10 15
1220 10 15
1221 10 15
1222 10 15
1223 10 11
5317 10 19
1225 10 19
1226 10 19
7369 10 19
7370 10 19
7372 10 19
7374 10 19
5329 10 15
7385 10 11
7391 10 19
7416 10 19
7417 10 11
3322 10 19
7425 10 19
7430 10 15
7431 10 19
3344 10 19
3345 10 11
3346 10 19
1299 10 19
3347 10 19
1301 10 19
1302 10 19
3348 10 19
3349 10 19
3350 10 19
3351 10 19
1307 10 19
3355 10 19
3356 10 19
5411 10 11
3372 10 19
3373 10 19
3374 10 19
1365 10 19
5464 10 19
5492 10 19
5493 10 19
5494 10 11
1407 10 15
1408 10 19
1409 10 15
1410 10 15
1411 10 15
1412 10 15
3484 10 11
5534 10 19
5535 10 19
5566 10 19
6399 10 19
5572 10 19
1482 10 19
1483 10 19
1484 10 19
5579 10 19
5580 10 19
5581 10 15
5582 10 19
3146 10 19
5590 10 19
5591 10 19
5592 10 11
5593 10 19
3147 10 19
5594 10 19
3148 10 19
3149 10 19
3567 10 19
5617 10 15
1528 10 11
1529 10 11
5626 10 19
1536 10 19
1537 10 19
1538 10 19
1544 10 19
1545 10 19
1546 10 19
1547 10 19
1548 10 19
1549 10 19
1550 10 19
1551 10 19
1552 10 19
1553 10 19
1554 10 19
1555 10 19
1556 10 19
1557 10 19
3605 10 15
5646 10 19
1562 10 19
1567 10 15
1568 10 15
1569 10 19
1570 10 11
1571 10 11
1572 10 19
1573 10 11
1574 10 11
1575 10 11
1576 10 19
1579 10 19
1580 10 19
1581 10 15
1582 10 11
5684 10 19
3640 10 15
3641 10 15
3642 10 19
5192 10 19
6983 10 19
5696 10 15
5698 10 19
5702 10 19
7239 10 19
5705 10 19
5706 10 19
7240 10 19
5708 10 19
3170 10 19
5712 10 19
1641 10 19
1642 10 19
1643 10 19
1644 10 19
1645 10 19
1646 10 19
1647 10 19
1648 10 11
1649 10 19
5739 10 19
5745 10 15
6439 10 11
5774 10 19
5791 10 15
3594 10 15
3767 10 19
3772 10 19
5829 10 11
5830 10 11
3785 10 11
3786 10 11
3791 10 15
3792 10 15
3797 10 19
1757 10 19
3805 10 19
3810 10 11
5861 10 15
5875 10 15
5887 10 19
3845 10 19
1801 10 15
3862 10 19
3863 10 15
3865 10 19
3866 10 19
3867 10 19
5913 10 19
5914 10 11
3871 10 19
3872 10 19
3873 10 19
5919 10 19
5920 10 19
5934 10 15
5935 10 15
5936 10 19
5937 10 19
5938 10 15
5939 10 15
1847 10 19
5946 10 19
5947 10 19
5948 10 19
5949 10 19
5950 10 19
5951 10 19
3909 10 19
3913 10 19
1877 10 19
3930 10 19
5986 10 15
1891 10 19
5987 10 15
5988 10 19
5989 10 19
5990 10 19
5991 10 19
5992 10 15
5994 10 11
5996 10 19
6002 10 11
6003 10 11
6004 10 11
6005 10 11
6007 10 19
3962 10 19
1920 10 19
6020 10 19
6021 10 19
6022 10 19
3976 10 15
6026 10 19
3979 10 19
1932 10 19
3980 10 19
3981 10 19
6027 10 19
6028 10 19
6029 10 19
1938 10 15
6030 10 19
6031 10 19
1941 10 19
6494 10 19
6495 10 19
1974 10 19
4026 10 19
4027 10 15
4034 10 15
1987 10 19
2003 10 19
6111 10 19
2019 10 19
6507 10 19
6128 10 11
4096 46 30
2053 46 43
7328 46 30
4104 46 30
4105 46 30
6154 46 30
7329 46 30
7330 46 30
6162 46 29
4116 46 30
4117 46 30
4118 46 30
6164 46 30
6166 46 30
7331 46 30
7332 46 30
2076 46 29
7333 46 30
6178 46 30
2084 46 30
7334 46 30
2087 46 43
2088 46 43
6183 46 30
2090 46 43
2091 46 30
2092 46 30
2093 46 43
2094 46 29
4143 46 43
2096 46 29
6187 46 29
7336 46 30
2099 46 30
2100 46 30
2101 46 30
2102 46 30
7337 46 30
6200 46 29
7338 46 30
2106 46 29
2107 46 29
6759 46 30
7339 46 30
7340 46 30
7341 46 30
7342 46 30
7343 46 30
2130 46 30
2131 46 43
2132 46 43
6760 46 30
7344 46 30
4186 46 30
7345 46 30
6236 46 30
6237 46 30
2149 46 30
2150 46 30
7347 46 30
2152 46 29
7348 46 30
6761 46 30
4207 46 30
7349 46 30
7350 46 30
4215 46 29
7351 46 30
4220 46 30
4221 46 30
6269 46 30
6270 46 30
7352 46 30
4226 46 30
4227 46 30
7353 46 30
4229 46 30
4230 46 30
4231 46 30
7354 46 30
4240 46 30
7356 46 30
7357 46 30
6136 46 30
4254 46 43
4255 46 43
6303 46 30
4278 46 30
4286 46 30
4287 46 30
6344 46 30
6345 46 30
4298 46 30
6350 46 43
4303 46 30
6351 46 30
6352 46 30
6353 46 30
4310 46 30
4315 46 30
6363 46 30
4317 46 30
4318 46 29
6372 46 30
6383 46 29
6384 46 29
4337 46 30
6385 46 30
6386 46 30
6387 46 30
6388 46 30
247 46 29
2297 46 29
2298 46 30
6396 46 30
4353 46 29
4354 46 29
4355 46 30
2308 46 30
2309 46 29
4356 46 30
4357 46 30
6403 46 30
4362 46 30
267 46 30
268 46 30
269 46 30
270 46 29
271 46 30
272 46 30
273 46 30
274 46 30
275 46 30
276 46 30
277 46 30
278 46 30
279 46 30
280 46 30
281 46 30
282 46 30
283 46 30
284 46 30
285 46 30
286 46 30
287 46 30
288 46 30
289 46 30
290 46 30
291 46 30
2331 46 30
2332 46 30
2333 46 30
2341 46 30
2342 46 30
4385 46 43
6435 46 30
2364 46 30
6471 46 30
6472 46 43
6473 46 30
4426 46 43
4427 46 43
2380 46 43
2381 46 43
4428 46 43
4429 46 29
4430 46 43
4431 46 43
4434 46 43
4435 46 43
7393 46 30
4443 46 43
4444 46 30
2409 46 30
4458 46 30
4459 46 30
4460 46 30
4461 46 30
4462 46 30
2416 46 30
4474 46 30
4475 46 30
4476 46 30
4477 46 30
4482 46 30
4483 46 30
4487 46 30
4488 46 30
4489 46 29
6538 46 30
6542 46 30
6543 46 30
4499 46 43
4500 46 30
4501 46 30
4502 46 43
4503 46 30
4504 46 43
4505 46 43
4506 46 43
4507 46 43
6550 46 43
6551 46 30
6552 46 30
6553 46 30
6557 46 30
6561 46 30
6562 46 30
6567 46 30
6568 46 30
6569 46 30
6570 46 30
4523 46 29
4525 46 29
4526 46 29
4527 46 29
4528 46 30
4529 46 30
4530 46 30
4531 46 30
4532 46 43
444 46 30
6591 46 30
6592 46 30
2501 46 30
455 46 30
6599 46 30
6605 46 29
5384 46 30
6609 46 30
6611 46 30
6619 46 30
4574 46 29
4575 46 29
6623 46 30
6634 46 30
2550 46 29
2551 46 29
6652 46 29
6661 46 29
6662 46 29
6664 46 43
545 46 30
4647 46 30
6696 46 30
6697 46 30
6698 46 30
6699 46 30
7438 46 30
4663 46 29
4664 46 30
569 46 43
4665 46 29
4666 46 30
6714 46 30
6715 46 30
4672 46 29
4675 46 30
2628 46 30
6729 46 30
6730 46 30
6731 46 30
6732 46 30
6733 46 30
4692 46 43
4693 46 43
6742 46 43
4695 46 30
6743 46 30
4697 46 43
4698 46 43
4699 46 43
4700 46 43
4701 46 43
606 46 30
4702 46 43
4703 46 43
4704 46 43
4705 46 43
4706 46 43
4707 46 43
4708 46 43
4709 46 43
4710 46 43
4711 46 43
4712 46 43
4713 46 43
4714 46 43
4715 46 43
4716 46 43
4717 46 43
4718 46 43
4719 46 43
4720 46 43
4721 46 43
4722 46 43
4723 46 43
4724 46 43
4725 46 43
4726 46 43
4727 46 43
4728 46 43
4729 46 43
4730 46 43
2684 46 30
4731 46 43
4732 46 43
2687 46 30
4733 46 43
4734 46 43
4735 46 43
4736 46 43
4737 46 43
4738 46 43
2694 46 30
4739 46 43
4740 46 43
4741 46 43
2698 46 29
2699 46 30
2700 46 30
2701 46 30
2702 46 29
4742 46 43
4743 46 43
4744 46 43
4745 46 43
4746 46 43
4747 46 43
2709 46 43
4749 46 43
4750 46 43
4751 46 43
4752 46 43
4755 46 30
4756 46 30
6828 46 30
689 46 30
4785 46 30
4786 46 30
4787 46 30
6746 46 30
6834 46 30
710 46 43
4808 46 30
4809 46 30
719 46 29
720 46 30
6875 46 30
6876 46 30
734 46 30
735 46 43
4830 46 29
4831 46 30
4832 46 30
4833 46 30
4834 46 30
4835 46 29
4836 46 29
4837 46 29
4838 46 30
4840 46 30
4841 46 30
4842 46 30
6884 46 30
4845 46 30
6890 46 30
4847 46 30
4853 46 29
4857 46 30
766 46 30
4864 46 30
4865 46 30
4866 46 29
4867 46 43
4868 46 43
4869 46 29
4870 46 30
4871 46 30
4873 46 43
4874 46 30
4877 46 30
4878 46 30
4879 46 30
4880 46 30
4895 46 30
4896 46 29
2859 46 29
4907 46 30
6956 46 30
4914 46 30
2867 46 30
4915 46 30
6965 46 30
6966 46 30
824 46 30
4920 46 43
4921 46 43
6970 46 30
6971 46 43
6975 46 30
2880 46 30
2881 46 30
2882 46 30
6976 46 30
6981 46 30
6982 46 30
6984 46 30
6986 46 30
2902 46 30
4956 46 30
4958 46 30
868 46 30
4964 46 30
7012 46 30
7016 46 30
7017 46 30
4970 46 43
4971 46 29
4972 46 43
4977 46 43
7027 46 30
7028 46 30
7030 46 30
7096 46 30
896 46 29
7043 46 30
4999 46 30
7102 46 29
5013 46 30
5014 46 30
7103 46 30
5019 46 43
926 46 29
927 46 30
7070 46 30
5029 46 30
7086 46 30
5041 46 29
950 46 43
7094 46 30
7095 46 30
3001 46 30
954 46 30
955 46 30
3002 46 30
3003 46 30
3004 46 30
3005 46 30
3006 46 30
3007 46 29
3010 46 30
3011 46 30
3008 46 29
3009 46 30
5060 46 30
5061 46 30
5062 46 30
7104 46 43
7105 46 30
7108 46 30
973 46 43
5073 46 30
7125 46 30
5088 46 30
5089 46 30
7137 46 30
1001 46 30
3052 46 30
7148 46 30
7149 46 30
5104 46 30
5108 46 30
7160 46 43
1023 46 30
3072 46 30
3073 46 30
5122 46 30
7181 46 30
7182 46 30
1039 46 43
7183 46 30
1041 46 43
7184 46 30
7185 46 30
7186 46 43
5146 46 30
3099 46 30
3100 46 43
7200 46 30
5154 46 30
5155 46 30
1062 46 30
1063 46 30
1064 46 29
5162 46 30
5163 46 30
3116 46 29
3117 46 43
3118 46 43
3119 46 30
1077 46 30
5174 46 30
5175 46 30
5181 46 30
1087 46 43
1088 46 43
1089 46 43
1090 46 43
1091 46 43
3145 46 30
3150 46 30
3151 46 43
3152 46 43
3153 46 43
3154 46 43
7255 46 43
7258 46 29
7259 46 30
7261 46 29
3167 46 30
3168 46 30
7279 46 30
3191 46 30
3192 46 30
3193 46 30
3194 46 30
7289 46 30
7290 46 30
7291 46 30
3198 46 43
3199 46 30
7292 46 30
7293 46 30
7294 46 30
7295 46 30
7296 46 30
7297 46 30
7298 46 30
7299 46 30
3208 46 30
7300 46 30
3210 46 30
3211 46 30
3212 46 30
3213 46 30
3214 46 30
3215 46 30
3216 46 30
3217 46 29
3218 46 30
3219 46 29
3220 46 30
3221 46 30
3222 46 29
3223 46 30
3224 46 30
3225 46 30
3226 46 30
3227 46 30
3228 46 30
3229 46 30
3230 46 30
3231 46 30
3232 46 29
3233 46 29
3234 46 30
3235 46 30
3236 46 30
3237 46 30
3238 46 30
3239 46 30
3240 46 30
3241 46 30
3242 46 30
3243 46 30
3244 46 30
3245 46 30
3246 46 30
3247 46 30
3248 46 30
3249 46 29
3250 46 30
3251 46 30
3252 46 29
3253 46 30
3254 46 30
3255 46 30
3256 46 30
3257 46 30
3258 46 30
3259 46 30
3260 46 30
3261 46 30
3262 46 30
3263 46 30
3264 46 30
3265 46 30
3266 46 30
5307 46 30
7355 46 30
3269 46 30
3270 46 30
6757 46 30
7379 46 30
1239 46 29
1240 46 30
1241 46 30
1242 46 30
1243 46 30
1244 46 30
1245 46 30
1246 46 30
1247 46 30
1248 46 29
1249 46 30
1250 46 30
1251 46 30
1252 46 30
1253 46 30
1254 46 30
5350 46 30
5351 46 30
5352 46 30
5353 46 30
6762 46 30
7399 46 43
7400 46 43
6764 46 30
6765 46 30
3320 46 30
3321 46 30
6766 46 30
5375 46 30
5379 46 30
5380 46 30
5381 46 30
5382 46 30
3335 46 30
3336 46 30
3337 46 29
3338 46 30
3339 46 30
3340 46 30
1293 46 30
3342 46 30
3343 46 43
5383 46 30
1297 46 30
5385 46 30
5386 46 30
5387 46 30
5388 46 30
5389 46 30
5390 46 30
5391 46 30
5392 46 30
5393 46 30
5398 46 30
5400 46 30
5401 46 30
5402 46 30
5403 46 30
5406 46 30
5407 46 29
5417 46 30
5418 46 30
3382 46 30
1338 46 43
3386 46 30
3387 46 43
1351 46 30
5448 46 30
5449 46 30
6782 46 30
1357 46 30
6783 46 30
4748 46 43
3410 46 30
3411 46 30
1364 46 29
3412 46 30
5457 46 30
5458 46 30
5459 46 30
5463 46 30
5465 46 30
5466 46 30
5467 46 30
5470 46 29
5474 46 30
5476 46 30
5478 46 29
3431 46 30
6788 46 30
6789 46 30
3439 46 29
3440 46 29
3441 46 29
3442 46 29
3443 46 29
5487 46 30
5488 46 30
5489 46 30
6790 46 30
3454 46 30
3456 46 29
1414 46 30
1415 46 30
1416 46 30
1417 46 30
1418 46 43
1419 46 29
1420 46 30
1421 46 43
1422 46 30
1423 46 29
1424 46 30
1425 46 30
1426 46 30
3499 46 30
5553 46 30
5586 46 30
2330 46 30
5584 46 30
5585 46 43
3538 46 43
3539 46 43
3540 46 43
3541 46 43
3542 46 43
3543 46 43
3544 46 43
3545 46 43
3546 46 43
3547 46 43
3548 46 43
3549 46 43
3559 46 30
5609 46 29
5610 46 30
3564 46 30
3565 46 30
3566 46 30
5612 46 30
3568 46 30
3569 46 30
5613 46 29
5614 46 29
5615 46 29
5618 46 29
3574 46 43
3575 46 30
3576 46 30
5619 46 30
5621 46 29
6413 46 30
6414 46 30
4380 46 30
3608 46 30
5661 46 43
5662 46 30
5664 46 30
5665 46 30
4383 46 30
5686 46 30
5687 46 30
5692 46 30
3653 46 43
5717 46 30
5718 46 30
3676 46 30
3677 46 30
3698 46 30
3705 46 30
3706 46 30
5770 46 30
1685 46 30
1686 46 30
1687 46 30
5781 46 30
5782 46 30
3738 46 30
5785 46 43
5794 46 30
3773 46 30
5822 46 30
6744 46 30
3776 46 30
3777 46 30
3778 46 30
3779 46 30
3780 46 30
3781 46 30
3782 46 30
3783 46 30
3784 46 30
5827 46 30
1738 46 30
1739 46 30
5833 46 30
5834 46 30
1742 46 30
3798 46 30
3804 46 43
1767 46 29
1768 46 30
1769 46 29
1770 46 43
1771 46 29
1772 46 29
1773 46 29
1774 46 29
5872 46 30
5873 46 30
1778 46 30
1779 46 30
1780 46 30
1781 46 30
1782 46 30
1783 46 30
1784 46 30
1785 46 30
1786 46 30
1787 46 29
3837 46 30
3838 46 30
5885 46 30
5890 46 30
5894 46 30
6747 46 43
3853 46 30
3854 46 30
1807 46 43
1808 46 43
3855 46 30
3856 46 30
3857 46 30
3858 46 30
1814 46 43
3864 46 43
5912 46 43
1818 46 43
3868 46 30
6748 46 43
5925 46 43
5930 46 29
5931 46 29
1836 46 29
3889 46 30
3890 46 30
3891 46 30
3892 46 30
3893 46 30
3894 46 30
3895 46 30
1848 46 30
3896 46 30
3897 46 30
3898 46 30
3899 46 30
3900 46 30
5941 46 30
5942 46 30
3905 46 30
3906 46 30
3907 46 30
3911 46 29
3914 46 43
3916 46 29
5964 46 30
3925 46 30
3926 46 30
3927 46 30
5973 46 29
5974 46 43
5975 46 29
5976 46 30
5977 46 30
3942 46 43
3944 46 30
3945 46 30
6751 46 29
3953 46 30
3954 46 30
3955 46 30
3956 46 30
3957 46 43
6009 46 30
6010 46 30
3963 46 30
3964 46 30
6011 46 30
3966 46 30
6015 46 30
7301 46 30
3969 46 30
6018 46 30
6019 46 30
7302 46 30
7303 46 30
7304 46 30
6032 46 30
7305 46 30
3988 46 30
3989 46 30
3990 46 30
3991 46 30
3992 46 30
3993 46 30
3994 46 30
7306 46 30
3996 46 30
1949 46 30
3997 46 30
3999 46 30
7307 46 30
7308 46 30
7309 46 30
7310 46 30
4012 46 30
4013 46 30
4014 46 30
6060 46 30
6062 46 30
6063 46 30
1970 46 30
6064 46 30
6068 46 30
6069 46 30
6070 46 30
6071 46 30
7311 46 30
6073 46 29
1978 46 29
7312 46 30
7313 46 30
1981 46 43
7314 46 30
6084 46 30
6085 46 30
1990 46 43
5280 46 30
6087 46 30
7316 46 30
1996 46 30
7317 46 30
6098 46 29
7318 46 30
7319 46 30
7320 46 30
2014 46 30
7321 46 30
6118 46 30
7322 46 30
6124 46 30
7326 46 30
6129 46 30
7324 46 30
2038 46 43
2039 46 43
2040 46 43
7325 46 30
4091 46 30
2048 47 3
6155 47 4
6156 47 4
6157 47 4
6158 47 4
16 47 4
6160 47 4
18 47 4
4114 47 3
23 47 4
25 47 4
2079 47 3
45 47 3
2097 47 3
4157 47 3
4158 47 3
4160 47 3
4161 47 3
4162 47 4
4163 47 4
6228 47 3
2151 47 3
4208 47 3
6260 47 3
6261 47 3
6262 47 3
6273 47 3
6274 47 3
6275 47 4
6276 47 4
6277 47 4
6284 47 3
4237 47 3
6285 47 3
4252 47 4
4253 47 4
4269 47 3
6320 47 3
6321 47 3
4280 47 3
4289 47 4
4294 47 3
6343 47 3
2255 47 3
2258 47 3
6355 47 3
6364 47 3
6365 47 4
6366 47 4
224 47 3
225 47 3
228 47 3
6376 47 4
6390 47 3
6391 47 3
248 47 3
6392 47 3
251 47 3
252 47 3
253 47 3
4364 47 3
4365 47 3
4366 47 3
4381 47 3
4382 47 3
300 47 3
2360 47 3
316 47 3
320 47 3
322 47 3
323 47 3
324 47 3
325 47 3
342 47 3
343 47 3
345 47 3
2396 47 3
349 47 3
350 47 3
351 47 3
359 47 3
360 47 3
4465 47 3
4472 47 3
388 47 3
6537 47 3
403 47 3
409 47 3
6555 47 3
6559 47 3
6560 47 3
420 47 3
6564 47 3
6566 47 3
2487 47 3
440 47 3
6594 47 3
6595 47 3
453 47 3
6601 47 3
463 47 4
464 47 3
6608 47 3
6620 47 3
2540 47 3
6655 47 3
513 47 3
4614 47 3
4615 47 3
2570 47 3
2571 47 3
2572 47 3
525 47 4
2573 47 3
2575 47 3
4624 47 3
6667 47 3
531 47 3
537 47 3
538 47 3
539 47 3
540 47 3
543 47 3
4639 47 4
546 47 3
553 47 3
4657 47 4
563 47 4
564 47 3
2624 47 4
584 47 4
587 47 4
588 47 3
6738 47 3
4691 47 3
6740 47 3
598 47 4
600 47 3
608 47 3
611 47 3
623 47 3
626 47 3
629 47 3
630 47 4
632 47 4
2682 47 4
639 47 4
2689 47 4
2690 47 4
651 47 4
6796 47 3
659 47 3
666 47 3
2716 47 3
670 47 3
671 47 4
674 47 3
675 47 3
676 47 3
678 47 3
679 47 4
680 47 3
682 47 4
683 47 4
688 47 4
6840 47 3
6841 47 4
703 47 4
704 47 3
6848 47 3
706 47 4
4803 47 3
6851 47 3
711 47 4
4807 47 3
6858 47 3
724 47 3
725 47 3
726 47 3
733 47 3
6877 47 3
737 47 3
2789 47 4
6887 47 4
744 47 4
2795 47 3
6894 47 4
754 47 4
2821 47 3
2823 47 3
777 47 3
778 47 4
2828 47 3
781 47 3
2829 47 3
2830 47 3
784 47 4
788 47 3
800 47 3
806 47 3
811 47 3
812 47 3
813 47 3
814 47 3
815 47 3
2860 47 3
4911 47 3
825 47 3
4924 47 4
4926 47 4
2878 47 3
2879 47 3
834 47 3
837 47 3
4942 47 3
2897 47 3
2898 47 3
2899 47 3
2900 47 3
4949 47 3
2901 47 3
2903 47 3
2904 47 3
2905 47 3
2906 47 3
2911 47 3
4961 47 3
4962 47 3
4963 47 3
4978 47 4
7034 47 3
7035 47 3
893 47 3
894 47 3
2946 47 3
4997 47 3
2952 47 4
2953 47 4
2954 47 4
2955 47 4
5002 47 4
5003 47 4
912 47 3
914 47 3
924 47 4
7069 47 3
930 47 3
5040 47 4
7098 47 3
7099 47 3
959 47 3
962 47 4
3012 47 3
3013 47 3
3014 47 3
3015 47 3
3016 47 3
3017 47 3
3018 47 3
3019 47 3
3020 47 3
3021 47 3
3022 47 3
3023 47 3
7126 47 3
7130 47 4
7135 47 3
3040 47 3
3041 47 3
3042 47 3
1004 47 3
7157 47 3
3067 47 4
3068 47 4
3069 47 4
5119 47 3
5120 47 3
3071 47 4
5125 47 3
7173 47 3
3089 47 3
3090 47 3
3091 47 3
3093 47 3
3094 47 3
3095 47 3
3096 47 3
3097 47 3
3098 47 3
5145 47 3
7201 47 4
7207 47 3
7210 47 3
1067 47 3
7211 47 3
1073 47 3
1092 47 3
3143 47 3
3144 47 3
7244 47 3
7245 47 3
3155 47 3
7260 47 3
7269 47 3
5229 47 3
7277 47 3
7278 47 4
3184 47 3
7286 47 4
7287 47 4
7288 47 4
3202 47 3
3203 47 3
3204 47 3
3205 47 3
7315 47 3
5277 47 3
5304 47 3
5305 47 3
7358 47 4
7359 47 4
1218 47 3
3267 47 3
5315 47 4
5316 47 3
5318 47 3
3271 47 3
3272 47 3
5319 47 3
5320 47 3
7363 47 3
7364 47 3
5357 47 4
5358 47 4
1263 47 3
5359 47 4
5360 47 4
1272 47 3
5368 47 3
7429 47 4
3391 47 3
3392 47 3
1346 47 3
1363 47 3
1370 47 3
1371 47 3
1372 47 3
3428 47 3
5477 47 3
3432 47 3
5495 47 3
3452 47 3
3467 47 3
5530 47 3
5533 47 3
5538 47 3
3521 47 3
3525 47 3
3528 47 4
5589 47 3
5603 47 3
3587 47 3
5654 47 4
5655 47 4
5656 47 4
5657 47 4
5658 47 4
5659 47 4
5675 47 3
5679 47 3
3632 47 3
3634 47 3
3635 47 3
3645 47 3
3646 47 3
3647 47 3
3648 47 3
3649 47 3
5700 47 4
3671 47 3
5720 47 3
5721 47 3
3674 47 4
5722 47 3
3681 47 3
5755 47 3
3744 47 4
3745 47 3
3746 47 3
3747 47 3
1700 47 4
5792 47 3
3813 47 3
5870 47 3
3823 47 3
5888 47 3
1793 47 3
3842 47 3
1795 47 4
1796 47 3
3843 47 3
5889 47 4
1802 47 3
1803 47 3
5915 47 3
5918 47 3
3874 47 4
5926 47 3
5927 47 3
5952 47 4
5953 47 3
5962 47 3
3915 47 3
3939 47 3
3940 47 3
3941 47 3
1897 47 3
3951 47 3
1913 47 3
4001 47 3
1956 47 4
6055 47 3
6056 47 3
4009 47 4
4010 47 3
4020 47 4
6083 47 3
4037 47 3
6100 47 3
6101 47 3
6116 47 3
6117 47 3
2034 47 3
2044 47 3
2046 47 3
6144 17 50
2049 17 36
6145 17 36
2051 17 36
4100 17 36
4101 17 36
6146 17 36
2055 17 36
2063 17 36
2064 17 36
2067 17 36
2068 17 50
2070 17 36
6169 17 36
2077 17 36
2085 17 36
2086 17 36
2089 17 36
4141 17 36
4142 17 36
2095 17 50
4144 17 36
2098 17 50
4146 17 36
4150 17 36
2103 17 36
2104 17 36
2105 17 36
6201 17 50
2108 17 36
2109 17 36
2110 17 50
2111 17 36
2112 17 36
2113 17 36
2114 17 36
2115 17 36
2116 17 36
2117 17 50
2118 17 50
2119 17 50
2120 17 50
2121 17 50
2122 17 36
2123 17 36
2124 17 36
2125 17 36
2126 17 36
2127 17 36
2128 17 36
6218 17 36
6224 17 36
2136 17 36
4090 17 36
2148 17 36
6245 17 36
6249 17 50
2155 17 36
6251 17 36
2157 17 50
2158 17 36
2159 17 36
2160 17 50
2161 17 50
2162 17 50
2163 17 50
2164 17 50
2165 17 36
2166 17 36
2167 17 50
2168 17 50
2169 17 50
2170 17 50
2171 17 50
2172 17 50
2173 17 50
2174 17 50
2175 17 50
2176 17 50
2177 17 50
2178 17 50
4219 17 36
2180 17 36
2181 17 36
2182 17 36
2183 17 36
2184 17 36
4232 17 36
4233 17 36
6291 17 36
2197 17 36
2198 17 36
2199 17 36
2201 17 36
2202 17 50
2203 17 50
2204 17 50
2205 17 50
6137 17 50
6302 17 36
4256 17 36
6305 17 36
6138 17 50
4259 17 50
4262 17 50
4263 17 50
4267 17 50
4271 17 36
4277 17 36
2237 17 50
2238 17 50
2240 17 36
4288 17 36
2242 17 50
4293 17 36
2246 17 36
2248 17 36
2249 17 36
2250 17 36
4296 17 36
2252 17 50
2253 17 50
2254 17 50
4297 17 36
2256 17 50
4302 17 36
4305 17 36
2259 17 36
4307 17 36
4308 17 36
2262 17 36
4309 17 36
2266 17 36
2267 17 36
2268 17 36
2269 17 50
2270 17 36
2271 17 36
2272 17 36
4321 17 36
2274 17 36
2275 17 36
2276 17 36
4324 17 36
2278 17 36
2279 17 36
2280 17 36
2281 17 36
2282 17 36
2283 17 36
2284 17 36
2285 17 36
2286 17 36
2287 17 36
2288 17 36
2289 17 36
2290 17 36
2291 17 36
2292 17 36
2293 17 36
2294 17 36
2295 17 36
2296 17 36
7375 17 50
6394 17 36
2299 17 36
6395 17 36
2301 17 36
2302 17 36
2303 17 36
2304 17 36
2305 17 36
2306 17 36
2307 17 36
6397 17 36
6398 17 36
2310 17 36
6604 17 36
2313 17 36
2314 17 36
2315 17 36
2316 17 36
6411 17 50
2318 17 36
2319 17 36
2320 17 36
2321 17 36
2322 17 36
2323 17 36
2324 17 36
2325 17 36
2326 17 36
2327 17 36
2328 17 36
2329 17 36
2334 17 36
2336 17 36
2337 17 36
2338 17 36
2339 17 36
4384 17 36
6436 17 36
6437 17 36
2344 17 36
2345 17 36
2346 17 36
2347 17 36
2348 17 36
2349 17 36
2350 17 36
2351 17 36
2352 17 36
4397 17 36
2354 17 36
6449 17 36
6450 17 36
2358 17 36
2359 17 36
6454 17 36
2361 17 36
2362 17 36
6457 17 36
6458 17 36
317 17 50
2365 17 36
2366 17 50
2367 17 36
2368 17 36
2369 17 36
2370 17 36
2371 17 50
4425 17 36
6474 17 36
4572 17 36
2383 17 36
2384 17 36
2388 17 36
2389 17 36
4436 17 36
4438 17 36
2395 17 36
2397 17 36
4450 17 36
2405 17 36
2406 17 36
4573 17 36
2411 17 36
2412 17 36
2413 17 36
4463 17 36
4467 17 36
4468 17 36
4469 17 36
4479 17 36
4480 17 36
4481 17 36
4554 17 36
2435 17 36
6530 17 36
6589 17 36
4556 17 36
4492 17 36
4493 17 36
4494 17 36
2447 17 36
2448 17 36
2449 17 36
2450 17 36
4495 17 36
4496 17 36
4498 17 36
4558 17 36
6556 17 36
4524 17 50
6573 17 36
6574 17 36
2482 17 36
2483 17 36
2485 17 36
4533 17 36
4534 17 50
2493 17 36
2494 17 36
2495 17 36
2496 17 36
2497 17 36
2498 17 36
2499 17 36
2500 17 50
4159 17 36
2502 17 36
2503 17 36
2504 17 36
2505 17 36
4553 17 36
2507 17 36
2508 17 36
2509 17 36
2510 17 36
2511 17 36
2512 17 36
2513 17 36
2514 17 36
2515 17 36
2516 17 36
2517 17 36
2518 17 36
2519 17 36
4564 17 36
473 17 36
4565 17 36
4567 17 36
4568 17 36
4569 17 36
2526 17 36
2527 17 36
2528 17 36
2529 17 36
2530 17 36
2531 17 36
2532 17 36
2533 17 36
2534 17 36
2535 17 36
2536 17 36
2537 17 36
2538 17 36
2539 17 36
4579 17 36
2541 17 36
2542 17 36
2543 17 36
2544 17 36
2545 17 36
2546 17 36
2547 17 36
2548 17 36
2549 17 36
4576 17 50
4577 17 36
4591 17 36
4592 17 36
4593 17 36
4594 17 36
4596 17 36
4597 17 36
2558 17 36
2559 17 36
4601 17 36
4603 17 36
4604 17 36
6653 17 50
4580 17 36
2565 17 36
2566 17 36
6656 17 36
6209 17 36
4581 17 36
6657 17 36
6665 17 36
4582 17 50
4622 17 36
4623 17 36
4583 17 36
2583 17 36
2584 17 36
4584 17 36
6682 17 50
6687 17 36
6688 17 36
4586 17 36
6694 17 36
4587 17 36
6695 17 36
4589 17 36
4590 17 36
4662 17 36
4670 17 36
4673 17 36
4674 17 36
2635 17 36
2636 17 36
6734 17 36
2639 17 36
6737 17 36
2642 17 36
2645 17 36
2646 17 50
2647 17 36
2648 17 36
6632 17 36
6741 17 36
4598 17 36
6755 17 36
6756 17 36
6635 17 36
2673 17 36
6637 17 36
6638 17 50
2696 17 50
2697 17 50
6793 17 36
3793 17 36
6797 17 36
2703 17 36
2704 17 36
3795 17 36
2715 17 36
2717 17 36
6822 17 36
6823 17 36
6825 17 36
3799 17 36
6826 17 36
6827 17 36
6829 17 50
6830 17 50
3800 17 36
3801 17 36
4788 17 36
6836 17 36
6837 17 50
6838 17 50
3802 17 36
4209 17 36
4210 17 36
6850 17 36
4211 17 36
4804 17 36
4212 17 36
4810 17 50
4811 17 50
6860 17 36
6861 17 36
4815 17 36
2773 17 36
727 17 50
4216 17 36
4828 17 36
4829 17 36
2790 17 50
2791 17 36
6891 17 36
6892 17 50
6893 17 36
4852 17 36
4854 17 50
4855 17 50
4856 17 36
4858 17 36
4861 17 36
6911 17 36
6912 17 36
2819 17 50
6916 17 36
4876 17 36
4884 17 36
4885 17 36
4893 17 36
6265 17 36
4899 17 50
4900 17 50
4901 17 36
6948 17 36
6949 17 36
4904 17 36
4905 17 36
6951 17 36
6953 17 36
6954 17 50
6955 17 50
6963 17 36
2868 17 36
6964 17 36
4922 17 36
829 17 36
6973 17 36
6271 17 36
4931 17 36
4932 17 36
4933 17 36
6272 17 36
6987 17 50
4940 17 36
6988 17 36
6989 17 36
6990 17 50
4959 17 36
2912 17 36
4960 17 36
4969 17 36
7039 17 50
7054 17 36
5015 17 36
7073 17 36
7074 17 36
7085 17 50
7088 17 36
951 17 36
7100 17 36
7106 17 36
7107 17 36
7109 17 36
5067 17 36
5071 17 36
5072 17 36
3032 17 36
3039 17 36
7136 17 50
5090 17 36
5091 17 36
5092 17 36
5096 17 36
5097 17 36
5098 17 36
1003 17 36
3051 17 50
5100 17 36
5101 17 36
5103 17 50
3057 17 36
3060 17 36
5111 17 36
5112 17 36
5113 17 36
7164 17 36
7165 17 36
3070 17 36
5121 17 36
7169 17 36
5123 17 50
3078 17 36
3079 17 36
3087 17 36
3088 17 36
5141 17 50
5147 17 36
5148 17 36
3101 17 36
5149 17 36
5150 17 36
5151 17 36
5152 17 36
5156 17 50
7206 17 36
5164 17 36
5165 17 36
3876 17 36
5167 17 36
3120 17 36
3121 17 36
3122 17 36
5168 17 36
3124 17 36
3125 17 36
3126 17 36
7224 17 36
3129 17 36
3130 17 36
3131 17 36
3132 17 36
3133 17 36
3134 17 36
7235 17 36
7236 17 36
3881 17 36
3882 17 36
7251 17 36
7252 17 36
3884 17 36
1116 17 36
6205 17 36
7371 17 36
5217 17 36
1124 17 36
5922 17 36
7268 17 36
5223 17 36
5224 17 36
5225 17 36
5226 17 36
7281 17 36
5234 17 36
5235 17 36
3209 17 36
1169 17 36
5275 17 50
7327 17 36
5285 17 36
1190 17 50
5286 17 50
5287 17 36
7335 17 36
5293 17 36
1224 17 36
3273 17 36
1227 17 36
1228 17 36
1229 17 36
1230 17 36
1231 17 36
3275 17 36
1233 17 36
1234 17 36
1235 17 36
1236 17 36
3277 17 36
3278 17 36
3279 17 36
3280 17 36
3281 17 36
3282 17 36
3283 17 36
3284 17 36
3285 17 36
3286 17 36
3295 17 50
3296 17 50
3297 17 50
3298 17 50
5340 17 36
7376 17 36
5361 17 36
5362 17 36
5363 17 36
5364 17 36
7377 17 50
5367 17 36
1275 17 36
5373 17 36
1281 17 36
4325 17 50
1283 17 36
5378 17 36
7427 17 36
7428 17 36
1289 17 50
1290 17 50
1291 17 50
1292 17 50
1296 17 50
1298 17 36
5395 17 36
1300 17 36
4329 17 36
5396 17 36
1306 17 50
4330 17 36
6367 17 36
6368 17 36
4333 17 36
1322 17 36
3371 17 36
6369 17 36
1327 17 36
6370 17 36
5427 17 36
5428 17 36
6371 17 50
5433 17 36
3389 17 36
3390 17 36
3394 17 36
3395 17 50
1349 17 36
3398 17 36
1352 17 36
1353 17 36
1354 17 36
1355 17 36
1356 17 36
3400 17 36
3403 17 36
1359 17 50
1360 17 50
1361 17 50
1362 17 36
5456 17 36
1369 17 36
1373 17 50
1374 17 50
1375 17 50
1376 17 50
1377 17 50
1378 17 50
1379 17 50
3427 17 36
1381 17 36
3429 17 50
3430 17 50
1385 17 50
1386 17 50
1387 17 50
3436 17 50
3437 17 50
1392 17 36
1393 17 36
1394 17 36
1395 17 50
3448 17 36
5497 17 36
1403 17 36
1404 17 36
1405 17 36
1406 17 36
3451 17 36
3455 17 36
3458 17 36
3459 17 36
1413 17 50
1429 17 36
1430 17 36
1431 17 36
1432 17 36
1433 17 36
1434 17 36
1435 17 36
1436 17 36
1437 17 36
1438 17 36
3480 17 36
1441 17 50
1442 17 36
5537 17 36
5541 17 36
5544 17 36
5546 17 36
3500 17 36
3501 17 36
5570 17 36
5571 17 36
5583 17 36
3537 17 36
5587 17 36
5588 17 36
5604 17 36
5605 17 36
3558 17 36
3560 17 36
3562 17 36
3563 17 36
5611 17 36
5620 17 36
5622 17 36
5625 17 36
3588 17 36
3589 17 36
3590 17 36
3591 17 50
6412 17 36
5647 17 36
5648 17 36
5649 17 36
5653 17 36
5660 17 36
5681 17 36
5690 17 36
3643 17 36
3650 17 50
3655 17 50
5710 17 36
5711 17 36
5716 17 36
3682 17 36
3713 17 36
3732 17 36
5787 17 36
5788 17 36
5789 17 36
5790 17 36
3753 17 50
3754 17 36
3755 17 36
3756 17 36
3757 17 36
3758 17 36
3759 17 36
3760 17 50
3761 17 36
1717 17 36
1718 17 36
3766 17 36
3768 17 36
3769 17 36
3770 17 36
3771 17 36
1727 17 50
1734 17 36
1735 17 36
1740 17 36
1741 17 36
1743 17 36
1744 17 36
1745 17 36
1746 17 50
1747 17 50
1748 17 36
1749 17 36
1750 17 36
1751 17 36
1752 17 36
1753 17 36
1754 17 36
1755 17 36
1756 17 36
3796 17 36
1758 17 50
1759 17 50
1760 17 36
1761 17 36
1762 17 36
1763 17 36
1764 17 36
1765 17 36
5868 17 36
5869 17 36
3822 17 36
1775 17 36
1776 17 36
1777 17 36
5878 17 36
5881 17 36
3836 17 36
3839 17 50
3840 17 50
3844 17 50
1797 17 36
1800 17 36
1806 17 50
1809 17 36
1810 17 36
1812 17 36
1813 17 36
1816 17 36
1824 17 36
1825 17 36
1826 17 36
1827 17 36
1828 17 36
1829 17 36
1830 17 36
1831 17 36
1832 17 36
1833 17 36
1834 17 36
1835 17 50
3875 17 36
1837 17 36
1838 17 36
1839 17 36
1840 17 36
1841 17 36
1842 17 36
1843 17 36
3883 17 36
1845 17 36
3885 17 36
3886 17 36
3887 17 36
3888 17 36
5945 17 36
1852 17 36
1853 17 36
5954 17 50
3908 17 36
3910 17 36
3912 17 50
5963 17 36
3917 17 50
3918 17 36
3919 17 36
3920 17 36
3921 17 36
3922 17 36
3923 17 36
3924 17 36
5969 17 36
1880 17 36
1881 17 36
1882 17 36
3928 17 36
1884 17 36
1885 17 36
1886 17 36
3929 17 36
3931 17 36
3932 17 36
1890 17 36
3933 17 36
3943 17 36
5997 17 36
5998 17 50
1908 17 36
3960 17 36
6014 17 50
6017 17 36
1922 17 36
1925 17 36
1927 17 36
6024 17 50
6033 17 36
6034 17 36
3987 17 36
1942 17 36
6038 17 36
6039 17 36
6040 17 36
3998 17 36
1953 17 36
1957 17 36
1960 17 50
1961 17 36
1962 17 36
4011 17 36
1965 17 36
1966 17 36
1967 17 36
1968 17 36
1969 17 36
6065 17 36
4019 17 36
6066 17 36
1975 17 36
1976 17 36
1977 17 36
6074 17 36
1979 17 36
1980 17 50
6075 17 36
1982 17 36
1983 17 36
1984 17 36
6079 17 36
1986 17 36
4035 17 36
1988 17 36
1989 17 50
4036 17 36
1991 17 36
1992 17 36
4038 17 50
1994 17 36
1995 17 36
4039 17 50
1997 17 36
1998 17 36
1999 17 36
2000 17 36
2001 17 36
2002 17 36
2004 17 36
2005 17 36
2007 17 36
2008 17 36
2009 17 36
2010 17 36
2011 17 36
4060 17 36
2013 17 36
6103 17 36
2015 17 36
2016 17 36
2017 17 50
2018 17 36
6109 17 36
2020 17 36
2021 17 36
2022 17 36
2023 17 36
2024 17 36
6120 17 50
2026 17 36
2027 17 36
4074 17 36
2029 17 50
2030 17 50
4075 17 36
4076 17 36
2033 17 36
4077 17 36
4078 17 36
2036 17 36
2037 17 36
4087 17 36
4088 17 36
2041 17 36
2042 17 36
6139 17 50
6140 17 50
6141 17 50
6142 17 50
6143 17 50
2056 19 14
6153 19 2
4110 19 2
22 19 2
6168 19 12
6170 19 4
6171 19 4
6172 19 14
6184 19 14
4148 19 14
5709 19 14
4151 19 14
4152 19 14
4153 19 14
4154 19 14
4155 19 14
4175 19 4
6250 19 14
6267 19 14
6268 19 14
4236 19 4
4238 19 4
6299 19 14
4261 19 4
4264 19 2
4265 19 2
4290 19 14
6338 19 14
4292 19 14
6339 19 14
6340 19 14
4295 19 14
6346 19 14
4306 19 14
2264 19 4
220 19 14
4320 19 14
2273 19 4
4322 19 2
6373 19 4
6377 19 14
6379 19 12
6380 19 4
6381 19 4
6400 19 4
6401 19 4
6402 19 14
4358 19 12
4359 19 12
4360 19 12
4361 19 12
6406 19 14
4363 19 12
6409 19 4
6410 19 14
4367 19 12
4370 19 2
6418 19 4
6419 19 4
6422 19 14
6427 19 14
6428 19 14
6429 19 14
4386 19 14
4387 19 14
4388 19 14
4396 19 4
4409 19 4
4412 19 14
4413 19 14
6460 19 4
2374 19 14
2382 19 14
4445 19 14
4446 19 12
4447 19 14
4449 19 14
4451 19 14
4452 19 14
2407 19 14
362 19 14
363 19 12
365 19 12
371 19 4
373 19 14
4470 19 14
4473 19 4
4478 19 12
383 19 2
384 19 4
7179 19 12
4484 19 14
4485 19 14
390 19 4
391 19 4
4486 19 4
6536 19 14
395 19 4
396 19 4
399 19 4
405 19 14
7180 19 12
410 19 14
412 19 12
417 19 14
418 19 14
419 19 14
425 19 14
6571 19 4
431 19 14
432 19 12
433 19 12
6577 19 14
6578 19 4
6579 19 14
6580 19 4
6581 19 4
6582 19 4
6583 19 4
6584 19 4
6587 19 4
446 19 14
4544 19 2
449 19 12
4545 19 4
4552 19 4
458 19 2
460 19 2
6607 19 14
6613 19 14
4566 19 14
471 19 14
6614 19 14
6615 19 14
6616 19 12
6617 19 12
6618 19 12
6621 19 12
6622 19 12
479 19 14
480 19 4
4578 19 14
7423 19 14
488 19 14
6633 19 14
7424 19 14
6636 19 14
497 19 14
507 19 2
6651 19 4
6654 19 14
6660 19 14
4613 19 4
6663 19 4
523 19 14
2576 19 4
2577 19 4
2578 19 4
2579 19 4
532 19 14
533 19 14
2580 19 4
535 19 14
4625 19 14
4626 19 14
6681 19 14
4636 19 4
4637 19 4
542 19 14
2595 19 4
2596 19 4
549 19 14
2597 19 4
551 19 14
552 19 14
2598 19 14
554 19 14
2599 19 2
556 19 14
557 19 14
558 19 4
559 19 14
2600 19 4
2601 19 14
4651 19 4
4652 19 14
6706 19 2
5404 19 4
566 19 4
568 19 14
570 19 14
572 19 14
573 19 14
574 19 2
6716 19 14
6717 19 14
578 19 4
581 19 4
4677 19 12
4681 19 2
2638 19 12
591 19 14
2640 19 4
593 19 14
4688 19 14
4689 19 14
2644 19 4
4690 19 2
6736 19 14
6739 19 14
6745 19 4
3376 19 4
2651 19 4
2652 19 2
2653 19 2
2654 19 2
2655 19 2
2656 19 2
2657 19 14
2658 19 2
2659 19 2
2660 19 2
2661 19 2
2662 19 2
615 19 14
2663 19 2
617 19 12
618 19 2
2664 19 2
2665 19 2
2666 19 2
622 19 2
2667 19 2
2668 19 2
3379 19 14
2676 19 12
2677 19 4
2678 19 4
2679 19 4
2680 19 4
633 19 4
2681 19 4
635 19 14
636 19 4
6784 19 14
6785 19 14
642 19 14
6786 19 14
646 19 14
5420 19 14
648 19 14
5421 19 14
652 19 14
655 19 14
2708 19 14
661 19 14
662 19 12
2710 19 14
2714 19 14
6811 19 14
686 19 14
6831 19 14
6832 19 14
693 19 14
694 19 4
2741 19 14
696 19 4
697 19 14
2742 19 14
2743 19 14
2744 19 14
2745 19 14
2746 19 2
2747 19 2
2749 19 14
2750 19 14
4797 19 14
4798 19 14
708 19 14
4799 19 14
4800 19 4
4801 19 14
4802 19 4
716 19 14
2768 19 4
4826 19 4
731 19 2
2783 19 4
6879 19 14
6880 19 14
6881 19 14
739 19 14
740 19 14
741 19 14
6882 19 4
6883 19 4
2792 19 14
745 19 4
6886 19 4
747 19 14
751 19 14
2807 19 14
2811 19 4
4859 19 4
4860 19 4
6909 19 12
770 19 4
775 19 12
2827 19 14
4881 19 14
786 19 14
795 19 14
6940 19 12
4894 19 14
6942 19 14
6943 19 14
6944 19 14
6945 19 14
4903 19 14
2856 19 2
2857 19 2
4909 19 14
4910 19 14
4917 19 2
4918 19 2
7040 19 2
4928 19 14
4929 19 14
6977 19 14
6978 19 14
6979 19 14
6980 19 14
4941 19 4
846 19 4
847 19 14
848 19 4
4945 19 14
850 19 12
4952 19 14
4953 19 4
4955 19 4
2915 19 14
2916 19 4
2917 19 4
2918 19 4
2919 19 4
2920 19 4
2921 19 4
2922 19 4
2923 19 4
2924 19 4
4973 19 2
2926 19 4
2927 19 4
2928 19 4
2929 19 4
2930 19 4
2931 19 4
2932 19 4
2933 19 4
886 19 14
2934 19 4
2935 19 4
2936 19 4
2937 19 4
2938 19 4
2939 19 4
2940 19 4
2941 19 4
2942 19 4
2943 19 4
897 19 14
2944 19 4
899 19 12
2945 19 4
2947 19 12
2948 19 12
2949 19 14
2950 19 14
2951 19 14
4995 19 14
7050 19 12
7051 19 12
2963 19 14
2964 19 14
5012 19 2
7067 19 4
929 19 14
7077 19 4
5031 19 12
5032 19 12
5033 19 14
5034 19 12
5035 19 4
5036 19 2
7083 19 4
7084 19 4
5039 19 4
5042 19 4
5043 19 4
7093 19 14
5048 19 14
5051 19 14
5075 19 4
5076 19 4
5063 19 12
5064 19 14
5077 19 4
3025 19 12
3026 19 12
3027 19 12
3028 19 12
3029 19 12
3030 19 12
3031 19 12
5074 19 4
3033 19 12
3034 19 12
3035 19 12
3036 19 12
3037 19 12
3038 19 12
5078 19 14
5079 19 4
5080 19 4
5081 19 4
5082 19 4
5083 19 4
5084 19 4
5085 19 4
3047 19 4
3048 19 4
3049 19 4
3050 19 4
7139 19 14
7141 19 14
3053 19 14
3054 19 4
7143 19 2
7144 19 14
5105 19 14
5106 19 14
7146 19 2
7147 19 14
3061 19 2
3062 19 14
3063 19 4
3064 19 4
3378 19 14
3066 19 4
5086 19 4
5087 19 4
5110 19 14
5115 19 2
5116 19 2
5117 19 2
7168 19 14
3075 19 2
3076 19 2
3077 19 4
5124 19 14
5126 19 14
3080 19 2
3081 19 2
3082 19 2
3083 19 14
3084 19 14
5127 19 14
5128 19 14
5129 19 14
5130 19 14
5133 19 4
5135 19 4
5136 19 4
3092 19 14
5137 19 4
5138 19 4
5139 19 4
5142 19 14
5143 19 14
5144 19 14
7190 19 14
7191 19 14
5157 19 4
5158 19 12
5159 19 12
1065 19 12
1066 19 12
5161 19 4
1068 19 12
1069 19 2
1070 19 14
1072 19 14
7133 19 2
1074 19 14
1076 19 4
1078 19 14
1079 19 14
1081 19 14
1083 19 14
1084 19 14
1085 19 4
1086 19 4
1093 19 14
1094 19 14
3142 19 2
5191 19 4
7241 19 14
7243 19 14
7246 19 4
5199 19 14
5200 19 14
7247 19 4
7248 19 14
7249 19 14
3156 19 12
3157 19 12
3158 19 12
3159 19 12
3160 19 12
3161 19 12
3162 19 12
3163 19 12
3164 19 4
3165 19 4
3166 19 2
5207 19 2
5208 19 2
5209 19 2
5210 19 2
5211 19 14
5515 19 14
3173 19 12
3174 19 2
3175 19 2
3177 19 14
3178 19 14
5227 19 14
3180 19 14
5516 19 4
5230 19 14
5231 19 14
5517 19 14
7145 19 4
7276 19 14
3195 19 4
3196 19 4
3197 19 4
5520 19 4
5521 19 14
3206 19 14
3207 19 14
5255 19 14
5256 19 14
5522 19 14
6749 19 4
5294 19 2
5300 19 14
5308 19 4
5311 19 4
5312 19 14
5313 19 4
3276 19 4
3288 19 4
3289 19 4
3290 19 4
3291 19 4
3292 19 4
3293 19 4
3294 19 4
1261 19 14
1262 19 4
1264 19 14
7408 19 2
1266 19 14
1267 19 14
1268 19 14
7412 19 14
1270 19 14
1271 19 14
5366 19 14
1274 19 14
1276 19 14
1277 19 14
1278 19 4
1279 19 2
7174 19 12
5377 19 14
1282 19 14
7422 19 14
1284 19 14
1285 19 14
1286 19 14
1287 19 14
1288 19 2
7175 19 12
7176 19 12
7432 19 14
7435 19 14
7437 19 14
7177 19 12
1295 19 14
7439 19 14
7178 19 12
5397 19 4
1303 19 14
1304 19 14
1305 19 14
3353 19 2
3354 19 2
1308 19 4
1309 19 14
1310 19 14
1311 19 14
1312 19 14
1313 19 14
1314 19 14
1315 19 14
1316 19 14
1317 19 14
1318 19 14
1319 19 14
1320 19 14
1321 19 14
1323 19 14
1324 19 14
1325 19 14
1326 19 14
3375 19 4
1328 19 14
1329 19 14
1330 19 14
1331 19 14
1332 19 14
1333 19 14
1334 19 14
1335 19 14
1336 19 14
1337 19 14
3377 19 4
1339 19 14
1340 19 14
3380 19 14
3381 19 14
3385 19 14
1348 19 2
1358 19 2
3409 19 14
1366 19 2
3415 19 4
1368 19 14
3419 19 4
3420 19 4
1380 19 14
1382 19 14
1383 19 14
1388 19 14
1389 19 14
1390 19 14
1391 19 14
3438 19 14
1396 19 14
1397 19 14
1398 19 14
1399 19 2
1401 19 4
3449 19 14
3450 19 14
5499 19 14
3453 19 14
5501 19 14
5502 19 14
5504 19 14
3457 19 14
5505 19 14
3460 19 14
3461 19 14
5511 19 14
3464 19 14
3465 19 14
3466 19 14
5512 19 14
3468 19 14
3469 19 14
3470 19 14
3471 19 14
3472 19 14
5513 19 4
5514 19 4
3475 19 14
3476 19 14
3477 19 14
3478 19 14
5518 19 4
5519 19 4
3481 19 14
3482 19 4
3483 19 14
5523 19 14
5524 19 14
5525 19 14
5526 19 4
5527 19 4
5528 19 4
5531 19 14
5532 19 14
5542 19 12
5543 19 12
5545 19 4
3503 19 14
3504 19 14
3505 19 14
3506 19 14
5556 19 2
3513 19 14
3514 19 14
3515 19 14
3516 19 14
3517 19 14
3518 19 14
5567 19 14
3522 19 14
3523 19 14
3524 19 14
5573 19 14
5574 19 14
3527 19 14
5575 19 14
5576 19 14
3530 19 14
3531 19 14
3532 19 14
5577 19 12
5578 19 12
5599 19 14
5600 19 14
3553 19 14
5602 19 14
5606 19 14
5607 19 14
5608 19 4
3561 19 14
5627 19 12
1533 19 14
1534 19 14
1535 19 4
5629 19 4
5630 19 14
5632 19 12
5634 19 14
5650 19 12
1559 19 4
1560 19 14
1566 19 14
5663 19 4
3619 19 12
1577 19 14
1578 19 14
5674 19 4
5676 19 4
5677 19 4
5678 19 4
5680 19 14
3633 19 14
5688 19 4
5689 19 14
3644 19 4
3654 19 12
5703 19 4
3656 19 12
3657 19 12
3658 19 12
5704 19 4
3660 19 2
3661 19 12
3662 19 12
3663 19 12
3664 19 12
3665 19 12
3666 19 12
3667 19 12
3668 19 12
3669 19 12
3670 19 12
5713 19 14
3672 19 12
3673 19 4
5714 19 2
3675 19 12
5715 19 2
3678 19 12
3679 19 12
5727 19 4
3686 19 14
5734 19 14
5735 19 14
5738 19 14
5741 19 14
1650 19 4
5747 19 14
5749 19 4
5750 19 14
5752 19 14
5753 19 14
5754 19 14
5757 19 14
5758 19 4
5759 19 4
5760 19 4
5761 19 4
5762 19 4
5763 19 14
5764 19 4
5765 19 4
5766 19 4
5767 19 4
5768 19 4
5769 19 4
1675 19 2
3737 19 14
1701 19 2
1702 19 2
1703 19 2
1704 19 2
1705 19 2
1706 19 2
1707 19 2
1708 19 2
1709 19 2
1710 19 2
1711 19 2
1712 19 2
1713 19 2
1714 19 2
1715 19 2
1716 19 2
5809 19 14
5810 19 14
5812 19 14
5813 19 14
5814 19 14
5815 19 14
5816 19 14
5817 19 14
1725 19 14
3774 19 4
3775 19 4
5818 19 14
5832 19 14
5837 19 14
5841 19 4
5842 19 4
5850 19 4
5851 19 4
5852 19 4
5853 19 4
5859 19 2
1766 19 4
3814 19 14
5863 19 4
5864 19 14
5865 19 4
5866 19 4
3821 19 4
5871 19 14
3824 19 12
3834 19 14
3835 19 14
5883 19 12
1789 19 12
1790 19 12
1791 19 12
5884 19 12
5891 19 4
5892 19 4
5893 19 14
3846 19 14
3847 19 2
3848 19 2
3849 19 2
3850 19 2
3851 19 2
1804 19 14
1805 19 14
3852 19 2
1819 19 14
1820 19 14
1821 19 14
1822 19 14
1823 19 14
3879 19 2
3880 19 2
5956 19 14
5958 19 14
5960 19 14
5961 19 14
1866 19 14
1870 19 14
5970 19 12
1875 19 14
5972 19 2
1878 19 2
1883 19 14
5980 19 14
5981 19 14
1889 19 14
3938 19 14
1892 19 14
1898 19 14
1899 19 4
3946 19 4
3947 19 4
3948 19 12
3949 19 12
1904 19 4
5995 19 14
1906 19 12
1910 19 4
1911 19 14
6006 19 14
1914 19 14
1915 19 12
1916 19 4
1917 19 4
6013 19 12
3970 19 14
1923 19 4
1924 19 4
3974 19 14
6023 19 14
3978 19 4
1933 19 12
6035 19 12
6036 19 12
6037 19 14
1943 19 4
3995 19 4
6043 19 14
6045 19 14
6046 19 14
4000 19 4
6049 19 14
4002 19 4
4003 19 4
4004 19 4
4005 19 4
4006 19 4
4007 19 4
4008 19 4
6050 19 14
6053 19 14
6054 19 4
1964 19 14
6057 19 4
6058 19 4
4015 19 4
4016 19 14
6059 19 4
6061 19 14
4021 19 4
4022 19 4
4025 19 14
6076 19 4
6080 19 14
4033 19 4
6082 19 14
6088 19 14
1993 19 14
6099 19 12
4063 19 14
4064 19 2
4065 19 2
4066 19 2
4067 19 2
4068 19 2
2028 19 14
6125 19 4
6126 19 14
6127 19 14
6130 19 14
6131 19 14
2043 19 14
3074 25 20
6658 25 20
6148 25 20
6151 25 20
3085 25 20
2574 25 20
7187 25 20
7188 25 20
7189 25 20
7192 25 20
7193 25 20
7194 25 20
7195 25 20
7208 25 20
6185 25 20
1071 25 20
6192 25 20
5169 25 20
5170 25 20
5171 25 20
5172 25 20
5173 25 20
6193 25 20
6194 25 20
6202 25 20
6203 25 20
6204 25 20
7226 25 20
7227 25 20
7228 25 20
7231 25 20
7232 25 20
6215 25 20
3187 25 20
2185 25 20
2186 25 20
2187 25 20
2188 25 20
2189 25 20
2190 25 20
2191 25 20
2192 25 20
2193 25 20
2194 25 20
2195 25 20
2196 25 20
2200 25 20
3739 25 20
3740 25 20
3741 25 20
2206 25 20
2207 25 20
2208 25 20
2209 25 20
2210 25 20
2211 25 20
2212 25 20
2213 25 20
2214 25 20
2215 25 20
2216 25 20
2217 25 20
2218 25 20
2219 25 20
2220 25 20
2221 25 20
2222 25 20
2223 25 20
2224 25 20
2225 25 20
2226 25 20
2227 25 20
2228 25 20
2229 25 20
2230 25 20
2231 25 20
6341 25 20
6342 25 20
723 25 20
7383 25 20
7384 25 20
2265 25 20
6874 25 20
5341 25 20
5343 25 20
5346 25 20
5347 25 20
6378 25 20
749 25 20
4850 25 20
4851 25 20
7415 25 20
5370 25 20
5886 25 20
1792 25 20
1794 25 20
1798 25 20
1799 25 20
5412 25 20
6438 25 20
6950 25 20
3383 25 20
3384 25 20
3401 25 20
3402 25 20
5451 25 20
6992 25 20
6993 25 20
6994 25 20
5460 25 20
5461 25 20
5462 25 20
3416 25 20
1384 25 20
4979 25 20
4992 25 20
394 25 20
3742 25 20
397 25 20
404 25 20
406 25 20
413 25 20
414 25 20
1439 25 20
1440 25 20
6052 25 20
5030 25 20
5554 25 20
3507 25 20
3508 25 20
3509 25 20
3510 25 20
3511 25 20
3512 25 20
5555 25 20
5557 25 20
5558 25 20
5561 25 20
5562 25 20
5564 25 20
5565 25 20
6593 25 20
6626 25 20
7152 25 20
7153 25 20
7154 25 20
7155 25 20
7156 25 20
6646 25 20
6647 25 20
6648 25 20
6649 25 20
6650 25 20
