2050 3 18
2051 3 18
2052 3 18
2054 3 15
2055 3 15
11 3 15
2060 3 18
2061 3 18
2062 3 18
2063 3 18
2068 3 18
2069 3 18
2070 3 18
2071 3 18
24 3 18
2073 3 18
2072 3 18
2076 3 15
2079 3 18
2081 3 18
2082 3 18
2083 3 18
2084 3 18
2085 3 18
2086 3 18
2087 3 18
2088 3 18
2089 3 18
2090 3 18
2091 3 18
44 3 18
2092 3 18
2095 3 18
2096 3 18
2097 3 18
2099 3 18
2100 3 18
2101 3 18
2103 3 18
2104 3 18
2105 3 18
2106 3 18
60 3 18
64 3 15
2112 3 18
2113 3 18
2119 3 18
2121 3 18
2125 3 18
2126 3 18
2127 3 18
2128 3 18
2131 3 18
2132 3 18
2136 3 18
2137 3 18
2138 3 18
2139 3 18
2141 3 18
2143 3 18
8290 3 18
8291 3 18
8292 3 18
2146 3 18
2147 3 18
2151 3 18
2148 3 18
2149 3 18
2150 3 18
2152 3 18
2156 3 18
2157 3 18
2155 3 18
2159 3 18
2161 3 18
2163 3 18
2164 3 18
2165 3 18
2167 3 18
2168 3 18
2169 3 18
2170 3 18
2172 3 18
2173 3 18
2175 3 18
128 3 15
2178 3 15
2179 3 18
2180 3 18
2181 3 18
2182 3 18
2183 3 18
2184 3 18
2185 3 18
2187 3 18
2188 3 18
2189 3 18
2190 3 18
2191 3 18
2193 3 18
2194 3 18
2195 3 18
2196 3 18
2197 3 18
2198 3 18
2199 3 18
2200 3 18
2201 3 18
2202 3 18
2203 3 18
2204 3 18
2205 3 18
2206 3 18
2211 3 18
2212 3 18
2213 3 18
2214 3 18
2215 3 18
2216 3 18
2218 3 18
2219 3 18
173 3 18
2221 3 15
2222 3 15
2227 3 18
2233 3 18
2235 3 18
2238 3 18
191 3 18
2239 3 18
2241 3 18
2242 3 18
2243 3 18
2244 3 18
2246 3 18
2247 3 18
199 3 15
2250 3 18
2253 3 18
2254 3 18
2255 3 18
2259 3 18
2260 3 18
2261 3 18
2262 3 18
215 3 15
2265 3 18
2267 3 18
2268 3 18
2269 3 18
2270 3 18
2273 3 18
230 3 15
2280 3 18
2281 3 18
2282 3 18
2286 3 18
2287 3 15
2291 3 18
2292 3 18
2293 3 18
2294 3 18
2295 3 18
249 3 15
2306 3 18
266 3 18
270 3 18
2329 3 18
2330 3 18
2331 3 18
2333 3 18
2334 3 18
2335 3 18
2336 3 18
2337 3 18
290 3 18
2339 3 18
2341 3 18
2343 3 18
2344 3 18
2345 3 18
298 3 15
2348 3 18
2349 3 18
2350 3 18
2351 3 18
2352 3 18
2353 3 18
2357 3 18
2359 3 18
2361 3 18
2362 3 18
2363 3 18
316 3 15
2370 3 18
2372 3 15
2374 3 15
2378 3 18
332 3 18
2380 3 18
2385 3 18
2388 3 18
2389 3 18
2390 3 18
2391 3 18
2392 3 18
2393 3 18
2394 3 18
347 3 18
2395 3 18
2397 3 18
2396 3 18
2399 3 18
2400 3 18
2403 3 18
2404 3 18
2405 3 18
2406 3 18
2407 3 18
2409 3 18
2412 3 15
2413 3 15
2414 3 18
2417 3 18
2418 3 18
372 3 15
2422 3 18
2423 3 18
2428 3 18
2429 3 18
404 3 18
407 3 15
412 3 18
2462 3 18
2471 3 18
2475 3 18
2477 3 18
2478 3 18
2479 3 18
2482 3 18
2484 3 18
2491 3 18
2492 3 18
2494 3 18
2495 3 18
2496 3 18
2499 3 15
469 3 18
4580 3 18
2551 3 18
506 3 15
507 3 15
2556 3 18
2558 3 18
2561 3 18
2562 3 18
2563 3 18
2567 3 18
521 3 15
2570 3 18
2571 3 18
2569 3 18
2577 3 18
2580 3 18
2586 3 18
546 3 18
554 3 18
2603 3 18
2604 3 18
559 3 15
572 3 18
575 3 15
2626 3 18
579 3 15
2627 3 18
2628 3 15
2633 3 18
2634 3 18
2635 3 18
588 3 18
2636 3 18
2638 3 18
2637 3 18
2639 3 18
2640 3 18
2641 3 18
2643 3 18
2642 3 18
2663 3 15
2671 3 18
2672 3 15
2673 3 18
2679 3 15
2682 3 15
2684 3 15
2685 3 15
2709 3 15
2722 3 18
2723 3 18
2725 3 18
679 3 15
2728 3 18
2729 3 18
2730 3 18
2731 3 18
2733 3 18
2734 3 18
689 3 18
691 3 15
695 3 15
706 3 15
2755 3 18
2759 3 18
712 3 15
2761 3 18
2763 3 18
717 3 18
727 3 18
2776 3 18
2777 3 18
2798 3 18
761 3 15
763 3 15
764 3 18
771 3 18
780 3 18
781 3 15
783 3 15
785 3 15
787 3 18
2835 3 18
811 3 18
826 3 15
830 3 18
831 3 18
836 3 18
852 3 15
854 3 18
859 3 18
870 3 15
2919 3 18
872 3 15
873 3 18
887 3 15
2938 3 18
904 3 18
908 3 18
913 3 15
920 3 18
922 3 15
928 3 15
933 3 15
935 3 18
937 3 18
946 3 18
947 3 18
954 3 18
959 3 18
961 3 18
968 3 18
975 3 18
3025 3 18
993 3 18
998 3 15
1000 3 15
1003 3 18
5104 3 18
1011 3 18
1012 3 18
1018 3 18
3066 3 18
1031 3 18
1034 3 15
1035 3 18
1049 3 18
1050 3 18
3101 3 18
1055 3 15
3105 3 15
1061 3 18
1068 3 15
3118 3 18
7218 3 18
7219 3 18
1082 3 15
3131 3 18
3132 3 18
3133 3 18
3134 3 18
3135 3 18
3136 3 18
1089 3 18
1095 3 18
1099 3 18
1102 3 18
1103 3 15
1111 3 18
1124 3 15
1127 3 15
1129 3 15
1135 3 15
1137 3 18
1142 3 15
1143 3 18
1148 3 15
1150 3 18
1151 3 18
1154 3 18
3205 3 18
1164 3 15
1165 3 18
1167 3 15
1168 3 15
1185 3 18
1199 3 15
1202 3 18
1203 3 18
1210 3 18
1211 3 18
1223 3 15
1224 3 15
1225 3 18
1226 3 18
1227 3 18
1229 3 15
1230 3 15
1231 3 18
1233 3 15
1236 3 15
1238 3 18
1242 3 15
1243 3 18
1248 3 15
1250 3 18
1253 3 15
1261 3 15
1279 3 15
1281 3 18
1284 3 18
1285 3 18
1299 3 18
1316 3 18
1319 3 15
1322 3 15
1326 3 15
1335 3 15
1339 3 18
1350 3 15
1352 3 15
1353 3 18
1356 3 15
1358 3 18
1362 3 18
1368 3 18
1369 3 18
1370 3 18
1377 3 15
1378 3 18
1380 3 18
1381 3 15
1386 3 15
1395 3 18
1407 3 18
1411 3 18
1420 3 15
1424 3 15
1426 3 18
1427 3 18
1428 3 15
1429 3 18
1430 3 18
1431 3 18
1433 3 18
1438 3 18
1441 3 15
1442 3 18
1444 3 18
1447 3 15
1448 3 15
1449 3 18
1450 3 18
1451 3 15
1462 3 18
1466 3 15
1469 3 18
1471 3 15
1473 3 18
1478 3 18
1480 3 18
1482 3 15
1483 3 15
1485 3 18
1487 3 15
1489 3 15
1490 3 15
1492 3 15
1494 3 18
1495 3 15
1496 3 15
1497 3 18
1499 3 18
1501 3 15
1503 3 15
1505 3 18
1506 3 15
1507 3 15
1511 3 15
1514 3 15
1515 3 18
1516 3 18
1517 3 18
1520 3 15
1521 3 18
1525 3 15
1526 3 18
1528 3 15
1529 3 18
1530 3 18
1531 3 15
1533 3 15
1534 3 15
1535 3 18
1536 3 15
1538 3 15
1540 3 18
1541 3 18
1543 3 18
1545 3 18
1546 3 18
1547 3 18
3594 3 18
1551 3 18
1552 3 18
1553 3 15
1555 3 15
1556 3 18
1557 3 15
1558 3 18
1559 3 18
1560 3 18
1561 3 18
1563 3 18
1564 3 15
1565 3 18
1566 3 18
1569 3 18
1570 3 18
1572 3 18
5676 3 18
1581 3 18
1582 3 15
1585 3 18
1589 3 15
1594 3 15
1595 3 15
1597 3 15
1599 3 18
1600 3 18
1601 3 18
1602 3 18
1603 3 18
1604 3 18
1605 3 15
1608 3 18
1610 3 15
1613 3 15
1614 3 18
1615 3 15
1616 3 15
1617 3 15
1618 3 15
1619 3 15
1620 3 18
1621 3 18
1622 3 15
1623 3 15
1625 3 15
1626 3 15
1627 3 15
1628 3 18
1629 3 18
1630 3 15
1631 3 18
1632 3 18
1636 3 15
1638 3 15
1639 3 18
1641 3 15
1642 3 15
1643 3 15
1644 3 18
1649 3 15
1650 3 15
1651 3 15
1652 3 15
1654 3 15
1655 3 15
1656 3 15
1657 3 15
1658 3 15
1659 3 18
1660 3 18
1661 3 18
1662 3 15
1663 3 15
1664 3 18
1665 3 15
1666 3 18
1668 3 15
1669 3 15
1670 3 18
1671 3 15
1672 3 15
5764 3 18
5765 3 18
1675 3 15
1676 3 15
1677 3 15
1678 3 18
1681 3 18
1682 3 18
1683 3 18
1685 3 15
1686 3 15
1687 3 15
1689 3 15
1690 3 18
1692 3 15
1693 3 18
1694 3 15
1695 3 15
1696 3 18
1697 3 18
5793 3 15
1698 3 18
1700 3 18
1701 3 15
1699 3 18
1703 3 15
1704 3 15
3755 3 18
1707 3 18
1708 3 15
1709 3 18
1711 3 18
1710 3 15
1712 3 18
1714 3 18
1713 3 15
1716 3 15
1717 3 18
1718 3 18
1715 3 18
1719 3 15
1720 3 18
1721 3 15
1724 3 15
1725 3 15
1726 3 15
1728 3 18
1730 3 18
1731 3 15
1732 3 15
1735 3 15
1736 3 15
1738 3 18
1739 3 15
1740 3 15
1742 3 18
1743 3 18
1745 3 18
1746 3 15
1747 3 15
1752 3 18
1753 3 18
1755 3 18
1756 3 18
1757 3 18
1758 3 18
1759 3 15
1760 3 15
1761 3 15
1763 3 15
1764 3 18
1765 3 18
1766 3 18
1768 3 15
1770 3 15
1771 3 15
1772 3 18
1773 3 18
1774 3 15
1778 3 15
1780 3 15
1782 3 15
1783 3 18
1784 3 15
1785 3 15
1787 3 18
1788 3 15
1790 3 15
1791 3 15
1793 3 15
1797 3 15
1798 3 15
1800 3 18
1802 3 15
1803 3 18
1804 3 18
1805 3 15
1806 3 18
1809 3 18
1810 3 18
1811 3 18
1812 3 18
1816 3 15
1819 3 15
1822 3 15
1825 3 18
1826 3 18
1827 3 18
1828 3 18
1829 3 18
1830 3 18
1831 3 18
1833 3 18
1834 3 18
1836 3 18
1838 3 18
1839 3 18
1840 3 18
1841 3 18
1842 3 18
1844 3 18
1845 3 18
1846 3 18
1847 3 15
1848 3 18
1849 3 18
1852 3 18
1853 3 18
1855 3 18
1856 3 18
1857 3 15
1858 3 15
1859 3 18
1860 3 18
1861 3 15
1862 3 18
1863 3 18
1864 3 18
1866 3 18
1867 3 18
1868 3 18
1869 3 18
1870 3 18
1871 3 18
1873 3 18
1876 3 18
1880 3 15
1881 3 18
1882 3 18
1883 3 18
1884 3 15
1886 3 18
1887 3 18
1888 3 18
1889 3 18
1890 3 18
1892 3 15
1893 3 15
1894 3 15
1895 3 18
1897 3 18
1899 3 15
1900 3 15
1901 3 15
1902 3 15
1903 3 15
1905 3 18
1906 3 18
1907 3 18
1908 3 15
1909 3 18
1911 3 18
1913 3 18
1914 3 15
1916 3 15
1917 3 15
1919 3 18
1920 3 18
1921 3 15
1923 3 18
1925 3 18
1926 3 18
1927 3 15
1928 3 18
1929 3 18
1930 3 18
1931 3 18
1932 3 18
1933 3 18
1934 3 18
1938 3 18
1939 3 18
1941 3 18
1944 3 15
1945 3 15
1948 3 18
1952 3 15
1953 3 15
1955 3 15
1956 3 18
1958 3 18
1959 3 18
1960 3 18
1962 3 18
1963 3 15
1964 3 18
1965 3 18
1966 3 15
1969 3 15
1970 3 15
1973 3 15
1975 3 18
1976 3 18
1977 3 18
1978 3 18
1979 3 18
1980 3 18
1981 3 15
1983 3 18
1985 3 18
1986 3 18
1987 3 18
1988 3 15
1989 3 15
1993 3 15
1994 3 18
1995 3 18
1996 3 18
1997 3 18
2000 3 18
2002 3 18
2004 3 18
2007 3 15
2038 3 18
16 36 14
4121 36 26
35 36 26
36 36 14
2110 36 14
72 36 14
74 36 14
86 36 14
87 36 14
90 36 14
2142 36 14
8288 36 14
8289 36 26
110 36 14
111 36 14
125 36 14
126 36 14
138 36 14
145 36 14
146 36 14
147 36 14
149 36 14
151 36 14
157 36 14
161 36 26
171 36 26
176 36 26
197 36 14
201 36 14
209 36 14
2266 36 26
227 36 26
240 36 14
241 36 14
254 36 14
259 36 14
263 36 14
264 36 14
267 36 14
269 36 14
271 36 14
304 36 14
305 36 14
306 36 14
2355 36 14
308 36 14
309 36 14
310 36 14
311 36 26
312 36 14
313 36 14
314 36 26
315 36 14
317 36 14
318 36 14
319 36 14
320 36 14
321 36 14
322 36 14
324 36 26
327 36 14
334 36 26
336 36 14
338 36 26
340 36 14
341 36 26
351 36 14
2401 36 14
2402 36 14
371 36 14
376 36 14
2425 36 14
2424 36 14
387 36 14
4490 36 14
4491 36 14
4493 36 14
4494 36 14
399 36 14
4495 36 14
4496 36 14
4497 36 14
424 36 14
429 36 14
432 36 14
439 36 14
447 36 14
2519 36 14
2520 36 14
2521 36 14
2522 36 14
2523 36 14
2526 36 14
479 36 26
2527 36 14
2528 36 14
2530 36 14
2531 36 14
2529 36 14
2534 36 14
488 36 14
2536 36 14
2537 36 14
2538 36 14
2540 36 14
499 36 14
501 36 14
502 36 14
4611 36 14
530 36 14
545 36 26
553 36 14
556 36 14
585 36 14
587 36 14
597 36 14
598 36 14
599 36 14
600 36 14
601 36 14
614 36 14
618 36 14
620 36 14
626 36 14
633 36 14
634 36 26
635 36 14
637 36 14
639 36 14
643 36 14
644 36 26
646 36 14
647 36 26
649 36 14
650 36 14
659 36 14
663 36 14
674 36 14
682 36 14
686 36 26
688 36 14
692 36 14
696 36 14
697 36 14
699 36 26
703 36 14
704 36 14
705 36 26
707 36 26
708 36 26
709 36 14
710 36 26
711 36 14
713 36 14
714 36 14
715 36 14
716 36 14
2762 36 14
718 36 14
719 36 14
720 36 14
721 36 14
723 36 14
730 36 14
733 36 14
736 36 14
741 36 14
742 36 14
743 36 14
749 36 14
759 36 14
762 36 14
767 36 14
768 36 14
769 36 26
770 36 14
772 36 14
782 36 14
786 36 14
788 36 14
791 36 26
2841 36 14
794 36 14
2843 36 14
795 36 14
797 36 14
798 36 14
796 36 14
799 36 14
800 36 14
802 36 14
803 36 26
801 36 14
805 36 26
806 36 14
807 36 14
808 36 14
810 36 26
812 36 14
814 36 14
815 36 14
816 36 14
817 36 14
820 36 14
823 36 14
829 36 14
832 36 14
835 36 14
837 36 14
838 36 14
839 36 14
843 36 14
844 36 14
845 36 14
847 36 14
848 36 14
849 36 14
851 36 14
853 36 26
855 36 14
857 36 14
860 36 14
861 36 26
862 36 14
863 36 14
864 36 14
865 36 14
866 36 14
867 36 14
868 36 14
869 36 26
871 36 26
874 36 14
875 36 14
876 36 14
877 36 14
878 36 14
880 36 14
881 36 14
882 36 14
883 36 14
885 36 14
886 36 14
888 36 14
889 36 14
890 36 14
891 36 14
892 36 14
893 36 14
895 36 14
897 36 14
898 36 14
900 36 14
902 36 14
903 36 14
905 36 14
906 36 14
907 36 26
2956 36 26
910 36 14
911 36 14
912 36 14
914 36 14
915 36 14
916 36 14
917 36 14
918 36 14
919 36 14
921 36 26
923 36 14
924 36 14
926 36 14
927 36 14
929 36 14
930 36 14
932 36 14
934 36 14
936 36 14
940 36 14
941 36 26
942 36 14
943 36 26
944 36 14
945 36 14
948 36 26
949 36 14
951 36 14
955 36 14
956 36 14
957 36 14
958 36 14
960 36 26
962 36 14
963 36 26
964 36 26
965 36 14
966 36 14
969 36 26
970 36 26
971 36 26
972 36 14
973 36 26
976 36 14
977 36 14
978 36 26
979 36 14
980 36 14
981 36 14
982 36 26
983 36 14
984 36 14
985 36 26
986 36 26
987 36 26
989 36 14
990 36 14
991 36 14
992 36 14
994 36 14
995 36 14
999 36 14
1005 36 26
1006 36 26
1007 36 14
1009 36 26
1010 36 26
1013 36 26
1014 36 14
1020 36 14
1021 36 14
1022 36 26
1023 36 14
1025 36 14
1026 36 14
1027 36 14
1028 36 14
1029 36 26
1030 36 14
1032 36 26
1033 36 14
1038 36 26
1039 36 14
1040 36 14
1043 36 26
1044 36 14
1045 36 26
1046 36 26
1047 36 26
1048 36 26
1052 36 14
1053 36 14
1065 36 14
1066 36 14
1070 36 14
1071 36 14
1072 36 14
1075 36 26
1078 36 14
1079 36 14
1080 36 14
1081 36 14
1083 36 14
1084 36 14
1085 36 14
1086 36 14
1087 36 14
1088 36 14
1090 36 14
1092 36 26
1093 36 14
1094 36 14
1096 36 14
1101 36 14
1104 36 14
1105 36 14
1106 36 14
1107 36 14
1108 36 14
1109 36 14
1110 36 14
1112 36 14
1113 36 14
1114 36 26
1115 36 26
1120 36 14
3169 36 14
1123 36 14
1125 36 14
1128 36 26
1130 36 26
1131 36 26
1138 36 26
1139 36 14
1140 36 26
1141 36 26
1144 36 26
1145 36 14
1146 36 14
1152 36 26
1155 36 26
1156 36 26
1158 36 26
1160 36 26
1161 36 14
1170 36 14
1171 36 14
1172 36 14
1173 36 14
1174 36 14
1175 36 14
1176 36 14
1177 36 14
1178 36 14
1180 36 14
1181 36 14
1182 36 26
1186 36 14
1187 36 14
1188 36 14
1189 36 14
1190 36 14
1192 36 26
1193 36 26
1194 36 14
1195 36 26
1196 36 14
1197 36 26
3246 36 14
3247 36 14
3248 36 14
1201 36 26
3249 36 14
1204 36 26
1205 36 26
1206 36 26
1208 36 26
1209 36 26
1213 36 26
1214 36 26
1216 36 26
1218 36 26
1219 36 26
1220 36 26
1221 36 26
1222 36 26
1232 36 26
1234 36 26
1235 36 26
1237 36 26
1240 36 26
1241 36 26
1244 36 26
1245 36 26
1246 36 26
1252 36 26
1260 36 26
1262 36 14
1264 36 26
1266 36 14
1270 36 26
1271 36 26
1272 36 14
1273 36 14
1274 36 14
1275 36 14
1276 36 14
1277 36 14
1278 36 26
1280 36 14
1282 36 26
1286 36 26
1287 36 26
1290 36 26
1292 36 14
1293 36 26
1294 36 26
1295 36 26
1296 36 14
1298 36 26
1301 36 26
1302 36 26
1303 36 26
1304 36 26
1308 36 26
1309 36 14
1311 36 14
1312 36 26
1313 36 14
1314 36 14
1317 36 14
1318 36 14
1321 36 26
1323 36 14
1324 36 26
1330 36 26
1331 36 14
1332 36 26
1333 36 14
1334 36 14
1337 36 26
1343 36 26
1344 36 14
1345 36 26
1349 36 14
1351 36 14
1359 36 14
1361 36 14
1366 36 26
1372 36 26
1373 36 14
1375 36 26
1376 36 26
1379 36 26
1382 36 26
1387 36 26
1388 36 26
1389 36 26
1391 36 26
1392 36 26
1394 36 26
1396 36 26
1397 36 14
1398 36 14
1399 36 14
1400 36 14
1402 36 14
1413 36 26
1418 36 26
1421 36 26
1422 36 26
1423 36 14
1425 36 26
1432 36 26
7576 36 14
1434 36 14
1435 36 14
1436 36 14
7577 36 14
7581 36 14
1439 36 26
1440 36 26
1443 36 14
1445 36 14
1446 36 14
1454 36 14
1455 36 14
1456 36 14
1458 36 14
1459 36 14
1460 36 14
1461 36 14
1464 36 14
1465 36 26
1468 36 26
1472 36 26
1474 36 26
1476 36 26
1481 36 14
1484 36 26
1486 36 26
1502 36 26
1510 36 26
1512 36 14
1513 36 26
1518 36 26
1519 36 26
1523 36 26
1524 36 26
1527 36 14
1532 36 26
1568 36 14
1573 36 14
1576 36 14
1578 36 26
1579 36 26
1580 36 26
1584 36 26
1587 36 26
1588 36 26
1590 36 14
1591 36 14
1593 36 26
5695 36 14
5698 36 14
1606 36 26
1607 36 26
1609 36 26
1634 36 14
1635 36 14
1674 36 14
1950 36 26
53 37 7
8293 37 7
8294 37 7
122 37 7
127 37 7
172 37 5
185 37 5
188 37 5
193 37 7
203 37 7
204 37 7
212 37 6
213 37 7
285 37 5
346 37 7
350 37 6
403 37 6
417 37 7
449 37 7
465 37 7
534 37 7
698 37 7
722 37 6
724 37 7
744 37 5
765 37 6
778 37 7
784 37 7
804 37 7
813 37 7
825 37 7
827 37 7
841 37 6
842 37 5
856 37 5
879 37 7
899 37 6
974 37 7
988 37 5
996 37 6
1024 37 6
1037 37 6
1042 37 6
1051 37 6
1058 37 7
1060 37 7
1062 37 6
1064 37 5
1097 37 6
1100 37 7
1134 37 7
1147 37 6
1157 37 7
1166 37 5
1169 37 5
1183 37 6
1184 37 6
1198 37 5
1200 37 5
1212 37 6
1215 37 6
1239 37 7
1254 37 6
1255 37 6
1256 37 6
1257 37 6
1258 37 6
1259 37 7
1267 37 5
1268 37 7
1269 37 7
1291 37 6
1297 37 7
1305 37 6
1306 37 7
1307 37 7
1315 37 6
1320 37 7
1354 37 7
1357 37 5
1367 37 7
1383 37 6
1384 37 6
1390 37 6
1393 37 5
1416 37 5
1419 37 6
1437 37 5
1452 37 7
1453 37 7
1463 37 6
1488 37 7
1500 37 6
1504 37 5
1522 37 7
1537 37 7
1549 37 7
1550 37 7
1571 37 7
1574 37 7
1575 37 7
1583 37 6
1592 37 6
1596 37 6
1611 37 6
1633 37 5
1637 37 6
1646 37 6
1653 37 6
1679 37 5
1684 37 6
1691 37 6
1705 37 6
1706 37 7
1723 37 6
1729 37 7
1734 37 5
1741 37 6
1744 37 7
1748 37 7
1749 37 5
1751 37 7
1754 37 5
1767 37 6
1769 37 6
1775 37 7
1777 37 7
1781 37 5
1792 37 6
1794 37 5
1795 37 5
1808 37 6
1813 37 7
1814 37 5
1820 37 6
1821 37 7
1832 37 7
1835 37 6
1837 37 5
1872 37 7
1875 37 6
1885 37 6
1891 37 6
1896 37 5
1912 37 7
1915 37 7
1918 37 6
1922 37 5
1935 37 7
1940 37 6
1946 37 7
1947 37 7
1951 37 7
1967 37 7
1972 37 7
1990 37 7
1991 37 6
1992 37 6
2003 37 5
2009 37 6
2016 37 7
2028 37 7
2041 37 7
2049 37 7
2053 37 6
2056 37 7
2057 37 7
2058 37 7
2065 37 7
2066 37 7
2077 37 6
2093 37 6
2102 37 6
2108 37 7
2109 37 7
2111 37 5
2114 37 7
2116 37 5
2117 37 6
2118 37 6
2120 37 6
2129 37 7
2130 37 6
2133 37 6
2134 37 7
2135 37 5
2145 37 7
2153 37 6
2171 37 5
2174 37 6
2176 37 5
2177 37 5
2186 37 6
2209 37 7
2210 37 7
2217 37 7
2224 37 6
2225 37 5
2228 37 5
2229 37 5
2230 37 6
2231 37 5
2232 37 6
2234 37 5
2236 37 5
2240 37 6
2251 37 5
2252 37 7
2256 37 6
2257 37 7
2264 37 6
2272 37 6
2274 37 6
2288 37 7
2289 37 7
2290 37 7
2297 37 7
2298 37 7
2299 37 6
2300 37 6
2301 37 6
2302 37 6
2307 37 7
2314 37 7
2319 37 7
2322 37 6
2323 37 6
2324 37 7
2325 37 5
2326 37 7
2328 37 7
2332 37 5
2338 37 5
2340 37 6
2356 37 7
2360 37 7
2365 37 7
2366 37 6
2367 37 6
2368 37 5
2371 37 5
2375 37 6
2379 37 7
2382 37 7
2410 37 6
2411 37 7
2416 37 6
2426 37 6
2427 37 6
2434 37 6
2435 37 6
2467 37 7
2469 37 6
2472 37 6
2473 37 6
2474 37 6
2476 37 5
2485 37 7
2487 37 6
2488 37 6
2497 37 6
2498 37 6
2500 37 6
2501 37 6
2502 37 5
2503 37 6
2504 37 6
2505 37 6
2506 37 7
2507 37 6
2508 37 7
2509 37 6
2510 37 6
2518 37 6
2524 37 7
2535 37 7
2541 37 6
2542 37 7
2543 37 6
2544 37 7
2545 37 7
2546 37 6
2547 37 6
2548 37 6
2549 37 6
2550 37 5
2555 37 6
2557 37 6
2559 37 7
2560 37 7
2566 37 7
2572 37 6
2573 37 5
2574 37 5
2575 37 5
2576 37 5
2578 37 6
2579 37 6
2581 37 6
2582 37 6
2583 37 6
2584 37 6
2585 37 7
2587 37 6
2591 37 6
2593 37 6
2594 37 6
2595 37 7
2596 37 6
2597 37 7
2598 37 6
2599 37 6
2606 37 6
2607 37 6
2608 37 6
2610 37 6
2611 37 6
2612 37 7
2613 37 7
2614 37 6
2615 37 6
2616 37 6
2617 37 6
2618 37 6
2619 37 7
2623 37 7
2624 37 6
2625 37 6
2629 37 6
2630 37 5
2631 37 6
2632 37 6
2644 37 7
2645 37 7
2646 37 6
2647 37 6
2648 37 7
2649 37 5
2650 37 5
2651 37 7
2652 37 7
2653 37 7
2654 37 7
2655 37 7
2656 37 7
2657 37 7
2659 37 7
2660 37 7
2661 37 6
2662 37 5
2664 37 6
2665 37 6
2668 37 6
2669 37 6
2670 37 6
2674 37 7
2675 37 6
2676 37 6
2678 37 6
2683 37 5
2686 37 5
2687 37 7
2690 37 5
2691 37 7
2692 37 5
2693 37 7
2695 37 7
2697 37 5
2698 37 5
2699 37 7
2700 37 7
2701 37 5
2703 37 5
2704 37 5
2705 37 5
2706 37 5
2707 37 5
2708 37 5
2711 37 7
2713 37 7
2715 37 6
2716 37 6
2717 37 6
2718 37 6
2719 37 7
2720 37 6
2721 37 6
2724 37 5
2727 37 7
2736 37 6
2740 37 6
2741 37 6
2746 37 7
2747 37 7
2748 37 6
2749 37 6
2751 37 6
2753 37 6
2754 37 6
2757 37 6
2758 37 5
2766 37 6
2767 37 6
2768 37 6
2769 37 6
2770 37 6
2771 37 6
2772 37 6
2773 37 6
2778 37 6
2779 37 6
2780 37 6
2781 37 6
2788 37 6
2789 37 6
2790 37 7
2791 37 6
2792 37 6
2794 37 6
2796 37 6
2797 37 6
2799 37 7
2801 37 6
2803 37 6
2804 37 7
2805 37 6
2807 37 6
2809 37 6
2813 37 6
2814 37 6
2815 37 6
2817 37 6
2818 37 6
2819 37 7
2821 37 6
2823 37 6
2824 37 6
2825 37 6
2826 37 6
2827 37 6
2828 37 6
2830 37 6
2833 37 6
2834 37 6
2838 37 7
2840 37 6
2842 37 7
2844 37 6
2845 37 6
2846 37 6
2847 37 6
2848 37 6
2849 37 6
2850 37 6
2853 37 6
2856 37 5
2857 37 6
2858 37 6
2859 37 7
2860 37 7
2862 37 6
2863 37 6
2866 37 6
2871 37 7
2872 37 7
2875 37 5
2876 37 6
2877 37 6
2879 37 6
2880 37 6
2881 37 6
2882 37 6
2884 37 6
2885 37 6
2898 37 6
2899 37 6
2900 37 5
2901 37 6
2902 37 6
2904 37 5
2906 37 7
2912 37 5
2913 37 6
2916 37 6
2918 37 5
2921 37 5
2922 37 6
2923 37 7
2924 37 6
2926 37 6
2928 37 6
2929 37 6
2930 37 6
2932 37 7
2933 37 6
2936 37 6
2939 37 5
2940 37 7
2941 37 7
2944 37 6
2945 37 6
2946 37 6
2947 37 6
2948 37 5
2949 37 6
2950 37 6
2951 37 5
2952 37 6
2953 37 5
2954 37 6
2955 37 6
2957 37 6
2958 37 7
2960 37 6
2961 37 6
2962 37 6
2963 37 6
2964 37 7
2965 37 6
2966 37 6
2967 37 7
2968 37 5
2969 37 7
2973 37 7
2974 37 7
2975 37 7
2976 37 7
2977 37 6
2978 37 5
2979 37 6
2980 37 7
2981 37 7
2982 37 6
2985 37 6
2986 37 5
2987 37 5
2989 37 7
2990 37 6
2991 37 5
2992 37 6
2993 37 6
2994 37 5
2995 37 6
2996 37 6
2998 37 6
2999 37 6
3001 37 7
3003 37 6
3005 37 7
3006 37 5
3007 37 7
3008 37 6
3009 37 7
3010 37 7
3011 37 6
3012 37 6
3013 37 6
3016 37 5
3017 37 6
3018 37 5
3019 37 5
3020 37 5
3021 37 5
3022 37 5
3023 37 6
3024 37 7
3026 37 7
3028 37 7
3029 37 6
3030 37 5
3031 37 5
3032 37 7
3033 37 5
3034 37 5
3036 37 7
3037 37 5
3038 37 6
3039 37 7
3040 37 5
3041 37 5
3042 37 6
3043 37 6
3044 37 5
3046 37 5
3047 37 5
3048 37 5
3049 37 5
3050 37 5
3051 37 5
3052 37 5
3053 37 7
3054 37 5
3055 37 7
3056 37 5
3059 37 7
3060 37 5
3061 37 5
3062 37 5
3063 37 6
3068 37 6
3070 37 5
3071 37 5
3072 37 5
3074 37 5
3075 37 5
3076 37 5
3077 37 5
3078 37 7
3080 37 6
3081 37 5
3082 37 6
3083 37 5
3084 37 7
3085 37 5
3090 37 7
3091 37 5
3093 37 5
3095 37 5
3096 37 5
3097 37 5
3098 37 5
3099 37 5
3102 37 5
3104 37 5
3107 37 7
3108 37 5
3110 37 7
3111 37 5
3112 37 7
3113 37 7
3114 37 7
3115 37 7
3117 37 7
3119 37 6
3120 37 6
3123 37 5
3124 37 6
3125 37 7
3126 37 5
3127 37 7
3128 37 6
3129 37 6
3130 37 6
3138 37 5
3140 37 5
3143 37 5
3144 37 7
3145 37 5
3146 37 5
3147 37 7
3148 37 7
3149 37 5
3150 37 5
3151 37 5
3152 37 5
3153 37 5
3154 37 5
3155 37 5
3156 37 5
3158 37 5
3159 37 5
3162 37 5
3163 37 5
3164 37 5
3165 37 5
3166 37 5
3167 37 5
3168 37 7
3171 37 5
3172 37 7
3173 37 7
3174 37 5
3175 37 7
3180 37 7
3182 37 7
3183 37 7
3184 37 7
3186 37 7
3187 37 7
3188 37 7
3189 37 7
3190 37 7
3192 37 7
3193 37 6
3196 37 7
3197 37 5
3198 37 5
3199 37 5
3200 37 7
3201 37 5
3202 37 7
3203 37 5
3204 37 5
3206 37 5
3207 37 5
3225 37 5
3226 37 5
3228 37 5
3229 37 7
3230 37 7
3231 37 7
3232 37 7
3233 37 7
3234 37 7
3235 37 7
3237 37 5
3239 37 7
3240 37 5
3241 37 5
3242 37 5
3243 37 5
3250 37 5
3251 37 5
3252 37 7
3253 37 5
3255 37 5
3256 37 7
3257 37 5
3258 37 7
3260 37 7
3261 37 5
3262 37 7
3263 37 5
3264 37 5
3265 37 5
3266 37 5
3267 37 5
3268 37 6
3272 37 5
3273 37 6
3275 37 7
3276 37 7
3277 37 6
3278 37 5
3279 37 5
3280 37 6
3281 37 6
3282 37 7
3285 37 5
3288 37 5
3290 37 7
3291 37 7
3292 37 7
3294 37 5
3296 37 5
3298 37 5
3299 37 5
3300 37 5
3301 37 7
3302 37 5
3303 37 5
3304 37 7
3305 37 5
3306 37 7
3307 37 5
3311 37 6
3312 37 7
3313 37 7
3314 37 7
3317 37 7
3318 37 7
3319 37 5
3320 37 7
3322 37 5
3323 37 7
3324 37 5
3325 37 7
3326 37 7
3331 37 5
3332 37 5
3333 37 7
3335 37 5
3338 37 5
3339 37 6
3340 37 6
3341 37 6
3342 37 6
3343 37 7
3344 37 6
3349 37 7
3351 37 5
3352 37 7
3363 37 5
3367 37 5
3368 37 5
3369 37 5
3370 37 5
3371 37 5
3373 37 7
3374 37 7
3375 37 7
3376 37 5
3377 37 7
3379 37 7
3380 37 7
3382 37 7
3383 37 7
3384 37 7
3385 37 7
3386 37 7
3388 37 7
3391 37 7
3392 37 7
3394 37 7
3395 37 5
3396 37 5
3397 37 5
3398 37 5
3399 37 5
3400 37 5
3401 37 5
3403 37 5
3404 37 7
3405 37 5
3406 37 7
3407 37 5
3408 37 5
3409 37 5
3410 37 7
3411 37 5
3412 37 5
3416 37 7
3418 37 7
3422 37 7
3423 37 7
3424 37 7
3426 37 7
3427 37 7
3429 37 5
3434 37 5
3435 37 7
3436 37 5
3437 37 5
3438 37 5
3439 37 7
3440 37 5
3441 37 5
3444 37 5
3446 37 7
3465 37 5
3467 37 7
3468 37 7
3469 37 7
3470 37 7
3473 37 7
3475 37 7
3477 37 7
3480 37 7
3481 37 7
3482 37 7
3483 37 7
3486 37 7
3487 37 7
3488 37 7
3489 37 7
3493 37 7
3494 37 7
3496 37 7
3497 37 7
3500 37 7
3504 37 7
3506 37 7
3508 37 7
3509 37 7
3510 37 7
3511 37 7
3512 37 7
3513 37 7
3514 37 7
3515 37 7
3516 37 7
3518 37 7
3519 37 7
3520 37 7
3521 37 7
3523 37 7
3524 37 7
3525 37 7
3526 37 7
3527 37 7
3528 37 7
3529 37 7
3530 37 7
3531 37 7
3532 37 7
3536 37 7
3538 37 5
3539 37 7
3540 37 7
3541 37 7
3542 37 7
3543 37 7
3544 37 7
3547 37 7
3548 37 7
3549 37 7
3550 37 7
3551 37 7
3552 37 7
3553 37 7
3555 37 7
3556 37 7
3557 37 7
3558 37 7
3561 37 7
3562 37 7
3567 37 7
3568 37 7
3569 37 7
3576 37 7
3577 37 7
3579 37 7
3580 37 7
3581 37 7
3582 37 7
3583 37 7
3584 37 7
3587 37 7
3589 37 7
3592 37 7
3596 37 7
3597 37 7
3598 37 7
3599 37 7
3602 37 5
3604 37 7
3605 37 7
3606 37 7
3609 37 7
3610 37 7
3611 37 7
3613 37 7
3615 37 7
3616 37 7
3617 37 7
3618 37 7
3619 37 7
3620 37 7
3621 37 7
3622 37 7
3623 37 7
3624 37 7
3625 37 7
3628 37 7
3629 37 7
3630 37 7
3631 37 7
3632 37 7
3633 37 7
3635 37 7
3636 37 7
3638 37 7
3640 37 7
3645 37 7
3646 37 7
3647 37 7
3648 37 7
3649 37 7
3650 37 7
3653 37 7
3654 37 7
3655 37 7
3657 37 7
3659 37 7
3660 37 7
3661 37 7
3663 37 7
3667 37 7
3668 37 7
3669 37 7
3670 37 7
3671 37 7
3674 37 7
3675 37 7
3676 37 7
3677 37 6
3678 37 7
3680 37 7
3681 37 7
3682 37 7
3684 37 7
3686 37 7
3687 37 7
3689 37 7
3690 37 7
3693 37 7
3694 37 7
3695 37 7
3696 37 7
3697 37 7
3698 37 7
3702 37 7
3703 37 7
3704 37 7
3705 37 7
3706 37 7
3707 37 7
3709 37 7
3711 37 7
3712 37 7
3713 37 7
3714 37 7
3715 37 7
3717 37 7
3718 37 7
3719 37 7
3720 37 7
3724 37 7
3725 37 7
3727 37 7
3729 37 7
3730 37 7
3731 37 7
3733 37 7
3735 37 7
3737 37 7
3744 37 7
3745 37 7
3746 37 7
3750 37 7
3753 37 7
3754 37 7
3757 37 7
3758 37 7
3759 37 7
3760 37 7
3761 37 7
3762 37 7
3763 37 7
3765 37 7
3766 37 7
3767 37 7
3769 37 7
3771 37 7
3772 37 7
3774 37 7
3775 37 7
3776 37 7
3779 37 6
3780 37 7
3781 37 7
3782 37 7
3783 37 7
3784 37 7
3785 37 7
3791 37 7
3798 37 7
3799 37 7
3800 37 7
3801 37 7
3802 37 7
3803 37 7
3804 37 7
3805 37 7
3807 37 7
3810 37 7
3811 37 7
3812 37 7
3814 37 7
3815 37 7
3816 37 7
3817 37 7
3819 37 7
3821 37 7
3822 37 7
3824 37 7
3825 37 5
3827 37 5
3829 37 7
3833 37 7
3834 37 7
3836 37 7
3837 37 7
3839 37 7
3840 37 7
3841 37 7
3844 37 7
3847 37 7
3848 37 5
3849 37 5
3855 37 7
3856 37 7
3858 37 7
3862 37 7
3863 37 7
3864 37 7
3867 37 7
3870 37 7
3871 37 7
3872 37 7
3875 37 7
3876 37 7
3878 37 7
3880 37 7
3882 37 7
3883 37 7
3886 37 7
3887 37 7
3888 37 7
3890 37 7
3891 37 7
3892 37 7
3893 37 7
3894 37 7
3895 37 7
3896 37 7
3901 37 7
3903 37 7
3904 37 7
3905 37 7
3906 37 7
3907 37 7
3908 37 7
3909 37 7
3912 37 7
3914 37 7
3920 37 7
3921 37 7
3923 37 7
3924 37 7
3926 37 7
3927 37 7
3928 37 7
3931 37 7
3933 37 7
3935 37 7
3936 37 7
3937 37 7
3939 37 7
3941 37 7
3942 37 7
3946 37 7
3947 37 7
3948 37 7
3949 37 7
3952 37 7
3953 37 7
3954 37 7
3955 37 7
3957 37 7
3959 37 7
3961 37 7
3963 37 7
3964 37 7
3966 37 7
3967 37 7
3968 37 7
3970 37 7
3971 37 7
3973 37 7
3974 37 7
3977 37 7
3979 37 7
3980 37 7
3981 37 7
3986 37 7
3987 37 7
3990 37 7
3991 37 7
3997 37 7
3999 37 7
4000 37 7
4005 37 7
4006 37 7
4007 37 7
4010 37 7
4011 37 7
4012 37 7
4013 37 7
4014 37 5
4019 37 7
4020 37 7
4021 37 7
4023 37 7
4024 37 7
4025 37 7
4026 37 7
4027 37 7
4028 37 7
4030 37 7
4031 37 7
4034 37 7
4035 37 7
4038 37 7
4039 37 7
4042 37 7
4043 37 7
4048 37 7
4049 37 7
4050 37 7
4051 37 7
4055 37 7
4056 37 7
4057 37 7
4058 37 7
4061 37 7
4062 37 7
4064 37 7
4066 37 7
4067 37 7
4069 37 7
4074 37 7
4075 37 7
4078 37 7
4079 37 7
4080 37 7
4083 37 7
4088 37 7
4090 37 7
4091 37 7
4092 37 7
4093 37 7
4095 37 7
4096 37 7
4097 37 7
4100 37 7
4103 37 7
4104 37 7
4105 37 7
4106 37 7
4107 37 7
4108 37 7
4109 37 7
4110 37 7
4111 37 7
4117 37 7
4119 37 7
4120 37 7
4122 37 7
4123 37 7
4125 37 7
4128 37 7
4131 37 7
4132 37 7
4135 37 7
4136 37 7
4137 37 7
4139 37 7
4141 37 7
4142 37 7
4143 37 7
4146 37 7
4148 37 7
4153 37 7
4154 37 7
4155 37 7
4162 37 7
4163 37 7
4165 37 7
4166 37 7
4173 37 7
4174 37 7
4176 37 7
4177 37 7
4178 37 7
4179 37 7
4180 37 7
4181 37 7
4183 37 7
4184 37 7
4185 37 7
4188 37 7
4195 37 7
4197 37 7
4201 37 7
4202 37 7
4203 37 7
4206 37 7
4207 37 7
4209 37 7
4210 37 7
4213 37 7
4214 37 7
4215 37 7
4216 37 7
4225 37 6
4228 37 7
4229 37 7
4231 37 7
4233 37 7
4234 37 7
4235 37 7
4238 37 7
4248 37 7
4249 37 7
4251 37 7
4254 37 7
4256 37 7
4259 37 7
4260 37 7
4263 37 7
4265 37 7
4267 37 7
4269 37 7
4272 37 7
4273 37 7
4274 37 7
4277 37 7
4278 37 7
4279 37 7
4280 37 7
4283 37 7
4284 37 7
4289 37 7
4290 37 7
4292 37 7
4303 37 7
4304 37 7
4305 37 7
4306 37 7
4307 37 7
4321 37 7
4323 37 7
4325 37 7
4340 37 7
4344 37 7
4346 37 7
4348 37 7
4349 37 7
4351 37 7
4352 37 7
4357 37 7
4358 37 7
4359 37 7
4360 37 7
4362 37 7
4365 37 7
4368 37 7
4370 37 7
4372 37 7
4373 37 7
4375 37 7
4378 37 7
4380 37 7
4381 37 7
4382 37 7
4384 37 7
4385 37 7
4386 37 7
4389 37 7
4403 37 7
4404 37 7
4406 37 7
4411 37 5
4423 37 7
4424 37 7
4427 37 7
4439 37 7
4444 37 7
4445 37 7
4449 37 7
4450 37 7
4452 37 7
4453 37 7
4454 37 7
4457 37 7
4467 37 7
4469 37 7
4498 37 7
4503 37 7
4510 37 7
4538 37 7
4569 37 5
4644 37 5
4720 37 7
4723 37 7
4761 37 7
4762 37 7
4763 37 7
4766 37 7
4783 37 7
4969 37 6
4971 37 6
5631 37 7
5717 37 5
6279 37 7
6321 37 6
6355 37 7
7187 37 7
7392 37 7
7708 37 7
15 45 64
8227 45 64
68 45 102
8295 45 64
8296 45 102
222 45 64
291 45 80
388 45 64
445 45 64
525 45 64
532 45 64
582 45 80
583 45 64
608 45 64
625 45 102
690 45 64
701 45 64
766 45 64
789 45 64
896 45 102
950 45 64
1001 45 64
1002 45 64
1004 45 64
1041 45 64
1133 45 102
1159 45 102
1179 45 64
1207 45 64
1228 45 64
1247 45 64
1310 45 64
1336 45 64
1360 45 80
1385 45 64
1457 45 64
1467 45 64
1470 45 64
1509 45 64
1542 45 102
1548 45 64
1554 45 64
1645 45 102
1647 45 64
1648 45 102
1680 45 64
1688 45 64
1733 45 64
1737 45 102
1789 45 64
1799 45 64
1807 45 64
1874 45 64
1924 45 64
1937 45 64
1961 45 64
1971 45 64
1984 45 80
2001 45 64
2011 45 64
2014 45 64
2033 45 64
2047 45 64
2064 45 64
2115 45 102
2144 45 80
2237 45 64
2258 45 102
2276 45 102
2277 45 64
2278 45 64
2283 45 102
2342 45 64
2354 45 64
2364 45 64
2369 45 64
2381 45 64
2384 45 64
2386 45 64
2387 45 64
2398 45 64
2433 45 64
2444 45 64
2456 45 80
2480 45 64
2489 45 102
2490 45 102
2493 45 102
2512 45 64
2513 45 64
2514 45 64
2515 45 80
2516 45 64
2517 45 80
2552 45 64
2564 45 64
2568 45 80
2592 45 64
2605 45 64
2609 45 64
2667 45 102
2680 45 64
2688 45 64
2689 45 64
2694 45 64
2696 45 64
2702 45 64
2737 45 64
2744 45 102
2752 45 64
2760 45 64
2764 45 64
2765 45 102
2774 45 102
2775 45 64
2786 45 64
2787 45 64
2793 45 64
2802 45 64
2808 45 64
2811 45 80
2822 45 64
2831 45 64
2832 45 80
2852 45 64
2867 45 64
2883 45 64
2889 45 64
2903 45 64
2907 45 64
2909 45 64
2910 45 64
2917 45 64
2925 45 102
2935 45 80
2970 45 64
2971 45 64
2972 45 64
2988 45 64
3002 45 80
3004 45 64
3014 45 80
3015 45 64
3027 45 64
3035 45 64
3057 45 64
3073 45 80
3086 45 64
3087 45 64
3089 45 102
3092 45 64
3094 45 64
3103 45 64
3106 45 64
3109 45 64
3137 45 64
3160 45 64
3176 45 64
3181 45 64
3185 45 64
3191 45 64
3208 45 64
3209 45 64
3210 45 64
3211 45 64
3212 45 64
3213 45 64
3214 45 64
3215 45 64
3216 45 64
3217 45 64
3218 45 64
3219 45 64
3220 45 64
3221 45 64
3222 45 64
3223 45 64
3224 45 64
3259 45 64
3269 45 64
3271 45 80
3274 45 64
3284 45 64
3309 45 64
3315 45 102
3316 45 64
3321 45 80
3334 45 64
3350 45 80
3366 45 64
3378 45 64
3390 45 64
3393 45 64
3402 45 64
3417 45 64
3433 45 80
3443 45 64
3445 45 102
3447 45 64
3448 45 64
3449 45 64
3450 45 64
3451 45 80
3452 45 64
3453 45 64
3454 45 64
3455 45 80
3456 45 64
3457 45 80
3458 45 80
3460 45 64
3461 45 80
3462 45 80
3463 45 80
3464 45 80
3466 45 64
3472 45 64
3478 45 102
3479 45 64
3490 45 80
3498 45 64
3522 45 80
3537 45 64
3554 45 64
3560 45 64
3564 45 102
3565 45 102
3566 45 102
3590 45 64
3591 45 64
3595 45 64
3601 45 64
3603 45 80
3607 45 80
3614 45 64
3634 45 102
3637 45 64
3639 45 64
3641 45 64
3643 45 64
3651 45 64
3652 45 64
3656 45 64
3658 45 64
3664 45 64
3666 45 64
3673 45 64
3679 45 102
3685 45 64
3688 45 64
3691 45 64
3692 45 64
3728 45 64
3742 45 64
3743 45 64
3747 45 64
3748 45 64
3751 45 64
3777 45 64
3786 45 64
3787 45 64
3788 45 102
3794 45 64
3795 45 64
3796 45 64
3797 45 64
3806 45 64
3808 45 64
3813 45 64
3823 45 64
3832 45 64
3835 45 80
3843 45 64
3845 45 64
3851 45 64
3854 45 64
3865 45 64
3869 45 64
3873 45 102
3877 45 64
3881 45 64
3889 45 64
3897 45 64
3898 45 64
3900 45 102
3902 45 80
3910 45 64
3911 45 80
3916 45 64
3917 45 64
3918 45 64
3922 45 102
3925 45 64
3929 45 64
3930 45 64
3943 45 64
3944 45 64
3945 45 64
3956 45 64
3958 45 64
3960 45 64
3969 45 64
3976 45 64
3982 45 64
3983 45 64
3985 45 102
3992 45 64
3995 45 64
3998 45 64
4001 45 64
4008 45 64
4015 45 64
4016 45 64
4036 45 64
4040 45 80
4041 45 64
4044 45 80
4045 45 102
4047 45 102
4053 45 64
4059 45 64
4063 45 102
4065 45 64
4068 45 64
4070 45 64
4072 45 64
4073 45 64
4076 45 80
4077 45 64
4082 45 102
4089 45 64
4098 45 64
4099 45 64
4116 45 64
4124 45 64
4127 45 64
4133 45 64
4138 45 64
4144 45 102
4145 45 64
4147 45 64
4149 45 64
4150 45 80
4151 45 64
4152 45 64
4159 45 64
4170 45 64
4171 45 64
4175 45 102
4186 45 64
4189 45 80
4190 45 64
4191 45 64
4194 45 64
4198 45 64
4199 45 64
4204 45 64
4205 45 64
4208 45 64
4211 45 80
4212 45 80
4217 45 64
4218 45 64
4219 45 80
4220 45 64
4222 45 102
4223 45 64
4224 45 64
4232 45 64
4240 45 64
4241 45 64
4242 45 64
4243 45 64
4244 45 64
4245 45 64
4246 45 64
4247 45 64
4250 45 80
4252 45 64
4255 45 64
4257 45 64
4261 45 64
4264 45 80
4266 45 80
4275 45 64
4276 45 64
4282 45 64
4285 45 80
4295 45 64
4296 45 64
4297 45 64
4298 45 64
4299 45 64
4308 45 64
4310 45 64
4311 45 64
4312 45 64
4313 45 64
4314 45 64
4315 45 64
4316 45 64
4317 45 64
4318 45 64
4319 45 64
4320 45 64
4322 45 64
4324 45 64
4326 45 64
4327 45 102
4329 45 64
4331 45 64
4332 45 64
4333 45 64
4334 45 64
4335 45 64
4336 45 64
4337 45 64
4338 45 64
4342 45 80
4345 45 64
4353 45 64
4354 45 64
4355 45 64
4363 45 80
4364 45 102
4366 45 64
4371 45 64
4377 45 80
4379 45 64
4393 45 64
4394 45 64
4396 45 64
4397 45 64
4399 45 64
4400 45 64
4402 45 64
4405 45 64
4407 45 64
4408 45 64
4413 45 64
4414 45 80
4415 45 80
4417 45 80
4418 45 64
4422 45 64
4425 45 64
4426 45 64
4428 45 64
4429 45 64
4430 45 64
4431 45 64
4433 45 64
4434 45 80
4436 45 64
4438 45 64
4440 45 80
4442 45 64
4443 45 64
4446 45 64
4448 45 64
4455 45 64
4458 45 64
4459 45 64
4460 45 64
4461 45 64
4462 45 64
4463 45 64
4464 45 64
4465 45 64
4466 45 80
4468 45 64
4470 45 64
4471 45 64
4473 45 64
4474 45 64
4475 45 64
4476 45 64
4477 45 64
4478 45 64
4479 45 64
4480 45 64
4481 45 64
4482 45 64
4485 45 64
4486 45 64
4487 45 64
4489 45 64
4492 45 64
4500 45 64
4502 45 64
4504 45 64
4508 45 64
4509 45 64
4511 45 80
4516 45 64
4521 45 102
4523 45 64
4526 45 64
4527 45 102
4528 45 102
4529 45 80
4530 45 64
4531 45 64
4533 45 64
4534 45 64
4535 45 64
4536 45 64
4539 45 64
4545 45 64
4547 45 64
4550 45 64
4551 45 64
4552 45 64
4553 45 64
4554 45 64
4555 45 64
4556 45 64
4557 45 64
4558 45 80
4560 45 64
4561 45 64
4562 45 64
4563 45 64
4564 45 64
4565 45 64
4566 45 64
4567 45 64
4568 45 64
4574 45 102
4575 45 64
4576 45 64
4577 45 64
4578 45 64
4581 45 80
4582 45 64
4583 45 64
4584 45 64
4586 45 80
4587 45 64
4588 45 64
4591 45 64
4592 45 64
4593 45 64
4594 45 80
4595 45 64
4596 45 80
4597 45 80
4599 45 64
4600 45 64
4601 45 64
4602 45 64
4603 45 64
4605 45 64
4607 45 64
4608 45 64
4609 45 64
4612 45 64
4613 45 64
4615 45 64
4617 45 64
4618 45 80
4619 45 64
4620 45 64
4621 45 64
4622 45 64
4623 45 64
4624 45 64
4625 45 64
4626 45 64
4627 45 64
4629 45 64
4630 45 64
4631 45 80
4633 45 80
4635 45 64
4636 45 64
4638 45 64
4639 45 64
4640 45 64
4641 45 80
4645 45 102
4646 45 102
4647 45 64
4648 45 80
4649 45 64
4650 45 64
4651 45 80
4652 45 64
4653 45 64
4654 45 64
4655 45 80
4658 45 64
4659 45 64
4660 45 80
4661 45 80
4662 45 80
4663 45 80
4664 45 80
4665 45 64
4666 45 64
4667 45 64
4668 45 64
4670 45 64
4671 45 64
4672 45 64
4674 45 64
4675 45 64
4677 45 80
4678 45 64
4681 45 64
4682 45 64
4683 45 64
4684 45 64
4686 45 64
4687 45 64
4688 45 80
4692 45 64
4693 45 64
4694 45 64
4695 45 64
4696 45 64
4697 45 64
4698 45 64
4699 45 64
4700 45 64
4701 45 64
4702 45 64
4703 45 64
4704 45 64
4705 45 64
4706 45 80
4707 45 64
4708 45 64
4710 45 64
4711 45 64
4712 45 64
4714 45 64
4715 45 64
4716 45 64
4718 45 64
4719 45 80
4725 45 64
4726 45 64
4727 45 64
4728 45 64
4733 45 64
4735 45 64
4736 45 64
4737 45 64
4738 45 64
4739 45 64
4740 45 64
4741 45 64
4742 45 64
4743 45 64
4744 45 64
4745 45 64
4746 45 80
4748 45 64
4749 45 64
4750 45 64
4751 45 64
4752 45 64
4753 45 64
4754 45 64
4755 45 80
4756 45 64
4757 45 64
4759 45 80
4760 45 64
4765 45 64
4773 45 80
4774 45 80
4776 45 80
4777 45 64
4778 45 80
4779 45 80
4780 45 80
4781 45 102
4782 45 64
4785 45 64
4787 45 64
4789 45 64
4790 45 64
4792 45 64
4793 45 64
4794 45 64
4796 45 64
4797 45 64
4799 45 80
4800 45 64
4801 45 64
4803 45 64
4804 45 64
4805 45 64
4806 45 64
4807 45 64
4808 45 64
4809 45 80
4810 45 64
4811 45 80
4814 45 80
4815 45 80
4816 45 64
4817 45 64
4818 45 80
4819 45 64
4820 45 80
4821 45 64
4822 45 80
4823 45 80
4824 45 64
4825 45 80
4826 45 80
4827 45 80
4828 45 102
4829 45 64
4830 45 64
4831 45 80
4833 45 64
4834 45 64
4835 45 64
4836 45 64
4837 45 64
4838 45 64
4839 45 64
4840 45 64
4841 45 64
4842 45 64
4843 45 64
4844 45 64
4845 45 64
4846 45 64
4847 45 64
4848 45 64
4849 45 64
4850 45 64
4851 45 64
4852 45 64
4853 45 64
4854 45 64
4855 45 64
4856 45 64
4857 45 64
4858 45 64
4859 45 64
4860 45 64
4861 45 64
4862 45 64
4863 45 64
4864 45 64
4866 45 80
4867 45 64
4868 45 64
4869 45 64
4870 45 64
4871 45 64
4872 45 64
4873 45 64
4875 45 64
4876 45 64
4880 45 80
4881 45 64
4885 45 64
4887 45 64
4889 45 64
4890 45 64
4891 45 80
4893 45 64
4894 45 64
4896 45 102
4897 45 64
4898 45 64
4899 45 64
4900 45 64
4901 45 64
4903 45 64
4904 45 64
4906 45 64
4909 45 102
4910 45 64
4912 45 64
4914 45 64
4922 45 64
4924 45 64
4927 45 64
4929 45 64
4931 45 80
4932 45 80
4933 45 64
4935 45 64
4936 45 64
4937 45 64
4938 45 64
4942 45 80
4945 45 64
4946 45 102
4947 45 64
4948 45 64
4950 45 64
4951 45 64
4952 45 64
4953 45 64
4954 45 64
4957 45 64
4962 45 80
4963 45 64
4964 45 64
4965 45 64
4966 45 64
4967 45 64
4970 45 64
4972 45 64
4973 45 64
4974 45 64
4975 45 80
4976 45 64
4977 45 64
4978 45 64
4979 45 64
4980 45 64
4982 45 64
4985 45 64
4986 45 64
4987 45 64
4988 45 102
4989 45 64
4991 45 64
4993 45 64
4995 45 64
4996 45 64
4999 45 64
5000 45 64
5001 45 64
5003 45 64
5005 45 64
5006 45 64
5008 45 64
5009 45 64
5011 45 64
5013 45 64
5017 45 64
5018 45 64
5020 45 64
5024 45 64
5026 45 64
5029 45 64
5032 45 64
5033 45 64
5035 45 64
5036 45 64
5039 45 80
5040 45 64
5043 45 64
5044 45 80
5045 45 64
5046 45 64
5047 45 64
5050 45 64
5052 45 64
5054 45 64
5055 45 64
5057 45 64
5058 45 64
5060 45 64
5061 45 64
5062 45 64
5063 45 64
5065 45 64
5067 45 64
5068 45 64
5069 45 64
5071 45 64
5072 45 64
5073 45 80
5075 45 64
5077 45 64
5078 45 64
5080 45 64
5081 45 64
5083 45 64
5084 45 64
5085 45 64
5086 45 64
5087 45 64
5088 45 64
5089 45 64
5090 45 64
5091 45 64
5092 45 64
5093 45 64
5097 45 64
5098 45 64
5099 45 64
5100 45 64
5105 45 64
5106 45 64
5109 45 64
5110 45 64
5111 45 64
5112 45 64
5115 45 64
5116 45 102
5117 45 64
5118 45 64
5119 45 64
5120 45 64
5121 45 102
5122 45 64
5123 45 102
5124 45 64
5125 45 102
5126 45 64
5127 45 64
5128 45 64
5129 45 64
5130 45 64
5132 45 64
5133 45 64
5135 45 64
5136 45 64
5138 45 64
5139 45 102
5141 45 64
5142 45 64
5144 45 64
5146 45 64
5150 45 64
5151 45 64
5152 45 64
5153 45 102
5154 45 64
5155 45 64
5158 45 64
5159 45 64
5160 45 64
5161 45 64
5162 45 64
5163 45 64
5164 45 64
5167 45 64
5171 45 64
5172 45 64
5174 45 64
5175 45 64
5176 45 64
5178 45 64
5180 45 102
5181 45 64
5182 45 102
5183 45 64
5184 45 64
5186 45 64
5187 45 102
5189 45 64
5190 45 64
5191 45 64
5192 45 64
5194 45 64
5195 45 64
5197 45 64
5198 45 64
5202 45 64
5203 45 64
5204 45 64
5207 45 102
5208 45 64
5213 45 64
5214 45 64
5215 45 64
5216 45 64
5217 45 64
5218 45 64
5219 45 64
5220 45 64
5221 45 64
5222 45 64
5226 45 64
5232 45 64
5238 45 64
5239 45 64
5240 45 64
5241 45 64
5242 45 64
5243 45 64
5244 45 64
5245 45 64
5247 45 64
5248 45 64
5249 45 64
5250 45 64
5255 45 64
5260 45 64
5261 45 64
5262 45 102
5263 45 102
5264 45 102
5265 45 64
5267 45 64
5271 45 64
5274 45 64
5275 45 64
5277 45 64
5278 45 64
5282 45 64
5283 45 64
5284 45 64
5285 45 64
5286 45 64
5290 45 64
5291 45 64
5294 45 64
5296 45 64
5298 45 64
5299 45 64
5300 45 64
5301 45 102
5303 45 64
5305 45 64
5306 45 64
5308 45 64
5309 45 64
5310 45 64
5311 45 80
5312 45 64
5313 45 64
5314 45 64
5315 45 64
5316 45 64
5317 45 64
5320 45 64
5321 45 64
5322 45 64
5323 45 64
5324 45 64
5326 45 64
5327 45 64
5328 45 64
5329 45 64
5330 45 64
5332 45 64
5333 45 64
5334 45 64
5335 45 64
5336 45 64
5337 45 64
5339 45 64
5341 45 64
5343 45 64
5344 45 64
5345 45 64
5346 45 64
5347 45 64
5348 45 64
5350 45 64
5351 45 64
5352 45 102
5353 45 64
5354 45 64
5355 45 64
5356 45 64
5357 45 64
5358 45 64
5360 45 64
5361 45 102
5362 45 80
5363 45 64
5364 45 64
5365 45 64
5366 45 64
5367 45 64
5368 45 64
5380 45 64
5381 45 64
5382 45 64
5385 45 64
5386 45 64
5387 45 64
5388 45 64
5390 45 64
5391 45 64
5392 45 64
5395 45 64
5396 45 64
5397 45 64
5398 45 64
5399 45 64
5400 45 64
5405 45 64
5412 45 64
5415 45 64
5416 45 64
5417 45 64
5418 45 64
5419 45 64
5422 45 64
5423 45 64
5424 45 64
5426 45 64
5427 45 102
5428 45 64
5429 45 64
5430 45 64
5431 45 64
5434 45 64
5435 45 64
5436 45 64
5437 45 102
5438 45 64
5440 45 64
5442 45 64
5447 45 64
5448 45 64
5449 45 64
5452 45 64
5454 45 64
5455 45 64
5456 45 64
5457 45 102
5459 45 64
5460 45 64
5461 45 64
5462 45 64
5463 45 64
5467 45 64
5468 45 64
5469 45 64
5470 45 64
5471 45 80
5473 45 64
5474 45 64
5475 45 64
5476 45 64
5477 45 64
5478 45 64
5480 45 64
5481 45 64
5482 45 102
5483 45 64
5484 45 64
5485 45 102
5486 45 64
5487 45 102
5488 45 64
5490 45 64
5491 45 64
5494 45 64
5495 45 64
5496 45 64
5497 45 64
5499 45 64
5501 45 64
5503 45 64
5504 45 64
5505 45 64
5506 45 64
5507 45 64
5508 45 64
5509 45 64
5510 45 64
5511 45 64
5512 45 64
5513 45 64
5514 45 64
5515 45 64
5516 45 64
5517 45 64
5518 45 64
5519 45 64
5520 45 64
5521 45 64
5522 45 64
5523 45 64
5525 45 64
5527 45 102
5528 45 64
5530 45 64
5533 45 64
5534 45 64
5535 45 64
5536 45 64
5537 45 64
5539 45 64
5540 45 64
5541 45 64
5542 45 64
5544 45 64
5545 45 102
5548 45 64
5552 45 64
5554 45 64
5555 45 64
5558 45 64
5559 45 64
5562 45 64
5564 45 102
5565 45 64
5566 45 64
5567 45 102
5568 45 64
5569 45 64
5570 45 64
5571 45 64
5572 45 64
5573 45 64
5576 45 64
5577 45 64
5578 45 64
5579 45 64
5580 45 64
5581 45 102
5583 45 102
5587 45 64
5588 45 64
5589 45 102
5592 45 64
5594 45 64
5595 45 64
5598 45 64
5599 45 64
5600 45 102
5601 45 64
5602 45 64
5603 45 64
5606 45 64
5607 45 64
5608 45 64
5609 45 64
5610 45 64
5611 45 64
5613 45 64
5620 45 64
5622 45 64
5623 45 64
5624 45 102
5625 45 64
5627 45 64
5628 45 64
5629 45 64
5630 45 102
5633 45 102
5635 45 102
5636 45 64
5637 45 64
5638 45 64
5639 45 64
5640 45 64
5644 45 64
5645 45 64
5646 45 64
5647 45 64
5648 45 64
5649 45 64
5650 45 64
5651 45 64
5652 45 64
5653 45 64
5656 45 64
5657 45 64
5659 45 64
5660 45 64
5661 45 64
5662 45 102
5663 45 102
5664 45 64
5665 45 64
5666 45 64
5668 45 64
5669 45 64
5670 45 64
5673 45 64
5674 45 64
5675 45 64
5680 45 64
5682 45 64
5683 45 64
5684 45 102
5685 45 64
5687 45 64
5688 45 64
5689 45 64
5690 45 64
5691 45 102
5693 45 64
5694 45 64
5703 45 64
5704 45 102
5705 45 64
5706 45 64
5707 45 102
5710 45 64
5711 45 64
5712 45 64
5713 45 64
5718 45 64
5720 45 102
5721 45 102
5722 45 102
5726 45 64
5729 45 64
5730 45 64
5731 45 64
5732 45 64
5733 45 64
5735 45 64
5737 45 64
5740 45 80
5743 45 64
5744 45 64
5745 45 64
5746 45 64
5747 45 64
5748 45 64
5749 45 102
5750 45 64
5751 45 64
5752 45 64
5753 45 102
5754 45 64
5755 45 64
5756 45 64
5757 45 64
5761 45 64
5763 45 64
5768 45 64
5769 45 64
5770 45 102
5774 45 64
5775 45 64
5778 45 64
5780 45 64
5782 45 102
5783 45 102
5784 45 102
5785 45 64
5786 45 64
5787 45 102
5789 45 64
5790 45 102
5792 45 102
5794 45 64
5797 45 102
5803 45 102
5808 45 64
5809 45 102
5813 45 64
5828 45 102
5830 45 64
5832 45 64
5833 45 102
5834 45 102
5836 45 102
5837 45 102
5838 45 64
5840 45 64
5841 45 64
5842 45 64
5844 45 64
5846 45 64
5848 45 102
5850 45 102
5852 45 64
5853 45 64
5854 45 64
5855 45 102
5856 45 102
5860 45 102
5861 45 102
5862 45 102
5863 45 102
5864 45 102
5866 45 102
5868 45 102
5873 45 102
5874 45 102
5875 45 102
5876 45 102
5877 45 102
5878 45 102
5880 45 64
5882 45 64
5883 45 102
5884 45 102
5885 45 102
5886 45 102
5888 45 102
5889 45 102
5890 45 64
5891 45 102
5895 45 80
5899 45 102
5903 45 102
5907 45 102
5909 45 102
5911 45 102
5913 45 64
5914 45 64
5916 45 102
5917 45 64
5919 45 102
5924 45 102
5925 45 102
5926 45 64
5928 45 102
5930 45 64
5931 45 64
5935 45 102
5936 45 102
5937 45 64
5938 45 64
5939 45 64
5941 45 64
5942 45 102
5944 45 102
5945 45 102
5946 45 64
5947 45 102
5955 45 64
5958 45 102
5959 45 64
5960 45 64
5961 45 102
5962 45 64
5963 45 102
5964 45 64
5967 45 64
5972 45 102
5973 45 102
5977 45 102
5978 45 64
5991 45 64
5992 45 102
5993 45 64
5994 45 102
5995 45 64
6003 45 102
6005 45 102
6007 45 102
6009 45 102
6010 45 64
6014 45 102
6017 45 102
6018 45 102
6019 45 102
6020 45 102
6021 45 102
6022 45 102
6024 45 102
6026 45 64
6027 45 64
6028 45 64
6029 45 102
6030 45 64
6031 45 64
6033 45 64
6034 45 64
6035 45 64
6036 45 64
6037 45 64
6039 45 102
6041 45 80
6042 45 102
6046 45 64
6048 45 64
6050 45 64
6051 45 64
6052 45 64
6053 45 64
6054 45 102
6055 45 64
6056 45 64
6057 45 64
6058 45 64
6059 45 64
6062 45 102
6069 45 64
6070 45 64
6075 45 102
6077 45 102
6078 45 102
6079 45 64
6080 45 102
6083 45 102
6088 45 64
6091 45 102
6092 45 102
6094 45 102
6096 45 102
6098 45 102
6105 45 64
6106 45 102
6107 45 64
6108 45 102
6109 45 64
6110 45 102
6112 45 64
6113 45 64
6114 45 64
6116 45 64
6118 45 102
6119 45 102
6120 45 102
6121 45 102
6124 45 102
6128 45 102
6129 45 102
6130 45 102
6132 45 64
6133 45 102
6135 45 102
6141 45 64
6142 45 64
6143 45 64
6144 45 64
6145 45 64
6146 45 102
6147 45 64
6148 45 64
6152 45 102
6153 45 102
6157 45 64
6160 45 64
6161 45 102
6164 45 64
6166 45 102
6168 45 102
6169 45 102
6175 45 64
6176 45 64
6177 45 64
6178 45 64
6181 45 64
6182 45 64
6183 45 64
6184 45 64
6185 45 64
6186 45 64
6187 45 64
6188 45 64
6191 45 64
6192 45 64
6193 45 64
6196 45 64
6197 45 64
6199 45 64
6200 45 64
6201 45 64
6203 45 64
6205 45 64
6206 45 64
6207 45 64
6213 45 102
6214 45 64
6215 45 64
6222 45 102
6224 45 64
6225 45 64
6226 45 102
6228 45 102
6229 45 102
6230 45 102
6235 45 102
6236 45 64
6240 45 102
6244 45 102
6246 45 102
6247 45 64
6248 45 102
6251 45 102
6252 45 64
6253 45 64
6254 45 64
6255 45 64
6257 45 64
6261 45 102
6262 45 64
6263 45 64
6264 45 64
6265 45 64
6269 45 64
6273 45 64
6275 45 64
6276 45 64
6278 45 64
6281 45 64
6282 45 64
6286 45 64
6287 45 64
6288 45 64
6301 45 64
6302 45 64
6317 45 64
6324 45 64
6337 45 102
6348 45 102
6349 45 102
6350 45 102
6389 45 102
6391 45 64
6392 45 64
6393 45 64
6395 45 64
6396 45 64
6397 45 64
6399 45 64
6400 45 64
6410 45 64
6411 45 64
6412 45 64
6413 45 64
6477 45 64
6478 45 64
6519 45 64
6520 45 64
6521 45 64
6543 45 80
6544 45 102
6546 45 102
6547 45 102
6656 45 64
6709 45 64
6721 45 102
6816 45 64
6826 45 64
6856 45 64
6858 45 80
6905 45 64
6908 45 64
6909 45 64
6910 45 64
6912 45 64
6915 45 64
6943 45 64
6950 45 64
6996 45 64
6997 45 64
7035 45 64
7036 45 64
7037 45 64
7079 45 64
7297 45 64
7426 45 64
7427 45 64
7428 45 64
7429 45 64
7430 45 64
7431 45 64
7826 45 64
7827 45 64
7828 45 64
7909 45 64
8058 45 64
8175 45 64
8192 49 40
8193 49 40
8194 49 40
8195 49 40
8196 49 40
8197 49 40
8198 49 40
8199 49 40
8202 49 40
8203 49 40
8204 49 40
8205 49 40
8206 49 40
8209 49 40
8211 49 40
8212 49 40
8213 49 40
8214 49 40
8215 49 40
8216 49 40
8219 49 40
8221 49 40
8222 49 40
8224 49 40
8225 49 40
8226 49 40
8229 49 40
8231 49 40
8232 49 40
8233 49 40
8235 49 40
8236 49 40
8237 49 40
8238 49 40
8241 49 40
8242 49 40
8243 49 40
8244 49 40
8245 49 40
8246 49 40
8248 49 40
8249 49 40
8251 49 40
8252 49 40
8253 49 40
8254 49 40
8255 49 40
8256 49 40
8260 49 40
8261 49 40
8262 49 40
8263 49 40
8264 49 40
8265 49 40
8266 49 40
8270 49 40
8271 49 40
8272 49 40
8273 49 40
8274 49 40
8275 49 40
8276 49 40
8277 49 40
8286 49 56
99 49 40
8297 49 56
109 49 56
136 49 56
155 49 0
166 49 40
335 49 0
395 49 0
398 49 56
425 49 56
434 49 56
457 49 56
486 49 56
565 49 56
580 49 0
665 49 56
666 49 56
737 49 56
840 49 56
850 49 0
909 49 56
931 49 56
938 49 0
967 49 0
1008 49 56
1016 49 56
1017 49 56
1019 49 56
1059 49 56
1063 49 56
1074 49 56
1098 49 0
1132 49 56
1191 49 0
1328 49 56
1338 49 56
1340 49 56
1341 49 56
1342 49 56
1346 49 56
1355 49 56
1365 49 0
1374 49 0
1401 49 0
1403 49 56
1404 49 56
1405 49 56
1406 49 56
1408 49 56
1409 49 56
1410 49 56
1412 49 56
1493 49 56
1498 49 40
1539 49 0
1612 49 40
1667 49 40
1722 49 56
1762 49 56
1796 49 56
1823 49 56
1865 49 0
1879 49 56
1943 49 56
1968 49 56
1982 49 40
2008 49 56
2010 49 0
2012 49 56
2013 49 56
2015 49 56
2017 49 56
2018 49 56
2019 49 56
2020 49 56
2021 49 56
2023 49 56
2024 49 56
2025 49 56
2026 49 56
2027 49 56
2029 49 56
2030 49 56
2031 49 56
2032 49 56
2034 49 56
2035 49 56
2036 49 56
2037 49 56
2040 49 56
2042 49 56
2044 49 56
2045 49 56
2059 49 0
2067 49 0
2094 49 56
2160 49 56
2192 49 0
2223 49 40
2226 49 40
2249 49 56
2285 49 56
2304 49 56
2305 49 56
2308 49 56
2309 49 56
2310 49 56
2311 49 56
2312 49 56
2313 49 56
2315 49 56
2316 49 56
2317 49 56
2318 49 56
2320 49 56
2321 49 56
2346 49 56
2373 49 56
2376 49 56
2415 49 56
2419 49 56
2420 49 56
2437 49 56
2438 49 56
2439 49 56
2440 49 56
2441 49 56
2442 49 56
2443 49 56
2445 49 56
2446 49 56
2447 49 56
2448 49 56
2449 49 56
2450 49 56
2451 49 56
2452 49 0
2453 49 56
2454 49 56
2455 49 56
2457 49 56
2458 49 56
2459 49 56
2460 49 56
2461 49 56
2463 49 56
2464 49 56
2465 49 56
2466 49 56
2470 49 56
2481 49 0
2511 49 56
2565 49 0
2589 49 56
2620 49 56
2621 49 56
2658 49 0
2677 49 56
2738 49 0
2739 49 0
2782 49 56
2783 49 56
2784 49 56
2785 49 56
2839 49 56
2851 49 56
2855 49 56
2886 49 0
2887 49 56
2888 49 56
2890 49 56
2891 49 56
2892 49 56
2893 49 56
2894 49 56
2895 49 56
2896 49 56
2905 49 56
2908 49 56
2914 49 56
2931 49 56
2983 49 40
3000 49 56
3088 49 40
3142 49 40
3194 49 56
3195 49 56
3227 49 40
3238 49 0
3244 49 56
3245 49 56
3270 49 56
3293 49 40
3297 49 40
3310 49 0
3345 49 56
3346 49 56
3348 49 56
3353 49 0
3354 49 56
3355 49 56
3356 49 56
3357 49 56
3358 49 56
3359 49 56
3360 49 56
3361 49 56
3362 49 56
3381 49 56
3389 49 56
3425 49 56
3459 49 56
3471 49 56
3491 49 56
3492 49 56
3495 49 56
3499 49 56
3535 49 56
3545 49 0
3563 49 0
3571 49 56
3578 49 56
3585 49 56
3586 49 56
3593 49 56
3600 49 0
3642 49 56
3662 49 40
3665 49 40
3683 49 0
3700 49 56
3701 49 56
3708 49 56
3722 49 56
3723 49 0
3726 49 56
3749 49 56
3752 49 0
3764 49 56
3770 49 56
3792 49 56
3809 49 56
3830 49 56
3842 49 56
3850 49 0
3885 49 0
3919 49 56
3932 49 56
3962 49 0
3965 49 56
3978 49 56
3984 49 56
3989 49 56
4009 49 56
4037 49 56
4046 49 56
4071 49 0
4085 49 56
4086 49 56
4126 49 0
4129 49 0
4130 49 40
4134 49 56
4140 49 40
4164 49 0
4167 49 56
4168 49 56
4169 49 56
4187 49 40
4192 49 56
4200 49 40
4221 49 56
4236 49 56
4237 49 56
4291 49 56
4328 49 0
4341 49 0
4343 49 56
4347 49 40
4361 49 56
4369 49 0
4383 49 40
4395 49 56
4398 49 0
4401 49 40
4409 49 40
4412 49 56
4416 49 56
4432 49 40
4435 49 0
4437 49 56
4441 49 0
4447 49 40
4451 49 56
4456 49 0
4483 49 56
4488 49 56
4507 49 40
4524 49 56
4532 49 40
4540 49 56
4541 49 56
4542 49 40
4543 49 56
4544 49 56
4598 49 56
4604 49 56
4616 49 0
4632 49 0
4669 49 56
4673 49 56
4689 49 56
4709 49 56
4713 49 56
4717 49 56
4721 49 56
4764 49 56
4767 49 56
4771 49 40
4786 49 56
4788 49 40
4791 49 56
4795 49 56
4798 49 56
4813 49 56
4832 49 56
4874 49 56
4879 49 0
4882 49 56
4883 49 56
4884 49 0
4886 49 0
4905 49 56
4908 49 56
4911 49 56
4913 49 56
4915 49 56
4916 49 56
4917 49 56
4918 49 56
4919 49 56
4920 49 56
4921 49 56
4923 49 56
4925 49 56
4926 49 40
4934 49 56
4940 49 40
4943 49 0
4944 49 56
4960 49 56
4981 49 40
4983 49 40
4992 49 56
4994 49 56
5002 49 56
5010 49 56
5012 49 56
5015 49 40
5016 49 0
5019 49 56
5022 49 56
5028 49 0
5031 49 40
5037 49 56
5038 49 56
5048 49 56
5051 49 40
5053 49 0
5059 49 56
5064 49 40
5070 49 40
5079 49 56
5095 49 56
5096 49 40
5102 49 40
5103 49 0
5114 49 40
5140 49 56
5143 49 56
5145 49 56
5148 49 0
5166 49 56
5173 49 0
5177 49 56
5179 49 56
5185 49 56
5188 49 56
5193 49 56
5196 49 56
5199 49 56
5200 49 56
5201 49 0
5209 49 56
5210 49 56
5224 49 56
5225 49 56
5227 49 56
5228 49 56
5229 49 56
5230 49 56
5231 49 56
5233 49 56
5246 49 40
5251 49 56
5252 49 56
5253 49 56
5254 49 56
5269 49 56
5273 49 56
5276 49 56
5280 49 56
5281 49 56
5287 49 56
5288 49 56
5289 49 0
5295 49 56
5342 49 0
5370 49 56
5371 49 56
5372 49 56
5373 49 56
5374 49 56
5375 49 56
5376 49 56
5377 49 56
5378 49 40
5384 49 56
5393 49 56
5401 49 56
5404 49 56
5406 49 0
5410 49 56
5413 49 56
5414 49 56
5421 49 0
5432 49 56
5439 49 56
5445 49 0
5446 49 0
5465 49 0
5466 49 0
5472 49 0
5479 49 56
5489 49 40
5500 49 0
5524 49 56
5526 49 56
5529 49 0
5531 49 56
5532 49 56
5543 49 56
5549 49 56
5550 49 40
5551 49 40
5553 49 40
5561 49 56
5563 49 56
5582 49 56
5584 49 56
5590 49 56
5591 49 56
5596 49 56
5604 49 56
5605 49 40
5612 49 56
5614 49 40
5615 49 56
5616 49 56
5617 49 56
5626 49 56
5643 49 40
5655 49 56
5658 49 0
5667 49 40
5671 49 0
5678 49 56
5679 49 56
5686 49 40
5692 49 56
5696 49 56
5697 49 56
5702 49 0
5708 49 56
5709 49 56
5714 49 56
5738 49 40
5739 49 56
5741 49 40
5760 49 56
5766 49 56
5767 49 56
5771 49 56
5772 49 56
5773 49 56
5776 49 56
5781 49 0
5788 49 56
5796 49 56
5798 49 56
5799 49 56
5800 49 56
5801 49 56
5802 49 56
5804 49 56
5805 49 56
5806 49 0
5807 49 56
5810 49 56
5811 49 56
5812 49 40
5814 49 56
5815 49 56
5816 49 56
5817 49 56
5818 49 56
5819 49 40
5820 49 0
5821 49 56
5822 49 56
5823 49 56
5824 49 56
5827 49 56
5829 49 56
5835 49 0
5839 49 0
5857 49 56
5859 49 40
5871 49 56
5872 49 0
5887 49 40
5892 49 56
5896 49 0
5897 49 56
5902 49 56
5908 49 40
5910 49 0
5915 49 0
5920 49 40
5921 49 56
5922 49 56
5923 49 56
5927 49 40
5932 49 56
5933 49 0
5934 49 56
5940 49 56
5943 49 56
5949 49 56
5950 49 56
5952 49 0
5956 49 56
5965 49 56
5966 49 0
5969 49 56
5970 49 56
5971 49 56
5980 49 56
5981 49 56
5982 49 56
5983 49 56
5984 49 56
5985 49 56
5986 49 56
5987 49 56
5988 49 0
5989 49 56
5990 49 56
5997 49 56
5998 49 56
5999 49 40
6000 49 0
6001 49 56
6002 49 56
6004 49 56
6006 49 56
6013 49 0
6015 49 0
6016 49 40
6023 49 56
6025 49 56
6032 49 0
6038 49 56
6043 49 0
6044 49 40
6045 49 0
6047 49 56
6049 49 56
6060 49 56
6061 49 56
6063 49 56
6064 49 40
6066 49 56
6067 49 56
6068 49 40
6071 49 0
6072 49 40
6073 49 0
6074 49 0
6081 49 56
6082 49 56
6089 49 56
6090 49 56
6093 49 56
6097 49 56
6100 49 56
6101 49 56
6111 49 56
6123 49 56
6126 49 56
6127 49 0
6134 49 56
6139 49 56
6149 49 56
6150 49 0
6151 49 0
6155 49 56
6156 49 56
6158 49 56
6162 49 56
6165 49 56
6170 49 56
6174 49 0
6179 49 56
6180 49 0
6190 49 56
6198 49 56
6202 49 56
6204 49 56
6208 49 56
6212 49 40
6216 49 56
6217 49 56
6218 49 56
6219 49 56
6220 49 56
6221 49 56
6223 49 56
6227 49 56
6232 49 56
6239 49 56
6241 49 0
6242 49 56
6243 49 0
6245 49 0
6258 49 56
6259 49 56
6266 49 56
6267 49 56
6270 49 56
6271 49 56
6272 49 56
6274 49 40
6280 49 0
6291 49 56
6292 49 56
6293 49 56
6294 49 56
6295 49 56
6296 49 56
6297 49 56
6298 49 56
6299 49 56
6304 49 56
6305 49 56
6306 49 56
6307 49 40
6311 49 56
6312 49 56
6313 49 56
6314 49 56
6315 49 56
6316 49 0
6319 49 56
6320 49 0
6323 49 56
6325 49 56
6326 49 56
6327 49 56
6328 49 56
6330 49 56
6331 49 56
6332 49 56
6333 49 40
6334 49 56
6339 49 56
6340 49 56
6344 49 56
6346 49 56
6347 49 56
6351 49 56
6356 49 56
6359 49 56
6360 49 56
6366 49 56
6367 49 56
6371 49 56
6374 49 56
6375 49 56
6376 49 56
6377 49 56
6378 49 56
6379 49 56
6380 49 40
6381 49 56
6383 49 0
6387 49 56
6388 49 56
6394 49 56
6398 49 56
6406 49 56
6407 49 56
6408 49 56
6409 49 56
6414 49 56
6415 49 0
6416 49 56
6417 49 56
6421 49 56
6422 49 40
6423 49 40
6424 49 56
6426 49 56
6427 49 56
6428 49 56
6429 49 56
6430 49 56
6431 49 56
6432 49 56
6435 49 56
6436 49 56
6437 49 56
6439 49 56
6440 49 56
6441 49 56
6442 49 0
6443 49 56
6444 49 56
6445 49 0
6446 49 56
6447 49 56
6448 49 56
6450 49 56
6451 49 56
6452 49 56
6453 49 56
6454 49 56
6455 49 56
6456 49 56
6457 49 56
6458 49 56
6459 49 56
6460 49 40
6461 49 0
6462 49 56
6464 49 56
6466 49 56
6467 49 56
6468 49 56
6469 49 56
6470 49 56
6471 49 56
6472 49 56
6474 49 56
6475 49 56
6479 49 56
6480 49 56
6481 49 56
6483 49 56
6484 49 40
6485 49 56
6486 49 56
6487 49 56
6488 49 56
6489 49 56
6490 49 56
6491 49 56
6492 49 56
6493 49 56
6494 49 0
6495 49 56
6496 49 56
6497 49 56
6498 49 56
6500 49 56
6501 49 56
6502 49 40
6503 49 56
6504 49 56
6505 49 56
6506 49 56
6507 49 56
6508 49 56
6509 49 56
6510 49 56
6511 49 56
6513 49 56
6514 49 56
6515 49 56
6516 49 56
6517 49 56
6518 49 56
6522 49 56
6523 49 0
6524 49 0
6525 49 56
6526 49 56
6527 49 56
6528 49 56
6529 49 56
6530 49 56
6532 49 56
6533 49 56
6534 49 56
6535 49 56
6536 49 40
6537 49 56
6538 49 56
6539 49 56
6541 49 40
6542 49 40
6545 49 56
6548 49 0
6550 49 40
6551 49 56
6552 49 56
6553 49 56
6554 49 56
6555 49 0
6560 49 56
6561 49 56
6563 49 56
6565 49 56
6566 49 56
6567 49 56
6568 49 0
6570 49 56
6571 49 56
6572 49 56
6573 49 56
6574 49 56
6575 49 56
6576 49 56
6577 49 56
6578 49 56
6579 49 56
6580 49 56
6581 49 56
6582 49 56
6583 49 56
6584 49 56
6585 49 56
6586 49 56
6587 49 56
6588 49 56
6589 49 56
6590 49 56
6592 49 56
6594 49 56
6595 49 56
6596 49 0
6598 49 56
6599 49 56
6600 49 56
6601 49 56
6602 49 56
6603 49 56
6604 49 56
6605 49 56
6606 49 56
6607 49 56
6608 49 56
6609 49 56
6611 49 56
6612 49 56
6613 49 56
6614 49 56
6615 49 56
6616 49 56
6617 49 56
6618 49 40
6619 49 56
6620 49 56
6621 49 56
6622 49 56
6623 49 56
6624 49 0
6625 49 56
6626 49 56
6627 49 56
6628 49 56
6630 49 56
6632 49 56
6633 49 40
6634 49 40
6635 49 0
6636 49 56
6638 49 0
6639 49 56
6641 49 56
6643 49 56
6644 49 56
6645 49 56
6646 49 56
6647 49 56
6648 49 40
6649 49 56
6650 49 56
6651 49 56
6652 49 56
6653 49 56
6654 49 56
6655 49 56
6657 49 0
6658 49 56
6660 49 56
6661 49 56
6663 49 56
6665 49 56
6666 49 56
6668 49 56
6670 49 56
6671 49 56
6672 49 56
6673 49 56
6674 49 56
6675 49 56
6676 49 40
6677 49 56
6678 49 56
6679 49 56
6680 49 56
6681 49 40
6682 49 56
6683 49 56
6684 49 56
6685 49 56
6686 49 56
6687 49 56
6688 49 56
6689 49 56
6690 49 56
6691 49 56
6692 49 40
6695 49 0
6696 49 56
6697 49 56
6698 49 56
6699 49 56
6700 49 56
6701 49 56
6702 49 0
6703 49 56
6705 49 56
6706 49 56
6707 49 56
6710 49 56
6711 49 56
6712 49 0
6713 49 0
6714 49 56
6715 49 56
6717 49 56
6718 49 56
6719 49 56
6720 49 56
6723 49 56
6724 49 56
6725 49 56
6726 49 56
6727 49 56
6728 49 56
6729 49 56
6730 49 56
6731 49 56
6732 49 56
6734 49 0
6735 49 56
6736 49 56
6737 49 40
6738 49 56
6739 49 56
6744 49 56
6745 49 56
6746 49 56
6747 49 56
6749 49 56
6751 49 56
6752 49 56
6753 49 56
6755 49 56
6756 49 0
6757 49 56
6758 49 0
6759 49 40
6760 49 40
6761 49 56
6762 49 40
6764 49 56
6765 49 56
6766 49 0
6767 49 56
6768 49 56
6769 49 56
6770 49 56
6771 49 56
6772 49 56
6773 49 56
6774 49 56
6775 49 56
6776 49 56
6777 49 56
6778 49 56
6779 49 0
6780 49 40
6781 49 56
6782 49 56
6783 49 56
6784 49 56
6787 49 56
6788 49 56
6789 49 56
6790 49 56
6791 49 56
6793 49 56
6794 49 56
6795 49 40
6797 49 56
6798 49 56
6800 49 56
6801 49 40
6802 49 56
6803 49 56
6804 49 0
6805 49 56
6806 49 56
6807 49 56
6808 49 56
6809 49 56
6810 49 56
6811 49 56
6812 49 0
6813 49 56
6815 49 56
6818 49 0
6819 49 56
6821 49 56
6822 49 56
6824 49 56
6828 49 56
6829 49 56
6832 49 56
6833 49 56
6834 49 56
6835 49 56
6836 49 56
6837 49 56
6840 49 56
6841 49 56
6842 49 56
6843 49 56
6844 49 56
6845 49 56
6846 49 56
6847 49 56
6848 49 56
6850 49 56
6852 49 56
6854 49 56
6855 49 56
6859 49 40
6860 49 56
6861 49 56
6862 49 56
6863 49 56
6864 49 56
6865 49 56
6866 49 0
6867 49 56
6869 49 56
6870 49 56
6871 49 56
6873 49 56
6875 49 40
6876 49 56
6877 49 56
6878 49 56
6880 49 56
6881 49 56
6883 49 56
6884 49 56
6885 49 40
6886 49 56
6889 49 40
6890 49 56
6892 49 56
6895 49 56
6896 49 56
6897 49 56
6899 49 56
6900 49 40
6901 49 56
6902 49 0
6903 49 56
6904 49 56
6906 49 56
6907 49 0
6911 49 56
6913 49 56
6914 49 0
6916 49 0
6917 49 56
6918 49 40
6920 49 56
6921 49 56
6922 49 56
6923 49 0
6924 49 0
6926 49 56
6927 49 56
6928 49 56
6929 49 56
6930 49 56
6933 49 0
6934 49 0
6935 49 56
6936 49 56
6938 49 56
6940 49 56
6941 49 0
6942 49 56
6945 49 56
6946 49 0
6947 49 56
6948 49 56
6949 49 56
6951 49 40
6953 49 56
6954 49 56
6955 49 56
6958 49 56
6959 49 0
6960 49 56
6961 49 0
6962 49 56
6963 49 56
6967 49 56
6968 49 0
6969 49 0
6971 49 56
6972 49 56
6974 49 56
6975 49 56
6976 49 56
6978 49 56
6979 49 56
6980 49 0
6981 49 56
6982 49 56
6983 49 40
6984 49 56
6985 49 56
6986 49 56
6987 49 56
6990 49 40
6991 49 56
6993 49 0
6994 49 56
6995 49 56
6998 49 56
6999 49 56
7000 49 56
7001 49 56
7002 49 56
7003 49 56
7004 49 56
7005 49 0
7006 49 56
7007 49 56
7008 49 56
7009 49 56
7010 49 56
7011 49 56
7012 49 0
7013 49 56
7014 49 56
7015 49 56
7016 49 56
7017 49 56
7018 49 56
7019 49 40
7020 49 56
7021 49 40
7022 49 56
7023 49 56
7024 49 56
7025 49 56
7026 49 40
7027 49 56
7028 49 56
7029 49 56
7030 49 56
7031 49 56
7032 49 56
7033 49 56
7034 49 56
7038 49 56
7040 49 56
7041 49 56
7042 49 56
7043 49 40
7044 49 0
7045 49 0
7046 49 0
7047 49 40
7048 49 0
7049 49 0
7050 49 40
7051 49 0
7052 49 0
7053 49 40
7054 49 0
7055 49 0
7056 49 0
7057 49 0
7059 49 0
7060 49 56
7061 49 56
7062 49 40
7063 49 0
7064 49 0
7065 49 0
7070 49 56
7071 49 0
7072 49 56
7073 49 56
7074 49 56
7080 49 0
7082 49 56
7084 49 0
7085 49 0
7086 49 40
7087 49 0
7088 49 0
7089 49 56
7090 49 0
7092 49 0
7094 49 56
7095 49 40
7096 49 0
7098 49 56
7099 49 56
7100 49 56
7101 49 56
7103 49 56
7104 49 56
7106 49 56
7107 49 56
7108 49 56
7109 49 0
7110 49 56
7111 49 56
7112 49 56
7113 49 0
7114 49 56
7115 49 56
7116 49 0
7117 49 56
7118 49 56
7119 49 56
7120 49 0
7121 49 56
7122 49 56
7123 49 56
7124 49 56
7125 49 56
7126 49 56
7127 49 56
7128 49 56
7129 49 0
7130 49 56
7131 49 0
7132 49 0
7133 49 56
7134 49 56
7135 49 56
7136 49 56
7137 49 56
7138 49 56
7139 49 56
7140 49 56
7142 49 56
7143 49 56
7144 49 56
7145 49 56
7146 49 0
7149 49 56
7150 49 0
7151 49 56
7153 49 56
7154 49 56
7155 49 56
7156 49 56
7157 49 56
7158 49 56
7159 49 56
7160 49 56
7161 49 56
7162 49 56
7163 49 56
7164 49 56
7165 49 40
7166 49 56
7167 49 56
7168 49 56
7170 49 56
7171 49 0
7172 49 0
7173 49 40
7174 49 56
7175 49 0
7176 49 56
7177 49 56
7178 49 0
7179 49 0
7180 49 0
7181 49 56
7183 49 0
7184 49 56
7185 49 56
7186 49 56
7188 49 56
7189 49 40
7190 49 56
7191 49 56
7192 49 56
7193 49 56
7194 49 56
7195 49 56
7197 49 56
7198 49 40
7199 49 0
7201 49 56
7203 49 56
7204 49 56
7205 49 56
7206 49 56
7210 49 56
7211 49 56
7212 49 56
7214 49 56
7215 49 56
7217 49 56
7220 49 56
7221 49 56
7222 49 56
7223 49 56
7225 49 0
7226 49 0
7227 49 0
7228 49 0
7229 49 0
7230 49 0
7231 49 0
7232 49 0
7233 49 40
7234 49 0
7235 49 0
7236 49 0
7237 49 0
7238 49 40
7239 49 0
7240 49 56
7241 49 0
7243 49 0
7245 49 56
7246 49 56
7250 49 56
7251 49 56
7252 49 56
7253 49 0
7254 49 56
7255 49 56
7257 49 56
7260 49 0
7262 49 0
7265 49 56
7266 49 40
7267 49 56
7268 49 56
7269 49 56
7270 49 56
7271 49 56
7273 49 56
7276 49 0
7277 49 0
7278 49 56
7279 49 0
7280 49 0
7281 49 0
7282 49 40
7283 49 56
7284 49 40
7285 49 56
7286 49 56
7287 49 56
7289 49 56
7290 49 56
7291 49 56
7292 49 56
7293 49 56
7294 49 0
7295 49 56
7296 49 56
7298 49 56
7299 49 56
7300 49 56
7301 49 56
7302 49 56
7304 49 56
7305 49 56
7306 49 56
7309 49 56
7310 49 56
7315 49 56
7316 49 56
7317 49 56
7318 49 56
7319 49 56
7320 49 56
7321 49 40
7323 49 56
7326 49 56
7327 49 56
7329 49 56
7330 49 0
7332 49 56
7333 49 56
7335 49 56
7336 49 56
7337 49 56
7341 49 40
7342 49 56
7343 49 0
7344 49 0
7345 49 56
7347 49 56
7348 49 0
7349 49 56
7350 49 0
7351 49 56
7352 49 0
7353 49 56
7354 49 56
7355 49 56
7357 49 40
7359 49 0
7360 49 56
7362 49 0
7363 49 56
7365 49 56
7371 49 0
7372 49 0
7373 49 56
7374 49 56
7376 49 0
7377 49 56
7378 49 0
7379 49 0
7380 49 0
7381 49 0
7382 49 56
7383 49 56
7386 49 40
7387 49 40
7389 49 40
7390 49 0
7391 49 40
7393 49 0
7394 49 40
7397 49 0
7400 49 0
7401 49 0
7402 49 0
7403 49 56
7404 49 56
7405 49 0
7407 49 0
7409 49 0
7413 49 0
7414 49 0
7415 49 0
7416 49 56
7417 49 0
7418 49 40
7419 49 0
7420 49 0
7421 49 40
7422 49 56
7423 49 0
7424 49 40
7425 49 40
7434 49 40
7436 49 56
7439 49 56
7440 49 56
7441 49 0
7442 49 0
7443 49 0
7444 49 56
7445 49 56
7446 49 56
7447 49 56
7448 49 56
7449 49 40
7450 49 56
7451 49 0
7452 49 0
7453 49 0
7454 49 0
7455 49 0
7456 49 0
7457 49 0
7458 49 0
7459 49 0
7461 49 0
7462 49 0
7465 49 56
7466 49 56
7467 49 56
7468 49 0
7469 49 0
7470 49 0
7471 49 0
7472 49 56
7473 49 0
7474 49 0
7476 49 0
7477 49 0
7478 49 0
7480 49 0
7481 49 0
7482 49 0
7483 49 0
7484 49 0
7485 49 0
7486 49 0
7487 49 0
7490 49 0
7491 49 56
7492 49 0
7493 49 0
7494 49 56
7495 49 56
7497 49 0
7498 49 0
7501 49 0
7502 49 0
7503 49 0
7505 49 56
7506 49 0
7508 49 56
7509 49 0
7510 49 0
7511 49 40
7512 49 0
7513 49 0
7514 49 0
7515 49 0
7517 49 40
7518 49 56
7520 49 0
7522 49 56
7523 49 56
7524 49 56
7525 49 56
7527 49 0
7528 49 0
7529 49 0
7531 49 0
7533 49 0
7534 49 56
7535 49 0
7536 49 0
7537 49 0
7538 49 0
7540 49 0
7544 49 0
7545 49 40
7546 49 0
7549 49 40
7550 49 40
7553 49 40
7554 49 0
7557 49 0
7561 49 0
7563 49 0
7564 49 40
7565 49 0
7567 49 0
7569 49 0
7570 49 40
7571 49 0
7572 49 0
7574 49 40
7578 49 40
7579 49 0
7580 49 0
7583 49 0
7585 49 0
7586 49 0
7587 49 0
7588 49 0
7590 49 0
7593 49 0
7594 49 40
7595 49 0
7597 49 0
7598 49 0
7599 49 0
7600 49 0
7601 49 0
7602 49 0
7604 49 0
7605 49 0
7608 49 0
7609 49 40
7610 49 0
7611 49 0
7613 49 0
7614 49 0
7615 49 40
7616 49 40
7617 49 40
7618 49 0
7619 49 40
7620 49 40
7623 49 0
7624 49 0
7625 49 40
7626 49 0
7629 49 0
7630 49 0
7632 49 0
7634 49 0
7636 49 40
7637 49 40
7638 49 0
7639 49 0
7642 49 0
7644 49 0
7645 49 0
7646 49 0
7647 49 0
7648 49 0
7649 49 0
7650 49 40
7651 49 0
7652 49 0
7653 49 0
7658 49 0
7659 49 0
7660 49 0
7661 49 0
7662 49 0
7663 49 0
7664 49 0
7665 49 40
7666 49 0
7668 49 0
7669 49 0
7670 49 0
7672 49 0
7673 49 0
7675 49 40
7676 49 40
7677 49 40
7678 49 40
7679 49 0
7682 49 40
7683 49 0
7684 49 0
7685 49 40
7686 49 0
7687 49 0
7688 49 0
7690 49 56
7691 49 0
7694 49 0
7695 49 0
7696 49 40
7697 49 0
7698 49 0
7699 49 0
7701 49 0
7703 49 0
7704 49 0
7705 49 0
7706 49 0
7707 49 0
7715 49 0
7716 49 0
7717 49 0
7719 49 0
7720 49 0
7721 49 0
7724 49 0
7726 49 0
7727 49 40
7728 49 0
7729 49 0
7730 49 0
7732 49 40
7733 49 40
7734 49 40
7735 49 40
7736 49 0
7737 49 0
7738 49 0
7740 49 0
7741 49 0
7742 49 0
7743 49 40
7744 49 40
7745 49 0
7747 49 0
7750 49 40
7751 49 0
7752 49 0
7753 49 0
7754 49 0
7755 49 40
7756 49 0
7757 49 0
7758 49 0
7759 49 40
7760 49 0
7761 49 0
7762 49 0
7763 49 0
7765 49 40
7766 49 0
7767 49 0
7768 49 40
7769 49 0
7770 49 0
7771 49 40
7772 49 40
7773 49 40
7774 49 40
7775 49 40
7777 49 40
7778 49 40
7779 49 40
7780 49 0
7781 49 56
7782 49 56
7783 49 56
7788 49 0
7789 49 0
7790 49 0
7791 49 40
7792 49 0
7795 49 0
7796 49 0
7797 49 0
7799 49 0
7800 49 0
7801 49 0
7802 49 0
7803 49 0
7804 49 0
7805 49 0
7806 49 0
7808 49 40
7809 49 0
7810 49 40
7812 49 0
7813 49 0
7814 49 40
7815 49 40
7818 49 0
7819 49 0
7821 49 0
7822 49 0
7829 49 40
7830 49 0
7831 49 0
7832 49 0
7833 49 40
7834 49 0
7835 49 40
7836 49 0
7837 49 0
7839 49 0
7840 49 0
7841 49 0
7842 49 40
7843 49 40
7844 49 56
7845 49 40
7848 49 56
7849 49 0
7850 49 0
7851 49 0
7852 49 0
7853 49 56
7854 49 0
7855 49 0
7856 49 40
7857 49 40
7860 49 40
7861 49 40
7862 49 40
7863 49 40
7864 49 40
7865 49 40
7866 49 0
7867 49 0
7868 49 0
7869 49 0
7870 49 0
7871 49 0
7873 49 40
7874 49 0
7875 49 0
7877 49 40
7878 49 40
7879 49 40
7881 49 40
7882 49 40
7883 49 40
7884 49 40
7885 49 40
7886 49 0
7887 49 0
7888 49 0
7889 49 0
7890 49 0
7891 49 0
7892 49 0
7893 49 40
7894 49 0
7899 49 0
7900 49 40
7901 49 40
7902 49 40
7903 49 40
7904 49 40
7905 49 40
7906 49 40
7907 49 40
7908 49 40
7910 49 40
7911 49 0
7912 49 0
7913 49 0
7914 49 0
7915 49 0
7916 49 0
7919 49 40
7920 49 40
7921 49 40
7922 49 40
7923 49 40
7924 49 40
7925 49 40
7927 49 40
7928 49 40
7929 49 40
7930 49 56
7931 49 56
7932 49 40
7933 49 56
7934 49 56
7935 49 56
7937 49 40
7938 49 40
7939 49 40
7940 49 40
7941 49 40
7942 49 40
7944 49 0
7945 49 40
7946 49 0
7948 49 40
7949 49 40
7950 49 40
7952 49 0
7953 49 0
7954 49 40
7955 49 40
7956 49 40
7957 49 56
7959 49 0
7960 49 0
7961 49 0
7964 49 40
7965 49 40
7966 49 40
7967 49 40
7968 49 40
7969 49 40
7970 49 40
7972 49 56
7973 49 56
7974 49 40
7975 49 40
7976 49 40
7978 49 40
7979 49 40
7980 49 40
7981 49 56
7982 49 56
7985 49 0
7986 49 0
7991 49 40
7992 49 40
7993 49 56
7994 49 40
7995 49 40
7996 49 40
7998 49 56
7999 49 56
8000 49 56
8001 49 56
8002 49 56
8005 49 40
8006 49 0
8007 49 0
8009 49 40
8010 49 40
8011 49 40
8012 49 40
8013 49 40
8014 49 56
8015 49 56
8019 49 40
8020 49 56
8021 49 56
8023 49 40
8024 49 40
8025 49 0
8027 49 56
8028 49 56
8033 49 40
8035 49 0
8036 49 40
8037 49 40
8038 49 40
8040 49 40
8041 49 40
8042 49 40
8043 49 40
8044 49 40
8045 49 40
8046 49 40
8047 49 40
8048 49 40
8049 49 40
8050 49 40
8051 49 40
8052 49 40
8053 49 40
8054 49 40
8055 49 40
8056 49 40
8057 49 40
8060 49 40
8061 49 40
8062 49 56
8063 49 40
8064 49 56
8065 49 56
8066 49 56
8068 49 40
8069 49 40
8070 49 40
8071 49 40
8072 49 40
8073 49 40
8074 49 56
8075 49 56
8076 49 56
8077 49 40
8079 49 40
8080 49 40
8081 49 40
8083 49 40
8084 49 40
8085 49 40
8086 49 40
8087 49 40
8088 49 56
8089 49 56
8090 49 0
8091 49 56
8092 49 40
8093 49 56
8094 49 40
8095 49 56
8096 49 56
8097 49 40
8098 49 56
8099 49 56
8100 49 56
8101 49 56
8102 49 56
8103 49 56
8104 49 56
8105 49 56
8106 49 56
8107 49 40
8108 49 56
8109 49 56
8110 49 56
8111 49 56
8112 49 56
8114 49 56
8115 49 56
8118 49 40
8119 49 40
8120 49 40
8121 49 40
8122 49 40
8124 49 40
8126 49 40
8128 49 40
8130 49 0
8131 49 56
8132 49 40
8133 49 40
8134 49 40
8135 49 40
8136 49 40
8137 49 40
8138 49 40
8139 49 40
8140 49 56
8141 49 56
8142 49 56
8144 49 56
8145 49 56
8146 49 56
8147 49 56
8148 49 56
8149 49 40
8150 49 40
8152 49 40
8153 49 40
8155 49 40
8156 49 40
8157 49 40
8158 49 40
8159 49 40
8161 49 40
8162 49 40
8163 49 40
8165 49 40
8166 49 40
8167 49 40
8168 49 40
8169 49 40
8170 49 40
8171 49 40
8172 49 40
8173 49 40
8174 49 40
8177 49 56
8178 49 56
8179 49 56
8180 49 56
8181 49 56
8182 49 56
8183 49 56
8184 49 56
8186 49 0
8187 49 40
8189 49 40
8190 49 40
3 26 16
4 26 16
5 26 16
6 26 16
7 26 16
8 26 16
9 26 16
10 26 16
12 26 16
13 26 16
14 26 16
17 26 16
18 26 16
19 26 16
20 26 16
21 26 16
22 26 16
23 26 16
25 26 16
26 26 16
27 26 16
28 26 16
29 26 16
30 26 16
31 26 16
32 26 16
33 26 16
34 26 16
37 26 16
38 26 16
39 26 16
40 26 16
41 26 16
42 26 16
43 26 16
45 26 16
46 26 16
47 26 16
48 26 16
49 26 16
50 26 16
51 26 16
52 26 16
54 26 16
55 26 16
56 26 16
57 26 16
58 26 16
59 26 16
61 26 16
62 26 16
63 26 16
65 26 16
66 26 16
67 26 16
71 26 16
73 26 16
75 26 16
76 26 16
77 26 16
78 26 16
79 26 16
80 26 16
81 26 16
82 26 16
83 26 16
84 26 16
85 26 16
88 26 16
89 26 16
8282 26 16
8283 26 16
8284 26 16
93 26 16
94 26 16
8287 26 16
95 26 16
96 26 16
8285 26 16
91 26 16
100 26 16
92 26 16
102 26 16
103 26 16
104 26 16
105 26 16
106 26 16
107 26 16
108 26 16
101 26 16
112 26 16
113 26 16
114 26 16
115 26 16
116 26 16
117 26 16
118 26 16
119 26 16
120 26 16
121 26 16
123 26 16
124 26 16
129 26 16
130 26 16
132 26 16
133 26 16
134 26 16
135 26 16
137 26 16
139 26 16
140 26 16
141 26 16
142 26 16
143 26 16
144 26 16
150 26 16
152 26 16
153 26 16
154 26 16
156 26 16
158 26 16
159 26 16
160 26 16
162 26 16
163 26 16
164 26 16
165 26 16
167 26 16
168 26 16
169 26 16
174 26 16
175 26 16
177 26 16
178 26 16
179 26 16
180 26 16
181 26 16
182 26 16
183 26 16
187 26 16
189 26 16
190 26 16
192 26 16
194 26 16
195 26 16
196 26 16
198 26 16
200 26 16
202 26 16
205 26 16
206 26 16
207 26 16
208 26 16
210 26 16
211 26 16
214 26 16
216 26 16
217 26 16
218 26 16
219 26 16
221 26 16
223 26 16
224 26 16
225 26 16
226 26 16
228 26 16
231 26 16
232 26 16
233 26 16
234 26 16
235 26 16
236 26 16
237 26 16
238 26 16
239 26 16
242 26 16
243 26 16
244 26 16
245 26 16
246 26 16
247 26 16
248 26 16
2296 26 16
250 26 16
251 26 16
252 26 16
253 26 16
255 26 16
256 26 16
257 26 16
258 26 16
260 26 16
261 26 16
265 26 16
268 26 16
273 26 16
274 26 16
275 26 16
276 26 16
277 26 16
280 26 16
282 26 16
283 26 16
284 26 16
286 26 16
287 26 16
288 26 16
289 26 16
292 26 16
293 26 16
294 26 16
295 26 16
296 26 16
297 26 16
299 26 16
300 26 16
301 26 16
302 26 16
303 26 16
307 26 16
323 26 16
325 26 16
326 26 16
328 26 16
329 26 16
330 26 16
331 26 16
333 26 16
337 26 16
339 26 16
342 26 16
343 26 16
344 26 16
345 26 16
348 26 16
349 26 16
352 26 16
353 26 16
355 26 16
356 26 16
357 26 16
358 26 16
359 26 16
362 26 16
363 26 16
364 26 16
365 26 16
366 26 16
367 26 16
368 26 16
369 26 16
370 26 16
373 26 16
374 26 16
375 26 16
377 26 16
378 26 16
379 26 16
381 26 16
382 26 16
383 26 16
384 26 16
386 26 16
389 26 16
390 26 16
391 26 16
392 26 16
393 26 16
394 26 16
396 26 16
397 26 16
400 26 16
401 26 16
402 26 16
405 26 16
406 26 16
408 26 16
409 26 16
410 26 16
411 26 16
413 26 16
414 26 16
415 26 16
416 26 16
418 26 16
419 26 16
421 26 16
422 26 16
423 26 16
426 26 16
427 26 16
428 26 16
430 26 16
431 26 16
433 26 16
435 26 16
436 26 16
437 26 16
438 26 16
440 26 16
441 26 16
443 26 16
444 26 16
446 26 16
448 26 16
450 26 16
451 26 16
453 26 16
454 26 16
455 26 16
456 26 16
458 26 16
460 26 16
461 26 16
462 26 16
463 26 16
467 26 16
468 26 16
472 26 16
473 26 16
476 26 16
477 26 16
480 26 16
481 26 16
489 26 16
490 26 16
492 26 16
493 26 16
98 26 16
494 26 16
495 26 16
497 26 16
498 26 16
504 26 16
509 26 16
511 26 16
513 26 16
514 26 16
515 26 16
516 26 16
517 26 16
519 26 16
520 26 16
522 26 16
523 26 16
524 26 16
527 26 16
528 26 16
529 26 16
531 26 16
536 26 16
538 26 16
539 26 16
540 26 16
541 26 16
542 26 16
543 26 16
544 26 16
547 26 16
548 26 16
549 26 16
550 26 16
551 26 16
552 26 16
555 26 16
557 26 16
558 26 16
560 26 16
561 26 16
562 26 16
563 26 16
564 26 16
566 26 16
567 26 16
568 26 16
569 26 16
570 26 16
571 26 16
573 26 16
574 26 16
576 26 16
577 26 16
578 26 16
581 26 16
584 26 16
586 26 16
589 26 16
590 26 16
591 26 16
592 26 16
593 26 16
594 26 16
595 26 16
596 26 16
602 26 16
604 26 16
605 26 16
606 26 16
607 26 16
609 26 16
610 26 16
611 26 16
612 26 16
613 26 16
615 26 16
616 26 16
617 26 16
619 26 16
621 26 16
622 26 16
624 26 16
627 26 16
628 26 16
631 26 16
632 26 16
636 26 16
638 26 16
640 26 16
641 26 16
642 26 16
645 26 16
648 26 16
651 26 16
652 26 16
653 26 16
654 26 16
655 26 16
656 26 16
657 26 16
658 26 16
661 26 16
662 26 16
664 26 16
667 26 16
668 26 16
669 26 16
670 26 16
672 26 16
673 26 16
675 26 16
676 26 16
677 26 16
678 26 16
681 26 16
683 26 16
684 26 16
687 26 16
693 26 16
694 26 16
700 26 16
725 26 16
726 26 16
728 26 16
729 26 16
731 26 16
732 26 16
734 26 16
735 26 16
738 26 16
739 26 16
745 26 16
746 26 16
748 26 16
750 26 16
751 26 16
752 26 16
753 26 16
754 26 16
755 26 16
756 26 16
758 26 16
760 26 16
773 26 16
774 26 16
775 26 16
776 26 16
779 26 16
792 26 16
793 26 16
2861 26 16
2864 26 16
2865 26 16
818 26 16
819 26 16
2868 26 16
6965 26 16
822 26 16
821 26 16
824 26 16
2869 26 16
2870 26 16
1067 26 16
1077 26 16
1126 26 16
1300 26 16
1325 26 16
1327 26 16
1329 26 16
2005 26 16
