721 0
1723 0
9 0
15 0
17 0
821 0
1280 0
2778 0
684 0
24 0
2774 0
799 0
1585 0
831 0
790 0
2776 0
2784 0
586 0
1902 0
1900 0
1869 0
364 0
494 0
1901 0
1817 0
2780 0
1493 0
1895 0
2779 0
2804 0
1531 0
2801 0
2781 0
1894 0
5957 0
1896 0
2785 0
2809 0
2787 0
1905 0
2806 0
2800 0
2803 0
621 0
2771 0
2802 0
2794 0
6889 0
2786 0
1903 0
6532 0
2796 0
2808 0
2805 0
2798 0
791 0
2816 0
5978 0
789 0
2788 0
2799 0
6625 0
5166 0
1893 0
4919 0
6133 0
7140 0
6195 0
2958 0
7038 0
2772 0
5009 0
4466 0
4993 0
5006 0
1972 0
5021 0
5832 0
2012 0
7166 0
2604 0
2602 0
2377 0
4555 0
2375 0
2820 0
5780 0
6281 0
6541 0
6264 0
4270 0
4667 0
2376 0
7007 0
3059 0
6452 0
2769 0
2379 0
7167 0
6768 0
6417 0
5783 0
6972 0
6750 0
6888 0
6855 0
6206 0
6047 0
5405 0
793 0
7225 0
1532 0
6852 0
1640 0
1326 0
387 0
2378 0
6051 0
6048 0
2813 0
2824 0
4164 0
16 0
3188 0
5005 0
18 0
2793 0
2815 0
2812 0
25 0
5848 0
5731 0
702 0
2775 0
4990 0
5729 0
5730 0
5732 0
5160 0
5733 0
1919 0
6534 0
6839 0
5399 0
669 0
759 0
2817 0
6121 0
2244 0
6533 0
5784 0
7066 0
7141 0
1815 0
2669 0
3475 0
5011 0
2797 0
2811 0
6853 0
6999 0
7001 0
7398 0
7002 0
7003 0
7006 0
7013 0
7014 0
5777 0
7053 0
7397 0
5847 0
6207 0
5846 0
5854 0
5010 0
6012 0
5831 0
5820 0
3733 0
5819 0
851 0
2968 0
2818 0
6295 0
6453 0
6535 0
6598 0
5778 0
6854 0
480 0
2640 0
848 0
2920 0
846 0
1262 0
395 0
2680 0
2651 0
1899 0
2927 0
5311 0
2783 0
1943 0
1904 0
2922 0
2918 0
2919 0
2917 0
1559 0
2924 0
5891 0
2579 0
2596 0
6058 0
2943 0
2921 0
2932 0
4002 0
2937 0
1308 0
2939 0
2935 0
2933 0
2934 0
5545 0
2916 0
6882 0
2944 0
5853 0
5841 0
2928 0
2929 0
2926 0
2931 0
2941 0
2940 0
2938 0
1278 0
2930 0
694 0
2942 0
2639 0
2936 0
3292 0
2578 0
6382 0
1328 0
5679 0
6747 0
5675 0
2583 0
2598 0
5768 0
7077 0
6578 0
5039 0
1272 0
2580 0
1327 0
1906 0
2599 0
3047 0
5759 0
6125 0
3289 0
3970 0
4409 0
5512 0
2595 0
5766 0
3419 0
1923 0
5083 0
3978 0
603 0
3294 0
3420 0
5851 0
4238 0
5076 0
5703 0
5726 0
5725 0
4072 0
5765 0
7144 0
1964 0
6917 0
6059 0
5767 0
1403 0
3821 0
5757 0
5079 0
5143 0
4801 0
5674 0
6054 0
3063 0
1911 0
4033 0
6379 0
5522 0
2923 0
5519 0
6199 0
3048 0
4677 0
1650 0
2576 0
1924 0
5727 0
5704 0
4015 0
5842 0
6584 0
4798 0
5738 0
2597 0
5366 0
5300 0
5521 0
5523 0
4952 0
5133 0
5750 0
4000 0
4003 0
5404 0
5397 0
4797 0
5524 0
5520 0
5517 0
3049 0
5144 0
1093 0
3415 0
5688 0
4802 0
4370 0
6745 0
5082 0
5518 0
1907 0
1805 0
6377 0
5631 0
2273 0
1094 0
3066 0
3053 0
5074 0
6401 0
3064 0
5313 0
1086 0
6748 0
2644 0
6580 0
6380 0
6583 0
6581 0
6582 0
6749 0
2600 0
6883 0
6886 0
7067 0
7083 0
7084 0
7145 0
6061 0
1085 0
5852 0
5678 0
5516 0
5514 0
5136 0
5135 0
5760 0
5761 0
5762 0
5764 0
5077 0
5769 0
4799 0
4236 0
3050 0
4008 0
3947 0
5892 0
3291 0
3288 0
6153 0
6171 0
5526 0
6381 0
3054 0
6400 0
6409 0
6418 0
1261 0
1309 0
786 0
1267 0
220 0
1266 0
1270 0
1286 0
1304 0
1285 0
739 0
22 0
446 0
1318 0
405 0
418 0
1284 0
1271 0
556 0
635 0
847 0
1368 0
1315 0
1320 0
1287 0
1311 0
686 0
1339 0
642 0
1303 0
1276 0
1319 0
1533 0
1314 0
1321 0
1317 0
1313 0
1310 0
1312 0
2742 0
1329 0
6250 0
1330 0
1282 0
5606 0
7422 0
5893 0
5064 0
1340 0
1070 0
751 0
5142 0
1332 0
7093 0
3177 0
7143 0
3814 0
1316 0
6050 0
3737 0
1350 0
3858 0
3633 0
1866 0
1337 0
419 0
1870 0
3642 0
4369 0
5503 0
4909 0
5500 0
5506 0
6978 0
6785 0
1277 0
3810 0
4152 0
6977 0
2744 0
1366 0
5734 0
1325 0
5573 0
4470 0
5602 0
5227 0
6784 0
4291 0
3686 0
829 0
4063 0
3857 0
6835 0
568 0
6536 0
5814 0
7432 0
6406 0
6037 0
2743 0
7439 0
3532 0
5741 0
5815 0
5712 0
23 0
3750 0
1892 0
4566 0
5199 0
1389 0
425 0
2750 0
6942 0
5124 0
6053 0
5499 0
5420 0
1390 0
4447 0
5501 0
7146 0
6979 0
1388 0
2827 0
6945 0
6944 0
5377 0
5713 0
6850 0
5421 0
6172 0
5607 0
5576 0
5763 0
5812 0
5531 0
5818 0
5956 0
5130 0
6811 0
5129 0
4910 0
6558 0
6654 0
6660 0
4449 0
6786 0
1860 0
1925 0
5609 0
2566 0
2487 0
822 0
1986 0
1846 0
2677 0
5365 0
551 0
5627 0
5641 0
3286 0
5611 0
3274 0
5626 0
3275 0
5623 0
3273 0
2564 0
1367 0
6607 0
3278 0
5771 0
5751 0
4486 0
5308 0
2409 0
2565 0
5600 0
2567 0
5643 0
3277 0
2033 0
5640 0
5632 0
5629 0
5628 0
2148 0
3285 0
5614 0
5613 0
2575 0
723 0
1071 0
2209 0
1440 0
1798 0
3085 0
414 0
2185 0
2186 0
2191 0
2195 0
1799 0
2192 0
2188 0
2207 0
2206 0
2193 0
2189 0
2200 0
2227 0
2229 0
2208 0
2210 0
2211 0
2212 0
2190 0
5555 0
397 0
413 0
406 0
1439 0
3507 0
6646 0
5461 0
3074 0
2226 0
2187 0
2222 0
2215 0
7188 0
5169 0
5462 0
2220 0
2216 0
2221 0
1384 0
2219 0
2223 0
2214 0
2225 0
2224 0
2218 0
2217 0
7232 0
5451 0
6378 0
2213 0
2231 0
3509 0
2194 0
2230 0
5172 0
2228 0
5460 0
5370 0
3741 0
5170 0
5554 0
6950 0
5564 0
5173 0
6647 0
5030 0
7195 0
7194 0
3742 0
7155 0
7154 0
7153 0
6185 0
5565 0
5562 0
5561 0
5171 0
5558 0
6626 0
6648 0
3636 0
7384 0
3508 0
5886 0
6151 0
4979 0
2265 0
6650 0
6215 0
5346 0
7231 0
7383 0
5347 0
7152 0
3510 0
7187 0
5341 0
6341 0
5557 0
6148 0
3511 0
5412 0
6194 0
6203 0
6204 0
6052 0
6202 0
6192 0
6193 0
6593 0
3739 0
3740 0
7156 0
749 0
5342 0
6992 0
7208 0
7193 0
7192 0
6994 0
6993 0
3416 0
7189 0
3512 0
5343 0
6342 0
435 0
1600 0
1584 0
787 0
1588 0
782 0
1589 0
1595 0
1592 0
1587 0
1583 0
1616 0
1599 0
6167 0
1636 0
1633 0
1607 0
1602 0
1609 0
1630 0
1617 0
1586 0
1606 0
1608 0
1632 0
1619 0
1594 0
1593 0
1623 0
1597 0
1638 0
1618 0
1639 0
5645 0
6041 0
5895 0
1590 0
1624 0
1626 0
1603 0
1604 0
1620 0
1614 0
1629 0
1625 0
1621 0
1637 0
1628 0
1601 0
1611 0
1613 0
1635 0
1612 0
1631 0
1627 0
1610 0
1605 0
1634 0
1615 0
1596 0
1622 0
1598 0
6404 0
6440 0
1530 0
5955 0
5999 0
1720 0
6531 0
6134 0
1725 0
7134 0
1724 0
1591 0
6612 0
5255 0
5256 0
6447 0
6446 0
6016 0
5929 0
5928 0
5824 0
5823 0
5644 0
734 0
5654 0
7080 0
5863 0
5075 0
2563 0
1863 0
5610 0
7293 0
3413 0
6894 0
7315 0
2247 0
4480 0
7335 0
7169 0
3414 0
4953 0
363 0
5567 0
6062 0
5656 0
4937 0
6104 0
7295 0
3052 0
4203 0
7330 0
7337 0
7317 0
7336 0
7318 0
7334 0
7333 0
7332 0
7331 0
7319 0
7329 0
7328 0
5639 0
7326 0
7325 0
7324 0
7322 0
7321 0
7320 0
7349 0
7438 0
7357 0
7356 0
7355 0
7354 0
7353 0
7352 0
7351 0
7350 0
7338 0
7348 0
7347 0
7345 0
7344 0
7343 0
7342 0
7341 0
7340 0
7339 0
5817 0
7292 0
7291 0
7290 0
7289 0
7147 0
6943 0
6631 0
6064 0
6063 0
5822 0
7294 0
5816 0
5677 0
5676 0
5658 0
5655 0
5513 0
5502 0
5137 0
4938 0
7305 0
7314 0
7313 0
7312 0
7311 0
7310 0
7309 0
7308 0
7307 0
7306 0
7316 0
7304 0
7303 0
7302 0
7301 0
7300 0
7299 0
7298 0
7297 0
7296 0
2151 0
5316 0
737 0
5315 0
2900 0
2034 0
253 0
2823 0
2899 0
342 0
914 0
5319 0
2903 0
316 0
930 0
343 0
5533 0
251 0
322 0
3204 0
894 0
2905 0
6355 0
3205 0
813 0
324 0
724 0
300 0
349 0
252 0
360 0
2904 0
4160 0
6601 0
4001 0
6594 0
6537 0
6608 0
6840 0
1370 0
323 0
225 0
1803 0
814 0
2897 0
224 0
815 0
2901 0
812 0
1372 0
350 0
351 0
725 0
811 0
959 0
325 0
7098 0
2898 0
2906 0
4158 0
7173 0
7269 0
7271 0
7099 0
3671 0
781 0
5318 0
4114 0
6155 0
4962 0
6877 0
5477 0
4365 0
6796 0
4010 0
7207 0
6559 0
5589 0
3940 0
3271 0
3272 0
6738 0
3939 0
6116 0
6343 0
6364 0
4949 0
6390 0
4161 0
7270 0
1073 0
2911 0
4465 0
4366 0
4807 0
4803 0
5538 0
3587 0
5120 0
1092 0
3155 0
6083 0
5125 0
6595 0
5145 0
4163 0
5953 0
6620 0
540 0
4162 0
564 0
623 0
7157 0
4614 0
4657 0
4961 0
4963 0
6277 0
5320 0
2258 0
6560 0
3941 0
6117 0
6392 0
6391 0
6273 0
6276 0
3203 0
4846 0
1338 0
1688 0
2102 0
6163 0
1293 0
2101 0
4848 0
4870 0
1689 0
5189 0
5350 0
4385 0
4873 0
5353 0
4876 0
5739 0
5890 0
3485 0
5302 0
3118 0
3957 0
4435 0
4871 0
5785 0
4431 0
4877 0
5719 0
6516 0
5743 0
6515 0
5754 0
6514 0
5744 0
5087 0
5351 0
5086 0
5507 0
4879 0
5736 0
4878 0
4868 0
4867 0
4847 0
5638 0
1275 0
4275 0
1861 0
2030 0
1336 0
557 0
1721 0
1294 0
3876 0
6132 0
6540 0
6282 0
1889 0
6885 0
7087 0
2959 0
6080 0
1227 0
2749 0
2674 0
4508 0
7142 0
4445 0
5048 0
2173 0
6374 0
1891 0
4159 0
4687 0
2546 0
6280 0
6974 0
6636 0
2004 0
2412 0
7071 0
2411 0
6201 0
6135 0
1873 0
6082 0
1992 0
5795 0
5790 0
5789 0
5787 0
2395 0
2013 0
2015 0
4315 0
4308 0
4307 0
4303 0
4293 0
4292 0
4277 0
2018 0
2347 0
2348 0
2369 0
3543 0
2039 0
4748 0
4747 0
4746 0
4749 0
4744 0
4743 0
4742 0
4752 0
4751 0
4750 0
4745 0
4713 0
4740 0
4741 0
4739 0
4738 0
4737 0
4736 0
4735 0
4734 0
4733 0
4732 0
4731 0
4730 0
1807 0
1091 0
2087 0
1090 0
1089 0
1808 0
1087 0
2090 0
2040 0
569 0
3153 0
3538 0
3546 0
3541 0
1041 0
3547 0
3548 0
3549 0
6664 0
7186 0
4977 0
2132 0
4506 0
3539 0
6550 0
4507 0
4505 0
6472 0
4504 0
3864 0
7255 0
7399 0
950 0
4970 0
1796 0
3545 0
4972 0
3152 0
4706 0
4707 0
4708 0
4727 0
4712 0
4728 0
4699 0
4709 0
4710 0
4711 0
4729 0
3544 0
4717 0
4718 0
4719 0
4720 0
3151 0
4722 0
3154 0
4714 0
4715 0
4716 0
4721 0
3542 0
4254 0
4703 0
4704 0
4255 0
4700 0
4701 0
4702 0
1818 0
4692 0
4694 0
4693 0
4697 0
2131 0
4705 0
4723 0
4724 0
4725 0
4726 0
2038 0
3942 0
2088 0
4921 0
3540 0
2093 0
4698 0
3100 0
3198 0
1088 0
5585 0
2381 0
2380 0
6350 0
1990 0
1550 0
3862 0
1546 0
1551 0
1554 0
1547 0
1548 0
6190 0
1553 0
1556 0
1544 0
1545 0
1552 0
1555 0
1549 0
823 0
832 0
5919 0
2861 0
3871 0
5920 0
562 0
6572 0
6600 0
6878 0
2712 0
2714 0
2710 0
7241 0
2713 0
2711 0
3685 0
4874 0
3731 0
5211 0
6043 0
6758 0
868 0
1941 0
1218 0
4753 0
719 0
4666 0
4664 0
2092 0
1224 0
2342 0
2333 0
2341 0
2332 0
2331 0
2330 0
3168 0
3167 0
2155 0
867 0
5619 0
4220 0
6759 0
4851 0
4850 0
6760 0
6761 0
6762 0
3449 0
1265 0
1331 0
3450 0
3180 0
1382 0
1274 0
1383 0
3525 0
3478 0
1396 0
3457 0
1295 0
3092 0
3453 0
3522 0
3466 0
3464 0
3477 0
1397 0
3514 0
3523 0
1823 0
3451 0
3513 0
3476 0
3467 0
3515 0
3462 0
3463 0
3473 0
3390 0
3465 0
6131 0
3207 0
3505 0
3461 0
3469 0
3471 0
3460 0
2657 0
3206 0
3176 0
4025 0
2658 0
6739 0
3472 0
3974 0
2264 0
3504 0
3517 0
3503 0
3483 0
3524 0
3533 0
3481 0
3468 0
1897 0
800 0
1263 0
3096 0
3012 0
7244 0
3095 0
2821 0
2795 0
3090 0
3093 0
3098 0
420 0
2572 0
3013 0
608 0
3014 0
3094 0
3091 0
3089 0
3015 0
1913 0
3042 0
1560 0
3499 0
3041 0
6566 0
4294 0
4478 0
6260 0
3747 0
5368 0
2571 0
5926 0
5959 0
228 0
3745 0
3521 0
4260 0
3823 0
7126 0
7135 0
7277 0
5530 0
4997 0
3746 0
4037 0
6354 0
4998 0
4490 0
7245 0
5927 0
5962 0
5961 0
5960 0
5755 0
5119 0
7363 0
7364 0
3097 0
1933 0
3036 0
3033 0
3029 0
3025 0
850 0
3026 0
3034 0
3030 0
3948 0
3027 0
3654 0
3037 0
3028 0
3035 0
3031 0
7085 0
3032 0
3039 0
3650 0
3040 0
449 0
3673 0
3675 0
5063 0
2079 0
4363 0
3160 0
5578 0
5883 0
3163 0
3619 0
4367 0
3949 0
3038 0
6036 0
3658 0
3674 0
5542 0
5543 0
5577 0
3657 0
3156 0
5884 0
6035 0
6617 0
6618 0
6909 0
7051 0
2638 0
1003 0
4757 0
3788 0
4599 0
4588 0
1793 0
1435 0
1371 0
5617 0
3787 0
4613 0
4436 0
2829 0
5952 0
2830 0
3267 0
6304 0
2828 0
4615 0
1535 0
6663 0
4587 0
4438 0
4357 0
1717 0
4525 0
3337 0
3336 0
5041 0
2076 0
5417 0
4499 0
4971 0
5470 0
1297 0
4501 0
6065 0
6635 0
3009 0
4812 0
4354 0
5998 0
5974 0
5973 0
6834 0
4355 0
6757 0
4353 0
5465 0
4880 0
747 0
5975 0
4556 0
5190 0
3887 0
6385 0
6156 0
3342 0
4118 0
4665 0
3339 0
5418 0
5997 0
3051 0
3343 0
3340 0
3211 0
6874 0
5586 0
3011 0
3010 0
5505 0
4502 0
6987 0
3335 0
4896 0
6157 0
6158 0
4356 0
729 0
736 0
715 0
738 0
743 0
714 0
746 0
319 0
712 0
707 0
629 0
1488 0
744 0
4193 0
4194 0
4195 0
6740 0
4316 0
1726 0
2676 0
4272 0
1922 0
3057 0
1826 0
2650 0
1867 0
1920 0
1858 0
1915 0
5290 0
2649 0
4618 0
1921 0
4619 0
3056 0
3735 0
1958 0
1299 0
2044 0
1301 0
1952 0
2082 0
2057 0
5844 0
2387 0
6214 0
2142 0
2390 0
4678 0
4680 0
4975 0
2078 0
5843 0
1302 0
4942 0
2340 0
2006 0
2150 0
6402 0
4831 0
4444 0
4695 0
6009 0
4834 0
4229 0
2099 0
4833 0
4832 0
6011 0
6010 0
4838 0
3565 0
4230 0
6344 0
6345 0
6363 0
4231 0
5584 0
2416 0
1269 0
2607 0
2592 0
1874 0
561 0
1887 0
560 0
2591 0
2831 0
2052 0
502 0
2621 0
2415 0
2622 0
7424 0
6107 0
6078 0
5070 0
4823 0
2587 0
2606 0
1939 0
2594 0
2353 0
6191 0
496 0
2414 0
5095 0
5068 0
2588 0
2962 0
5069 0
4453 0
2961 0
4454 0
6932 0
6693 0
4543 0
6077 0
6460 0
2608 0
6176 0
6175 0
6174 0
2628 0
6173 0
2610 0
6106 0
2619 0
2618 0
2634 0
5094 0
2833 0
2687 0
2627 0
2839 0
2838 0
2837 0
2836 0
2835 0
2834 0
5811 0
4766 0
5813 0
2396 0
6227 0
6225 0
4032 0
4645 0
4030 0
4031 0
3946 0
5724 0
4774 0
5728 0
5742 0
5756 0
6076 0
6228 0
5723 0
4779 0
4776 0
4775 0
745 0
4773 0
3656 0
3529 0
844 0
838 0
810 0
5616 0
5721 0
4472 0
5720 0
5722 0
567 0
559 0
547 0
583 0
555 0
542 0
549 0
482 0
563 0
1700 0
2878 0
554 0
5003 0
576 0
585 0
591 0
587 0
588 0
962 0
536 0
546 0
543 0
5870 0
3372 0
233 0
3373 0
2971 0
5178 0
7036 0
3374 0
5179 0
552 0
577 0
579 0
5915 0
3459 0
5917 0
5773 0
4650 0
7226 0
7227 0
6651 0
4651 0
7228 0
779 0
804 0
773 0
788 0
756 0
768 0
483 0
4188 0
580 0
478 0
4655 0
2741 0
7199 0
5306 0
4189 0
825 0
802 0
794 0
783 0
778 0
776 0
775 0
656 0
565 0
842 0
849 0
839 0
852 0
834 0
856 0
828 0
858 0
859 0
833 0
837 0
853 0
7360 0
792 0
5740 0
687 0
4983 0
7243 0
7242 0
7362 0
3676 0
1768 0
3784 0
6788 0
3778 0
3564 0
6789 0
3431 0
4840 0
3781 0
3782 0
3776 0
3677 0
5375 0
3779 0
4841 0
3432 0
3780 0
3777 0
6619 0
6634 0
3145 0
5352 0
6790 0
7043 0
6435 0
4842 0
1996 0
681 0
692 0
698 0
701 0
685 0
705 0
374 0
704 0
5918 0
671 0
5109 0
2915 0
6081 0
6160 0
5510 0
5636 0
5637 0
516 0
6322 0
573 0
6323 0
700 0
697 0
696 0
689 0
6159 0
1430 0
2716 0
1432 0
1429 0
1434 0
4297 0
2717 0
4579 0
1436 0
1431 0
3928 0
1433 0
4580 0
5373 0
6066 0
951 0
3799 0
3768 0
2715 0
5367 0
6079 0
6346 0
3783 0
3017 0
3021 0
3022 0
2860 0
3016 0
3023 0
6024 0
3024 0
3018 0
3019 0
3020 0
6056 0
2355 0
2356 0
2363 0
3108 0
6918 0
3102 0
5369 0
6577 0
6681 0
3376 0
3375 0
5663 0
4955 0
3377 0
7247 0
7246 0
477 0
487 0
457 0
462 0
475 0
481 0
467 0
465 0
2969 0
471 0
484 0
464 0
479 0
466 0
488 0
489 0
2946 0
6338 0
6339 0
6340 0
2652 0
581 0
4552 0
383 0
381 0
382 0
378 0
2960 0
1788 0
4170 0
4225 0
5866 0
2663 0
2666 0
5053 0
5865 0
2129 0
2107 0
7260 0
3635 0
2756 0
3578 0
3608 0
5496 0
6094 0
3632 0
3634 0
7261 0
1927 0
5660 0
1942 0
4011 0
2049 0
2055 0
6038 0
6737 0
4469 0
4468 0
6040 0
6988 0
6989 0
4467 0
1288 0
1701 0
1705 0
1713 0
1715 0
1712 0
1704 0
1348 0
1709 0
1702 0
1711 0
1706 0
1707 0
1708 0
1710 0
1716 0
5714 0
3660 0
3847 0
5115 0
7133 0
4066 0
3470 0
4067 0
3848 0
3175 0
1392 0
5972 0
2668 0
5012 0
3080 0
731 0
5209 0
5208 0
2656 0
5207 0
1714 0
4065 0
4068 0
1069 0
5116 0
5117 0
5210 0
622 0
618 0
7224 0
2655 0
2667 0
4064 0
3852 0
3851 0
3850 0
3849 0
2662 0
2664 0
2665 0
3081 0
3076 0
3075 0
3174 0
620 0
589 0
604 0
614 0
596 0
624 0
626 0
630 0
611 0
600 0
595 0
566 0
606 0
633 0
637 0
7379 0
616 0
599 0
602 0
1363 0
45 0
4289 0
6099 0
3904 0
3058 0
3813 0
6667 0
4446 0
1364 0
6013 0
4269 0
4268 0
4924 0
3158 0
6100 0
6101 0
1323 0
4451 0
4386 0
4387 0
6579 0
5191 0
1910 0
1916 0
4022 0
3995 0
4021 0
1814 0
4428 0
4426 0
4430 0
4427 0
7104 0
4920 0
7400 0
4434 0
4278 0
5122 0
1949 0
5121 0
5833 0
3134 0
6015 0
5977 0
5976 0
3133 0
400 0
391 0
396 0
371 0
6587 0
390 0
6588 0
399 0
2577 0
392 0
3077 0
452 0
445 0
458 0
448 0
459 0
3880 0
7408 0
460 0
450 0
2601 0
6706 0
3353 0
3354 0
2857 0
2856 0
3082 0
455 0
507 0
3879 0
451 0
5840 0
529 0
531 0
521 0
524 0
533 0
537 0
525 0
453 0
538 0
6285 0
7412 0
5515 0
5305 0
526 0
534 0
539 0
3352 0
4364 0
6284 0
6906 0
530 0
437 0
508 0
518 0
517 0
3645 0
513 0
6929 0
6919 0
6244 0
6930 0
6928 0
3649 0
3648 0
3647 0
3646 0
512 0
509 0
426 0
408 0
415 0
436 0
438 0
3401 0
447 0
417 0
430 0
416 0
3384 0
433 0
3383 0
3159 0
3402 0
3502 0
3173 0
7435 0
4319 0
444 0
432 0
4786 0
4785 0
4787 0
5563 0
666 0
660 0
654 0
650 0
470 0
670 0
365 0
4382 0
615 0
662 0
3679 0
4950 0
6274 0
4381 0
679 0
678 0
676 0
6275 0
4361 0
3678 0
658 0
659 0
4951 0
2879 0
7069 0
3142 0
4192 0
655 0
5033 0
5970 0
5034 0
5032 0
680 0
674 0
668 0
667 0
661 0
398 0
377 0
2570 0
2574 0
2573 0
2043 0
5277 0
2048 0
2998 0
3519 0
3950 0
2284 0
2135 0
2154 0
3951 0
2515 0
3952 0
5911 0
5026 0
5882 0
3202 0
3268 0
5131 0
5910 0
617 0
5132 0
5540 0
6312 0
6833 0
394 0
404 0
411 0
403 0
409 0
733 0
5495 0
5706 0
407 0
1324 0
4388 0
1380 0
4452 0
4153 0
4151 0
3559 0
5126 0
5312 0
5127 0
3560 0
4154 0
4155 0
4298 0
5128 0
2768 0
4826 0
5850 0
6170 0
1898 0
3409 0
6126 0
5078 0
6127 0
3410 0
4459 0
6613 0
6614 0
2690 0
3874 0
2682 0
5359 0
703 0
5357 0
2954 0
2689 0
5002 0
3068 0
6366 0
5659 0
463 0
2953 0
7358 0
5752 0
754 0
3070 0
2955 0
5040 0
7429 0
6365 0
7359 0
4978 0
3071 0
6049 0
5360 0
3744 0
1968 0
5358 0
6039 0
3069 0
3067 0
4433 0
4432 0
2020 0
4818 0
6983 0
5229 0
5228 0
1072 0
3482 0
824 0
7168 0
2021 0
1740 0
5104 0
1739 0
1738 0
6623 0
6695 0
2945 0
5753 0
7200 0
4413 0
5689 0
1279 0
4544 0
4682 0
4690 0
2653 0
2654 0
4681 0
7040 0
4973 0
2388 0
2197 0
2389 0
1305 0
5200 0
3938 0
5958 0
2451 0
5400 0
2751 0
5553 0
1268 0
1264 0
3083 0
3084 0
6633 0
369 0
368 0
373 0
5837 0
372 0
1482 0
1483 0
1484 0
2245 0
2196 0
7415 0
6420 0
385 0
386 0
388 0
5888 0
389 0
6319 0
6424 0
6425 0
6426 0
1859 0
4266 0
4228 0
410 0
1984 0
1078 0
2374 0
1083 0
1079 0
514 0
1080 0
1075 0
2870 0
1077 0
1082 0
1081 0
523 0
2309 0
4857 0
5175 0
5541 0
1076 0
6665 0
6652 0
6184 0
3868 0
2382 0
1084 0
1074 0
2063 0
2956 0
5681 0
2957 0
5682 0
947 0
946 0
7075 0
6086 0
7076 0
3830 0
4788 0
4649 0
340 0
4191 0
338 0
339 0
634 0
648 0
643 0
1789 0
652 0
3846 0
4484 0
4320 0
5525 0
4020 0
1790 0
5635 0
649 0
7276 0
441 0
4485 0
647 0
1791 0
651 0
7391 0
645 0
4059 0
4954 0
748 0
4974 0
2407 0
4927 0
4926 0
740 0
741 0
3552 0
5965 0
2317 0
4157 0
2681 0
5161 0
2678 0
2679 0
7050 0
3834 0
4995 0
5511 0
3835 0
4016 0
677 0
7248 0
2100 0
5019 0
3338 0
6183 0
7393 0
2822 0
6110 0
1437 0
6111 0
6112 0
5945 0
6113 0
1064 0
1065 0
6162 0
1067 0
1068 0
1066 0
711 0
2624 0
1795 0
706 0
6841 0
7278 0
777 0
732 0
5560 0
7346 0
713 0
699 0
683 0
682 0
742 0
753 0
769 0
770 0
640 0
784 0
639 0
632 0
2952 0
619 0
613 0
584 0
527 0
4911 0
1953 0
3644 0
2493 0
4860 0
4859 0
5157 0
5438 0
5845 0
5786 0
7366 0
5291 0
5810 0
5630 0
5809 0
5080 0
5967 0
5081 0
535 0
558 0
5633 0
5968 0
6130 0
1557 0
6763 0
6787 0
7100 0
7101 0
6627 0
1794 0
6658 0
925 0
1971 0
1729 0
766 0
7392 0
924 0
4925 0
6102 0
2066 0
2028 0
3380 0
3378 0
3379 0
3381 0
497 0
5747 0
6410 0
5147 0
2334 0
3518 0
1577 0
1578 0
2046 0
6320 0
2537 0
5113 0
5111 0
5112 0
6321 0
7233 0
2559 0
3959 0
2558 0
5709 0
795 0
440 0
7033 0
3651 0
6851 0
6858 0
3659 0
631 0
638 0
6610 0
7034 0
7035 0
7068 0
4545 0
4636 0
4637 0
5084 0
5085 0
384 0
3774 0
3775 0
4473 0
4800 0
5278 0
5279 0
2951 0
4295 0
3527 0
1534 0
3520 0
3526 0
3531 0
5476 0
5532 0
3528 0
3530 0
2925 0
4652 0
4928 0
4929 0
4930 0
1962 0
3184 0
3962 0
4866 0
3456 0
4096 0
1351 0
5529 0
5439 0
1399 0
4917 0
2661 0
5294 0
4918 0
5556 0
5715 0
3566 0
4116 0
3199 0
4756 0
5401 0
4117 0
4207 0
2549 0
2548 0
7371 0
7054 0
6438 0
2324 0
7074 0
4624 0
3164 0
5035 0
646 0
3165 0
5749 0
4836 0
4835 0
4837 0
6384 0
6383 0
2255 0
6261 0
6262 0
4992 0
4849 0
6952 0
6736 0
6717 0
6716 0
4264 0
3162 0
4265 0
5036 0
2391 0
2392 0
2394 0
2393 0
4620 0
7042 0
574 0
2659 0
2660 0
2747 0
5859 0
2746 0
1885 0
5869 0
1884 0
7281 0
3062 0
4688 0
4945 0
4689 0
3474 0
5871 0
3743 0
6927 0
3157 0
1914 0
5031 0
7437 0
3072 0
3964 0
3073 0
461 0
476 0
5007 0
5008 0
6903 0
1491 0
785 0
3934 0
4628 0
3161 0
5159 0
3824 0
6168 0
5158 0
1490 0
6923 0
6924 0
412 0
2948 0
2947 0
3672 0
6616 0
2893 0
2894 0
582 0
2892 0
4005 0
4004 0
4006 0
4007 0
3196 0
3195 0
3197 0
5758 0
4177 0
2691 0
6442 0
1142 0
2692 0
1993 0
2792 0
4578 0
7139 0
4894 0
5634 0
5642 0
6268 0
5680 0
5230 0
5231 0
2950 0
2949 0
1273 0
5568 0
5569 0
3279 0
3280 0
7088 0
2307 0
2868 0
2316 0
2146 0
2485 0
5716 0
522 0
610 0
612 0
1734 0
1735 0
3281 0
3282 0
3283 0
3284 0
3178 0
710 0
7201 0
598 0
5889 0
6376 0
688 0
4639 0
627 0
5746 0
5940 0
607 0
5001 0
5000 0
6564 0
806 0
6055 0
5657 0
2789 0
6887 0
3276 0
3516 0
6879 0
6880 0
3669 0
6621 0
6622 0
4477 0
4845 0
4476 0
495 0
7388 0
7389 0
1865 0
7404 0
4115 0
520 0
7420 0
7421 0
7285 0
7284 0
5559 0
5735 0
6980 0
593 0
3670 0
7178 0
7179 0
2056 0
7190 0
7191 0
3664 0
4358 0
4359 0
2136 0
6860 0
6861 0
3166 0
4322 0
1878 0
628 0
5874 0
3661 0
7180 0
636 0
6571 0
3662 0
7176 0
3663 0
4360 0
3665 0
7175 0
3666 0
7174 0
3667 0
7177 0
3668 0
5650 0
3843 0
3842 0
3856 0
3855 0
4287 0
5073 0
675 0
5304 0
5873 0
5872 0
6783 0
6782 0
4809 0
4808 0
5163 0
5162 0
4865 0
4864 0
6387 0
6386 0
5043 0
5042 0
5106 0
5105 0
5139 0
5138 0
6615 0
6267 0
6085 0
6084 0
5942 0
5941 0
5528 0
5527 0
5546 0
2005 0
2325 0
6245 0
2308 0
4895 0
2336 0
6797 0
2349 0
6458 0
2350 0
4078 0
2259 0
2673 0
2361 0
5456 0
6271 0
2413 0
2067 0
6074 0
2547 0
4219 0
2042 0
3124 0
2023 0
6589 0
1883 0
4881 0
1970 0
5770 0
4009 0
7130 0
755 0
6122 0
545 0
2867 0
4309 0
5868 0
4196 0
6806 0
2358 0
590 0
571 0
2514 0
1703 0
2086 0
1334 0
3689 0
2313 0
830 0
3287 0
379 0
1912 0
594 0
1875 0
1909 0
4988 0
3553 0
4923 0
2748 0
597 0
362 0
2810 0
4781 0
765 0
761 0
762 0
763 0
764 0
1917 0
693 0
43 1
197 1
48 1
201 1
46 1
35 1
47 1
200 1
199 1
37 1
51 1
134 1
106 1
49 1
76 1
52 1
105 1
204 1
67 1
65 1
117 1
71 1
148 1
50 1
66 1
63 1
86 1
64 1
107 1
203 1
73 1
70 1
72 1
62 1
80 1
98 1
85 1
128 1
83 1
74 1
97 1
82 1
123 1
81 1
100 1
103 1
87 1
90 1
94 1
120 1
56 1
78 1
77 1
151 1
155 1
104 1
93 1
125 1
75 1
55 1
54 1
160 1
124 1
133 1
143 1
171 1
205 1
175 1
159 1
181 1
156 1
166 1
177 1
163 1
180 1
161 1
176 1
158 1
182 1
157 1
162 1
178 1
179 1
184 1
95 1
68 1
101 1
140 1
141 1
142 1
84 1
144 1
145 1
146 1
79 1
119 1
121 1
102 1
138 1
122 1
96 1
92 1
139 1
126 1
127 1
91 1
129 1
99 1
130 1
131 1
137 1
132 1
89 1
88 1
135 1
136 1
149 1
57 1
53 1
69 1
58 1
61 1
150 1
202 1
170 1
172 1
173 1
165 1
167 1
164 1
183 1
174 1
59 1
60 1
118 1
108 1
109 1
110 1
111 1
147 1
116 1
112 1
113 1
114 1
115 1
169 1
168 1
185 1
186 1
196 1
195 1
194 1
192 1
191 1
193 1
190 1
189 1
188 1
187 1
215 1
214 1
213 1
212 1
211 1
210 1
209 1
208 1
207 1
206 1
216 1
217 1
218 1
5624 1
198 1
44 1
910 1
798 1
1010 1
875 1
726 1
860 1
935 1
1028 1
891 1
912 1
990 1
328 1
355 1
353 1
306 1
335 1
314 1
329 1
354 1
313 1
334 1
307 1
330 1
333 1
312 1
308 1
331 1
332 1
311 1
309 1
310 1
153 1
152 1
232 1
154 1
915 1
921 1
863 1
728 1
356 1
352 1
305 1
336 1
318 1
1008 1
988 1
1043 1
1027 1
909 1
960 1
933 1
923 1
934 1
1056 1
932 1
1057 1
997 1
243 1
301 1
1052 1
1044 1
337 1
1035 1
344 1
862 1
1026 1
1018 1
864 1
1009 1
866 1
1002 1
919 1
869 1
989 1
873 1
969 1
961 1
874 1
948 1
942 1
876 1
877 1
890 1
892 1
895 1
2966 1
2965 1
2967 1
7405 1
7406 1
7407 1
5836 1
5685 1
5661 1
31 1
6114 1
3878 1
718 1
3975 1
3877 1
247 1
1004 1
973 1
974 1
1022 1
1039 1
1061 1
5335 1
1040 1
1001 1
5334 1
5333 1
6042 1
7109 1
5336 1
235 1
1045 1
321 1
12 1
4 1
6 1
949 1
953 1
1024 1
7234 1
1260 1
13 1
5 1
5692 1
5691 1
28 1
1682 1
1684 1
42 1
1683 1
7136 1
7159 1
4991 1
7110 1
7111 1
32 1
1256 1
1255 1
226 1
2705 1
5337 1
14 1
36 1
30 1
6554 1
928 1
34 1
898 1
927 1
298 1
359 1
904 1
917 1
884 1
913 1
327 1
861 1
922 1
234 1
1258 1
908 1
6149 1
33 1
248 1
345 1
315 1
937 1
994 1
944 1
1029 1
341 1
941 1
993 1
987 1
940 1
1015 1
958 1
939 1
931 1
304 1
996 1
1012 1
1000 1
970 1
966 1
963 1
936 1
945 1
992 1
971 1
366 1
1019 1
29 1
967 1
1031 1
1032 1
1033 1
1030 1
1034 1
1036 1
1037 1
1038 1
1042 1
1046 1
1047 1
1048 1
1049 1
1050 1
1051 1
1053 1
1054 1
1055 1
1025 1
968 1
965 1
972 1
964 1
991 1
995 1
998 1
999 1
943 1
1007 1
1011 1
938 1
1013 1
1014 1
1017 1
1020 1
1021 1
916 1
920 1
26 1
5694 1
320 1
27 1
5693 1
1844 1
896 1
4564 1
1257 1
5772 1
6824 1
6822 1
6823 1
6825 1
4106 1
722 1
4107 1
4109 1
4110 1
38 1
39 1
237 1
238 1
239 1
240 1
241 1
242 1
244 1
245 1
246 1
254 1
357 1
358 1
361 1
367 1
548 1
236 1
40 1
41 1
893 1
911 1
6115 1
2133 1
1259 1
1171 2
1184 2
3103 2
2080 2
1176 2
1165 2
1189 2
1185 2
1136 2
1201 2
2853 2
2277 2
3104 2
456 2
1561 2
2081 2
1214 2
472 2
1202 2
1192 2
1198 2
771 2
1174 2
2243 2
1197 2
2844 2
1181 2
1193 2
1191 2
690 2
3609 2
468 2
5323 2
4108 2
2630 2
1182 2
1204 2
1170 2
1195 2
1210 2
1199 2
1194 2
1196 2
2693 2
882 2
1143 2
1186 2
7403 2
4239 2
1876 2
7272 2
1211 2
2083 2
3690 2
1168 2
5984 2
6947 2
4092 2
1188 2
2408 2
1179 2
5303 2
4872 2
4437 2
752 2
1209 2
1206 2
1205 2
21 2
1203 2
1208 2
1207 2
1341 2
4819 2
1141 2
401 2
4679 2
3110 2
1180 2
2847 2
2845 2
2848 2
2849 2
2850 2
2846 2
2851 2
2842 2
2852 2
4685 2
443 2
4906 2
7256 2
5065 2
5093 2
3190 2
2311 2
1167 2
3105 2
7032 2
6089 2
3189 2
6821 2
2855 2
6819 2
6817 2
6820 2
7011 2
1175 2
1140 2
2478 2
1485 2
6212 2
1169 2
3107 2
7390 2
5860 2
4627 2
6444 2
5982 2
4683 2
1183 2
1177 2
7401 2
1172 2
2357 2
3106 2
1178 2
3187 2
4783 2
6279 2
1730 2
2179 2
2145 2
6815 2
5338 2
4145 2
6709 2
6707 2
6701 2
4686 2
5348 2
3418 2
6213 2
4178 2
5897 2
4939 2
4641 2
1200 2
428 2
7158 2
5867 2
5896 2
4768 2
2688 2
5898 2
5916 2
3611 2
6816 2
5983 2
1187 2
1444 2
1443 2
4982 2
1477 2
3550 2
1457 2
1453 2
1452 2
1447 2
3841 2
1451 2
1466 2
1462 2
2726 2
6105 2
4758 2
4121 2
10 2
1454 2
1456 2
1448 2
1467 2
1476 2
1475 2
1474 2
1473 2
1472 2
1471 2
1469 2
1468 2
1465 2
1464 2
1463 2
1461 2
1470 2
1460 2
1449 2
1450 2
1459 2
1455 2
1458 2
6431 2
2763 2
2740 2
4344 2
3551 2
1445 2
1478 2
772 2
4274 2
2721 2
2723 2
2724 2
2727 2
4130 2
3572 2
5432 2
3447 2
5188 2
4069 2
2722 2
2728 2
2730 2
2729 2
2737 2
5330 2
5184 2
5862 2
4986 2
5216 2
5944 2
7378 2
4217 2
5187 2
2733 2
774 2
2739 2
2731 2
7381 2
7089 2
6434 2
6433 2
6432 2
2732 2
5186 2
2734 2
2735 2
2736 2
2738 2
3446 2
1446 2
3444 2
3445 2
1973 2
4040 2
7402 2
2725 2
5185 2
7 2
6996 2
3479 2
3961 2
7031 2
2141 2
730 2
5858 2
3596 2
4668 2
2031 2
4198 2
758 2
7387 2
2025 2
8 2
3929 2
4396 2
6991 2
1558 2
3000 2
3443 2
7020 2
6807 2
439 2
3454 2
19 2
1824 2
2301 2
4095 2
2315 2
5788 2
2274 2
2337 2
2807 2
3688 2
6216 2
2895 2
4186 2
4676 2
6926 2
6186 2
7025 2
6998 2
7018 2
7019 2
5701 2
7021 2
7022 2
7023 2
7024 2
6997 2
7026 2
7027 2
7028 2
7029 2
7030 2
2562 2
4237 2
5821 2
1335 2
5737 2
1811 2
6869 2
1819 2
6443 2
6405 2
6318 2
6317 2
6316 2
6315 2
5775 2
6090 2
6045 2
1820 2
1736 2
2554 2
2553 2
2555 2
2556 2
2557 2
5237 2
3973 2
1402 2
2866 2
2472 2
2826 2
6147 2
4916 2
5244 2
5247 2
5249 2
5253 2
5264 2
5267 2
2462 2
5240 2
5272 2
5241 2
2446 2
5176 2
2156 2
5299 2
1139 2
5254 2
5296 2
4406 2
1737 2
5206 2
5271 2
2471 2
5270 2
5985 2
5298 2
2153 2
5243 2
5252 2
4312 2
5295 2
5242 2
2453 2
3833 2
5266 2
2454 2
5297 2
5248 2
2455 2
5259 2
5268 2
2469 2
5263 2
2468 2
5269 2
2470 2
5262 2
2467 2
5239 2
2460 2
5260 2
2466 2
5258 2
2465 2
5251 2
2463 2
5238 2
2461 2
5250 2
2459 2
5261 2
2458 2
5245 2
2457 2
5246 2
2456 2
4563 2
2062 2
4562 2
5599 2
5265 2
4049 2
2605 2
3305 2
1929 2
3299 2
2764 2
1931 2
3303 2
3300 2
4048 2
1166 2
1935 2
541 2
1940 2
3433 2
3803 2
4079 2
6896 2
4985 2
4335 2
1016 2
3817 2
3434 2
2770 2
4044 2
3406 2
3554 2
6307 2
3435 2
4052 2
6895 2
3818 2
3556 2
3555 2
4349 2
4050 2
6813 2
6046 2
4046 2
5332 2
5328 2
3557 2
2617 2
4648 2
5326 2
3765 2
2586 2
6703 2
3764 2
5327 2
4642 2
2999 2
3610 2
4054 2
3315 2
2582 2
4057 2
5140 2
7161 2
5906 2
6294 2
7219 2
5908 2
6092 2
6897 2
6899 2
6900 2
6901 2
7004 2
7009 2
7129 2
7138 2
5902 2
4055 2
7010 2
6325 2
803 2
2581 2
2782 2
3819 2
3820 2
3958 2
4045 2
4051 2
5905 2
4056 2
4058 2
4081 2
5487 2
5488 2
5489 2
5885 2
5903 2
5904 2
3368 2
1950 2
4041 2
6463 2
3341 2
5288 2
653 2
1657 2
1659 2
2233 2
1663 2
1651 2
1673 2
4464 2
1660 2
2235 2
1652 2
2234 2
1674 2
1661 2
2683 2
2232 2
5414 2
1668 2
665 2
1666 2
664 2
4043 2
1658 2
6640 2
1670 2
3293 2
1677 2
1678 2
6464 2
4042 2
6008 2
1662 2
1664 2
1672 2
2305 2
6465 2
3407 2
4976 2
2236 2
6735 2
3369 2
7060 2
6283 2
5196 2
1237 2
2491 2
5066 2
1676 2
1766 2
1655 2
4304 2
1667 2
1656 2
4389 2
6935 2
4172 2
3326 2
5193 2
6462 2
7058 2
5195 2
5194 2
6188 2
6700 2
4175 2
6189 2
249 2
1500 2
1495 2
1519 2
1497 2
1496 2
1515 2
1514 2
1494 2
1498 2
1504 2
1506 2
1501 2
1522 2
1505 2
1503 2
6108 2
3312 2
1879 2
1525 2
3811 2
1523 2
1521 2
1516 2
1517 2
1509 2
6968 2
4420 2
5408 2
5376 2
1510 2
250 2
1507 2
1526 2
1524 2
1499 2
1520 2
1502 2
1518 2
3790 2
1563 2
5201 2
5410 2
4336 2
1564 2
2488 2
2479 2
6812 2
1513 2
4897 2
1137 2
6597 2
1918 2
1527 2
6217 2
6713 2
2506 2
3860 2
3861 2
5204 2
2072 2
2858 2
1888 2
6936 2
7237 2
5236 2
6123 2
7222 2
1512 2
1511 2
4957 2
7052 2
4314 2
3060 2
302 2
6248 2
6933 2
6857 2
6934 2
1508 2
6969 2
3579 2
3693 2
5668 2
3859 2
5673 2
5672 2
5671 2
5670 2
4421 2
4912 2
5182 2
4784 2
5202 2
5203 2
4571 2
5205 2
5276 2
4570 2
5669 2
5409 2
5447 2
5452 2
5453 2
5454 2
5455 2
5666 2
5667 2
4898 2
1692 2
1693 2
1868 2
1690 2
2074 2
3317 2
3967 2
3314 2
3966 2
3311 2
2400 2
2073 2
5198 2
4073 2
4206 2
3328 2
3325 2
7280 2
3319 2
2404 2
3324 2
3308 2
3318 2
2399 2
2403 2
2402 2
3329 2
6119 2
1691 2
2075 2
2401 2
11 2
3327 2
3316 2
3307 2
6871 2
6814 2
3637 2
3832 2
3309 2
6818 2
3968 2
4156 2
6872 2
1694 2
4908 2
6165 2
6198 2
6870 2
3536 2
3594 2
1138 2
3593 2
3602 2
3597 2
3601 2
3606 2
3595 2
3592 2
3599 2
4763 2
3604 2
7253 2
3600 2
3607 2
3598 2
3577 2
3603 2
6219 2
5475 2
7254 2
6208 2
4754 2
6913 2
3615 2
3617 2
3618 2
6448 2
3965 2
6221 2
3612 2
6044 2
2064 2
5153 2
5301 2
5314 2
6421 2
4825 2
5971 2
3616 2
3614 2
6445 2
6441 2
757 2
6220 2
3605 2
5924 2
5923 2
5547 2
4782 2
3613 2
2626 2
1238 2
1872 2
4616 2
4821 2
4822 2
4638 2
3734 2
4617 2
4621 2
2841 2
2840 2
2832 2
7017 2
2695 2
572 2
5612 2
5979 2
7012 2
3301 2
1954 2
3623 2
2643 2
3696 2
2054 2
3622 2
3630 2
7162 2
7163 2
2047 2
2065 2
3971 2
5325 2
3695 2
3713 2
2058 2
3729 2
3397 2
3396 2
3937 2
3692 2
3972 2
3752 2
2490 2
4780 2
2059 2
442 2
3628 2
3621 2
3631 2
3720 2
3721 2
3722 2
3723 2
3724 2
3725 2
3726 2
3727 2
3728 2
3719 2
3629 2
3627 2
3626 2
3625 2
3624 2
6642 2
3620 2
3708 2
3699 2
3700 2
3701 2
3702 2
3703 2
3704 2
3705 2
3706 2
3707 2
3698 2
3709 2
3711 2
3712 2
3697 2
3714 2
3715 2
3716 2
3717 2
3718 2
1930 2
3687 2
4088 2
4235 2
1948 2
1173 2
3488 2
3492 2
2609 2
3489 2
4347 2
3493 2
3491 2
3498 2
3497 2
3494 2
4091 2
6095 2
4346 2
3495 2
6096 2
3490 2
3496 2
657 2
4661 2
5232 2
4350 2
4090 2
6389 2
6842 2
6843 2
6844 2
6845 2
6846 2
6847 2
3306 2
1936 2
1926 2
2977 2
5434 2
3825 2
5442 2
7000 2
2978 2
2979 2
3584 2
2975 2
2982 2
5324 2
5028 2
826 2
5450 2
5443 2
5197 2
1481 2
3639 2
5441 2
6770 2
7361 2
5437 2
5436 2
5435 2
3831 2
3829 2
3826 2
3638 2
2981 2
2980 2
2976 2
3302 2
3534 2
4341 2
1945 2
1947 2
380 2
1937 2
4122 2
5218 2
3535 2
3762 2
3573 2
5215 2
4023 2
4125 2
4888 2
3684 2
4887 2
4123 2
3570 2
4127 2
4696 2
4390 2
673 2
5310 2
4133 2
4119 2
4128 2
2398 2
5222 2
5219 2
4060 2
4892 2
4135 2
4137 2
6668 2
4585 2
4890 2
4886 2
4891 2
3571 2
2620 2
5220 2
5221 2
5536 2
7368 2
4889 2
3763 2
4806 2
4120 2
4124 2
4140 2
4139 2
4138 2
4136 2
4134 2
4126 2
4132 2
4131 2
4129 2
1928 2
3404 2
492 2
491 2
7212 2
3680 2
4767 2
780 2
1946 2
5282 2
4094 2
3405 2
3408 2
1951 2
5932 2
2765 2
4352 2
3816 2
5233 2
4345 2
3815 2
4342 2
6180 2
5899 2
6025 2
5283 2
4343 2
5284 2
5907 2
5909 2
2767 2
2766 2
1862 2
3304 2
5273 2
3423 2
3422 2
672 2
3333 2
5274 2
3417 2
7046 2
6585 2
4024 2
510 2
4070 2
550 2
3421 2
6868 2
3426 2
3425 2
3424 2
835 2
840 2
641 2
4980 2
5776 2
4987 2
1653 2
3367 2
3323 2
5058 2
1116 2
5052 2
2629 2
1665 2
424 2
2139 2
4166 2
7386 2
3365 2
454 2
836 2
2144 2
4171 2
4112 2
2138 2
3366 2
7374 2
1654 2
1669 2
1671 2
6767 2
5037 2
5482 2
2140 2
6336 2
5826 2
663 2
6238 2
5055 2
5481 2
5479 2
5056 2
5059 2
5993 2
5825 2
6641 2
4111 2
4113 2
4551 2
2686 2
6563 2
5444 2
2492 2
5827 2
4167 2
5054 2
5057 2
7373 2
6795 2
6794 2
5483 2
2843 2
5345 2
4187 2
486 2
503 2
2452 2
7266 2
2632 2
2631 2
1732 2
1212 2
506 2
2433 2
2434 2
2436 2
2438 2
2437 2
1213 2
511 2
7264 2
500 2
485 2
1733 2
1731 2
7265 2
7263 2
7267 2
952 2
2612 2
5802 2
5797 2
2417 2
5796 2
2418 2
4913 2
5808 2
2420 2
3330 2
3331 2
2421 2
3332 2
2426 2
2429 2
2430 2
2431 2
2432 2
1480 2
2427 2
2424 2
2423 2
2425 2
2428 2
2422 2
528 2
2419 2
5794 2
5793 2
5798 2
6624 2
5799 2
5800 2
5801 2
5803 2
5804 2
5805 2
5806 2
5807 2
1147 2
1148 2
1152 2
2865 2
1145 2
1146 2
4339 2
1153 2
2685 2
1161 2
1156 2
1157 2
1158 2
1159 2
1160 2
1154 2
1155 2
6243 2
469 2
4218 2
4213 2
4348 2
5498 2
1163 2
6164 2
5183 2
1151 2
1149 2
1164 2
7262 2
6690 2
6689 2
1150 2
5894 2
4772 2
4351 2
4340 2
3580 2
1162 2
1944 2
6753 2
592 2
1959 2
2050 2
6754 2
2613 2
7411 2
3109 2
6072 2
7410 2
6375 2
6150 2
2476 2
2854 2
2477 2
7365 2
2473 2
5707 2
6995 2
7150 2
2474 2
2475 2
421 2
5933 2
3111 2
5107 2
767 2
7409 2
3359 2
1486 2
3358 2
2385 2
4179 2
5835 2
3360 2
805 2
4181 2
2373 2
2069 2
2060 2
3361 2
2386 2
2480 2
5344 2
4935 2
3364 2
6161 2
3362 2
3363 2
6324 2
4561 2
5321 2
5876 2
5877 2
7151 2
6459 2
3828 2
4839 2
4180 2
4934 2
2481 2
691 2
4560 2
4936 2
6335 2
6752 2
6941 2
1934 2
2641 2
2752 2
1955 2
2759 2
7213 2
4981 2
2754 2
3583 2
2753 2
6666 2
6898 2
2758 2
2762 2
2761 2
7218 2
6910 2
5331 2
2760 2
4764 2
6902 2
6278 2
7223 2
4765 2
7214 2
7216 2
2757 2
5349 2
7215 2
7217 2
3652 2
878 2
4017 2
3901 2
6197 2
879 2
880 2
881 2
6946 2
4018 2
4173 2
4174 2
370 2
544 2
5849 2
6332 2
6334 2
6329 2
4301 2
1908 2
5289 2
4300 2
5281 2
6303 2
6313 2
6330 2
6333 2
498 2
4405 2
505 2
1963 2
2435 2
504 2
4401 2
4400 2
4404 2
2540 2
4402 2
4398 2
4397 2
4403 2
4407 2
1871 2
4882 2
4883 2
2869 2
7210 2
7211 2
2814 2
6565 2
6630 2
5446 2
2444 2
2442 2
2440 2
2443 2
2439 2
2445 2
2441 2
2825 2
4789 2
4790 2
4792 2
4793 2
4794 2
4795 2
4796 2
4791 2
4643 2
1719 2
5431 2
4644 2
4290 2
3055 2
6359 2
7423 2
5429 2
954 2
3990 2
3989 2
3991 2
3988 2
3321 2
3320 2
3798 2
3992 2
3993 2
3994 2
955 2
4958 2
6069 2
6068 2
6070 2
6071 2
3558 2
3794 2
3801 2
3802 2
3797 2
3804 2
3452 2
2275 2
2450 2
2276 2
3501 2
4933 2
2338 2
3500 2
6305 2
575 2
5779 2
4633 2
601 2
1698 2
1695 2
1697 2
4372 2
4373 2
4996 2
1699 2
7015 2
4635 2
4634 2
5595 2
6358 2
4371 2
4375 2
4376 2
4377 2
4378 2
4379 2
4632 2
4374 2
5594 2
2593 2
6360 2
2343 2
7055 2
7056 2
1854 2
4607 2
4606 2
4608 2
1853 2
1852 2
1864 2
4612 2
4611 2
4610 2
4609 2
1855 2
1857 2
1856 2
3751 2
6718 2
1849 2
4605 2
1851 2
1850 2
3399 2
1722 2
1401 2
1400 2
1344 2
1347 2
1342 2
1343 2
1345 2
4684 2
2464 2
5468 2
827 2
4944 2
6331 2
4943 2
1802 2
760 2
6416 2
5419 2
4099 2
1540 2
4257 2
5486 2
5485 2
5484 2
5471 2
4771 2
4770 2
4471 2
4149 2
4047 2
3809 2
3808 2
1542 2
1541 2
1543 2
1539 2
4084 2
4769 2
7097 2
4083 2
5469 2
2569 2
4148 2
6649 2
6659 2
7249 2
7382 2
4778 2
3046 2
2035 2
845 2
4399 2
6602 2
6603 2
2239 2
4559 2
7124 2
7112 2
6720 2
7114 2
7123 2
7122 2
7121 2
7120 2
7119 2
7118 2
7117 2
7116 2
7115 2
7113 2
6719 2
5900 2
2590 2
2589 2
1479 2
6643 2
6644 2
1427 2
4760 2
2525 2
326 2
1428 2
2293 2
6639 2
3730 2
4557 2
5921 2
5114 2
7008 2
3179 2
4762 2
4761 2
4759 2
4581 2
3983 2
3982 2
7041 2
3986 2
5430 2
3984 2
3985 2
5022 2
6604 2
2539 2
7275 2
1394 2
2909 2
2907 2
2908 2
2910 2
4457 2
5413 2
5416 2
5415 2
6097 2
6914 2
7128 2
2706 2
2707 2
6590 2
6586 2
5879 2
3748 2
7283 2
3749 2
3128 2
3127 2
5880 2
1696 2
1144 2
4313 2
3789 2
3812 2
7394 2
7395 2
7396 2
5045 2
5046 2
5426 2
5047 2
5425 2
2611 2
5339 2
2625 2
5038 2
6702 2
474 2
3370 2
4422 2
4423 2
4646 2
4424 2
5177 2
5180 2
7057 2
6856 2
5966 2
2486 2
4053 2
4097 2
5683 2
5539 2
7413 2
4656 2
4518 2
801 2
4519 2
501 2
4520 2
4521 2
4169 2
4168 2
5004 2
2147 2
6669 2
493 2
1487 2
4093 2
1489 2
6415 2
5027 2
434 2
499 2
4086 2
5025 2
6725 2
6724 2
7220 2
7221 2
5355 2
5354 2
4080 2
4334 2
5356 2
2071 2
4085 2
1679 2
4205 2
1680 2
1681 2
1565 2
4197 2
1492 2
6314 2
2637 2
2251 2
5508 2
5509 2
3694 2
5212 2
5213 2
5214 2
2755 2
7196 2
7197 2
7198 2
2615 2
7250 2
7005 2
6863 2
5839 2
5838 2
4082 2
3586 2
3585 2
3123 2
3710 2
750 2
422 2
6152 2
2560 2
7414 2
2045 2
5023 2
6451 2
4029 2
6769 2
4028 2
3313 2
7418 2
7419 2
2484 2
1813 2
2777 2
7072 2
4103 2
4102 2
4071 2
5257 2
3486 2
6067 2
7059 2
4669 2
3582 2
3581 2
3691 2
6704 2
3827 2
6328 2
2633 2
5292 2
2614 2
5099 2
5440 2
6925 2
2032 2
3043 2
5445 2
7367 2
5901 2
7380 2
6091 2
6705 2
6327 2
6326 2
6576 2
6575 2
3357 2
3310 2
6692 2
6093 2
6937 2
376 2
20 2
5322 2
796 2
490 2
519 2
609 2
5748 2
1675 2
423 2
2143 2
3736 2
4299 2
4989 2
4984 2
4176 2
4273 2
2672 2
4089 2
5699 2
3487 2
1835 3
1190 3
2174 3
2017 3
1376 3
2238 3
1360 3
3753 3
2120 3
2095 3
2118 3
2176 3
2119 3
2177 3
1989 3
4259 3
4039 3
1727 3
1296 3
4534 3
2203 3
1290 3
6139 3
6144 3
6143 3
2790 3
2253 3
1292 3
4524 3
2167 3
2117 3
2819 3
1374 3
5286 3
5275 3
2160 3
2366 3
2175 3
1375 3
2121 3
3295 3
1386 3
3436 3
3912 3
2169 3
2256 3
1759 3
6140 3
2164 3
3297 3
6682 3
1291 3
2202 3
1385 3
2237 3
1373 3
2242 3
6249 3
4267 3
6829 3
2697 3
6838 3
4263 3
4262 3
3437 3
4576 3
6955 3
1378 3
2163 3
1377 3
1758 3
1379 3
317 3
2205 3
2178 3
1387 3
2252 3
2172 3
1960 3
2168 3
1306 3
2171 3
2170 3
2068 3
3296 3
2157 3
2161 3
2254 3
2204 3
5141 3
6638 3
4325 3
1441 3
3760 3
5123 3
6141 3
6653 3
6830 3
6990 3
7377 3
4900 3
2162 3
4899 3
3839 3
3430 3
5103 3
6014 3
3844 3
7039 3
7375 3
3429 3
3840 3
3591 3
2696 3
2500 3
5156 3
6120 3
3395 3
3298 3
4582 3
6837 3
2371 3
6954 3
1965 3
2007 3
2089 3
6573 3
1124 3
2105 3
2272 3
1957 3
2270 3
2282 3
2283 3
2271 3
4019 3
4593 3
4855 3
4854 3
2281 3
4333 3
3987 3
3914 3
3836 3
4852 3
3561 3
2645 3
2405 3
2279 3
2280 3
3732 3
5165 3
4577 3
1230 3
4584 3
2016 3
4662 3
3766 3
3770 3
3562 3
2483 3
2351 3
1797 3
1982 3
3755 3
3757 3
3589 3
3588 3
1381 3
4324 3
3756 3
5571 3
2158 3
3758 3
3590 3
2181 3
6209 3
4211 3
2159 3
6367 3
4210 3
2180 3
4329 3
2183 3
3761 3
6145 3
4479 3
1438 3
2240 3
2184 3
2182 3
6369 3
3759 3
6370 3
6953 3
4330 3
4216 3
4212 3
6436 3
6437 3
473 3
1355 3
1980 3
1746 3
2110 3
1747 3
1816 3
1961 3
5090 3
1744 3
5427 3
1812 3
1749 3
2109 3
1283 3
2249 3
1748 3
2027 3
4940 3
2704 3
1300 3
1745 3
7428 3
5497 3
3796 3
6734 3
2499 3
1760 3
1762 3
1764 3
1763 3
1765 3
1761 3
1755 3
2113 3
1754 3
6793 3
2115 3
4932 3
2250 3
1358 3
2112 3
2111 3
1756 3
1357 3
6224 3
1356 3
4901 3
3738 3
4594 3
4856 3
1753 3
1751 3
1752 3
3371 3
4931 3
3795 3
5287 3
5378 3
3061 3
6291 3
1750 3
2623 3
3114 3
1985 3
2061 3
2268 3
2269 3
5791 3
2267 3
3115 3
2292 3
3998 3
7274 3
4147 3
7209 3
4146 3
843 3
6368 3
7273 3
2108 3
2070 3
2299 3
2009 3
4969 3
4492 3
2536 3
2532 3
6951 3
5969 3
5235 3
5164 3
2527 3
2528 3
2529 3
1406 3
1405 3
1886 3
2294 3
2531 3
2519 3
2517 3
1890 3
2530 3
2516 3
2518 3
2533 3
2535 3
4493 3
6916 3
2534 3
5234 3
4075 3
4077 3
4074 3
4960 3
2359 3
4076 3
5653 3
2104 3
1975 3
3132 3
3129 3
3918 3
5458 3
1825 3
2703 3
1833 3
1834 3
2114 3
4256 3
4591 3
2000 3
4670 3
1832 3
3130 3
4296 3
3131 3
4592 3
5620 3
6836 3
2248 3
1831 3
6169 3
6302 3
2509 3
2504 3
2513 3
2303 3
4804 3
7327 3
2011 3
2508 3
3933 3
7268 3
6457 3
5963 3
5881 3
4861 3
4858 3
2503 3
2512 3
2511 3
2510 3
2502 3
2507 3
4805 3
7235 3
2505 3
6272 3
3334 3
1969 3
3101 3
2287 3
6454 3
2912 3
4569 3
2008 3
4674 3
4087 3
2024 3
1804 3
6892 3
1806 3
1728 3
1395 3
6656 3
4959 3
1830 3
3920 3
3924 3
3923 3
3921 3
3919 3
1837 3
2346 3
1354 3
1882 3
4481 3
5285 3
3922 3
3448 3
709 3
1988 3
5954 3
3088 3
3881 3
5647 3
3087 3
3086 3
3883 3
6450 3
4589 3
1718 3
3886 3
5648 3
5649 3
6973 3
2026 3
6371 3
6395 3
6394 3
6396 3
6397 3
6398 3
3537 3
1741 3
1281 3
3908 3
1233 3
5428 3
1298 3
2010 3
1229 3
6146 3
1362 3
1236 3
7427 3
2584 3
1809 3
1234 3
6912 3
7426 3
2321 3
4384 3
2329 3
7251 3
3910 3
1289 3
2646 3
4038 3
4036 3
4565 3
5217 3
1810 3
6411 3
6413 3
6414 3
6412 3
4321 3
2319 3
7236 3
6530 3
7376 3
1361 3
6137 3
6138 3
3882 3
1998 3
2291 3
2289 3
2288 3
2290 3
5067 3
1997 3
5071 3
5072 3
5091 3
6449 3
5100 3
5101 3
5092 3
1359 3
3655 3
2029 3
6265 3
6556 3
3888 3
6687 3
2370 3
6688 3
1994 3
1995 3
2791 3
4623 3
3963 3
4622 3
2318 3
5363 3
5362 3
3769 3
5361 3
5364 3
6949 3
6911 3
1235 3
7106 3
1845 3
1828 3
4597 3
2001 3
7108 3
5096 3
6893 3
7107 3
2123 3
3567 3
6848 3
3122 3
2647 3
3120 3
2642 3
3121 3
5622 3
6637 3
7165 3
7164 3
2648 3
4586 3
2103 3
4463 3
1352 3
4554 3
4553 3
727 3
4810 3
4811 3
6142 3
2122 3
1775 3
2051 3
4671 3
1776 3
1777 3
2310 3
4572 3
5964 3
4495 3
4496 3
4497 3
7206 3
5583 3
3119 3
1369 3
6109 3
3113 3
4035 3
3683 3
2542 3
2352 3
3682 3
3681 3
2543 3
4691 3
5608 3
5792 3
6555 3
1839 3
1840 3
4450 3
1829 3
1841 3
1842 3
1843 3
2124 3
3480 3
2410 3
6694 3
2745 3
4602 3
2125 3
4598 3
5544 3
2127 3
2128 3
2126 3
5433 3
2198 3
2199 3
4271 3
6474 3
3125 3
4533 3
4498 3
3394 3
2304 3
2320 3
3126 3
2165 3
2166 3
5340 3
6948 3
3960 3
7073 3
2482 3
6103 3
7148 3
2037 3
3079 3
3078 3
1976 3
2360 3
1322 3
1742 3
2314 3
1743 3
2322 3
5587 3
5588 3
2498 3
5150 3
5148 3
5149 3
5151 3
3143 3
3144 3
4884 3
5168 3
5167 3
6657 3
4893 3
4885 3
6756 3
6755 3
1228 3
2406 3
1231 3
1232 3
2684 3
6218 3
6372 3
6388 3
2201 3
3643 3
4209 3
2773 3
2002 3
4144 3
2278 3
5922 3
2116 3
4425 3
3563 3
1999 3
4904 3
4905 3
3403 3
5537 3
2327 3
4922 3
2326 3
2328 3
4568 3
4567 3
4573 3
2246 3
5097 3
5098 3
3800 3
3932 3
7252 3
2545 3
6251 3
2544 3
2635 3
3943 3
1393 3
3771 3
6741 3
3754 3
1442 3
5110 3
6088 3
4626 3
4625 3
2538 3
2541 3
6033 3
6034 3
1757 3
6226 3
2296 3
5711 3
5710 3
1979 3
4603 3
4604 3
2077 3
4150 3
3872 3
3875 3
3931 3
2297 3
1821 3
1333 3
2022 3
1822 3
2368 3
2365 3
4208 3
2367 3
4595 4
1118 4
1117 4
1099 4
1122 4
1101 4
1119 4
1098 4
1106 4
6606 4
1115 4
4323 4
1107 4
1537 4
1100 4
1108 4
1104 4
1121 4
1102 4
1120 4
1105 4
1097 4
6645 4
7239 4
7238 4
7204 4
7202 4
7203 4
7240 4
1536 4
1095 4
1112 4
1111 4
1110 4
1109 4
1103 4
1123 4
4456 4
5590 4
4596 4
5592 4
4994 4
7205 4
1096 4
1538 4
6596 4
5591 4
6632 4
7369 4
1938 4
4902 4
5696 4
6683 4
4276 4
6905 4
2970 4
5695 4
4903 4
5698 4
4279 4
2864 4
2973 4
5024 4
5697 4
6684 4
1058 4
2983 4
2986 4
2995 4
2984 4
2989 4
2994 4
2993 4
6496 4
6263 4
6523 4
5581 4
6486 4
6481 4
1060 4
1225 4
6522 4
6495 4
2974 4
1580 4
1059 4
6485 4
6494 4
6922 4
5580 4
2992 4
1579 4
6266 4
3349 4
255 4
6297 4
3351 4
3350 4
257 4
3348 4
6021 4
6020 4
4410 4
4411 4
6023 4
4415 4
6298 4
4412 4
5646 4
4418 4
4417 4
4419 4
4416 4
6022 4
6031 4
3863 4
6655 4
819 4
2675 4
6229 4
3977 4
1132 4
6791 4
6904 4
5912 4
6849 4
855 4
854 4
857 4
5951 4
1408 4
820 4
5492 4
797 4
3867 4
841 4
5946 4
5950 4
3873 4
808 4
6920 4
809 4
3866 4
817 4
818 4
816 4
807 4
5493 4
6470 4
6196 4
4863 4
6691 4
5947 4
4965 4
5913 4
5949 4
4966 4
5948 4
6708 4
260 4
6469 4
6549 4
6546 4
6503 4
6504 4
6499 4
7131 4
6337 4
6505 4
6506 4
6548 4
3141 4
1932 4
3135 4
3137 4
3138 4
3136 4
3139 4
3140 4
7127 4
7047 4
7048 4
7049 4
4285 4
6803 4
4283 4
4284 4
6241 4
4964 4
4282 4
1 4
6805 4
6810 4
4327 4
2 4
3 4
6802 4
6239 4
6240 4
6242 4
6804 4
4328 4
6808 4
6809 4
348 4
1568 4
5535 4
905 4
986 4
982 4
985 4
266 4
979 4
983 4
907 4
1581 4
6771 4
5986 4
981 4
980 4
975 4
976 4
978 4
977 4
984 4
2896 4
906 4
5988 4
4190 4
6873 4
5992 4
347 4
1529 4
889 4
4251 4
4653 4
4522 4
4654 4
5044 4
5102 4
5494 4
5829 4
5830 4
5914 4
6002 4
6128 4
6439 4
6466 4
6468 4
6676 4
6677 4
6678 4
6680 4
4491 4
4202 4
3112 4
2884 4
1528 4
4547 4
4246 4
4248 4
1575 4
4250 4
4247 4
4245 4
6675 4
4241 4
4244 4
4243 4
4242 4
6679 4
1983 4
4828 4
3767 4
4829 4
1133 4
6308 4
3201 4
3200 4
6859 4
3346 4
6310 4
6309 4
6230 4
6311 4
1647 4
1646 4
393 4
431 4
7430 4
5050 4
7431 4
5464 4
6299 4
4862 4
1125 4
2285 4
6477 4
6544 4
4305 4
2286 4
4583 4
5570 4
6545 4
871 4
2003 4
872 4
6475 4
6476 4
870 4
6517 4
6518 4
6711 4
6712 4
6710 4
258 4
901 4
265 4
902 4
6501 4
6288 4
7065 4
903 4
6502 4
6289 4
6030 4
5534 4
3772 4
6287 4
6290 4
4442 4
4441 4
4258 4
6028 4
7132 4
4440 4
4439 4
6393 4
6399 4
6461 4
6286 4
6500 4
1216 4
1220 4
1219 4
1222 4
4034 4
5861 4
5887 4
4214 4
1215 4
6800 4
6915 4
6799 4
6798 4
6801 4
1113 4
887 4
1567 4
3186 4
1573 4
4234 4
1574 4
1569 4
6674 4
6672 4
6671 4
6670 4
6467 4
5411 4
4546 4
4204 4
3185 4
1566 4
1572 4
6673 4
1571 4
299 4
6252 4
5049 4
6257 4
5745 4
6253 4
6254 4
6292 4
5329 4
6255 4
6256 4
6259 4
6293 4
6258 4
7037 4
1126 4
1114 4
1134 4
1130 4
1128 4
3913 4
402 4
2489 4
6232 4
3322 4
2552 4
1877 4
1135 4
1131 4
1129 4
5480 4
6231 4
5684 4
5705 4
7370 4
1974 4
5774 4
6507 4
6057 4
2312 4
6455 4
6456 4
7282 4
1217 4
6939 4
5708 4
2137 4
6940 4
4326 4
6306 4
1223 4
4813 4
4814 4
3065 4
4306 4
5575 4
6938 4
5192 4
4827 4
4590 4
5394 4
5395 4
3884 4
3885 4
5396 4
4601 4
5625 4
4100 4
4101 4
2085 4
6963 4
6017 4
6964 4
2996 4
5937 4
2913 4
2914 4
4200 4
6686 4
5938 4
4201 4
4310 4
5582 4
5934 4
5936 4
4199 4
5935 4
5939 4
262 4
1221 4
1127 4
256 4
957 4
2883 4
7061 4
1411 4
7062 4
1409 4
1410 4
3976 4
2886 4
2885 4
1407 4
885 4
5994 4
6007 4
6004 4
6003 4
2708 4
6006 4
6005 4
2720 4
259 4
6489 4
6488 4
6490 4
5996 4
6487 4
6348 4
6222 4
6301 4
6223 4
2891 4
6347 4
6349 4
346 4
3347 4
956 4
4640 4
900 4
3785 4
4631 4
3786 4
3484 4
4629 4
4630 4
263 4
6027 4
865 4
2603 4
2890 4
6026 4
3344 4
3345 4
7416 4
4249 4
7385 4
7417 4
886 4
929 4
4947 4
4948 4
6430 4
6422 4
897 4
5995 4
6429 4
4946 4
6423 4
6427 4
6428 4
5504 4
1391 4
918 4
1404 4
1792 4
4302 4
6574 4
5374 4
5224 4
4673 4
5223 4
5225 4
5226 4
4967 4
4968 4
5987 4
5989 4
5990 4
5991 4
2019 4
1987 4
5317 4
2522 4
2520 4
2523 4
3169 4
3170 4
2521 4
3930 4
4824 4
2302 4
2524 4
6205 4
7170 4
7171 4
7172 4
7425 4
264 4
7063 4
7064 4
6862 4
6029 4
888 4
4514 4
4510 4
4517 4
4516 4
4509 4
4511 4
4512 4
4513 4
4515 4
883 4
4539 4
4455 4
4541 4
1582 4
4535 4
4540 4
4542 4
4536 4
4537 4
4538 4
6300 4
1648 4
1570 4
6510 4
6512 4
6511 4
2997 4
7090 4
6491 4
6493 4
6492 4
6508 4
6509 4
2988 4
6519 4
6524 4
6526 4
6525 4
6685 4
6484 4
2990 4
3865 4
2372 4
4392 4
4391 4
3909 4
4393 4
4395 4
4394 4
6527 4
6528 4
6529 4
6513 4
3147 4
3146 4
2263 4
3148 4
2261 4
3149 4
2335 4
4222 4
1847 4
5566 4
4223 4
4224 4
2262 4
4408 4
6296 4
4026 4
4311 4
4027 4
5875 4
6547 4
5593 4
3044 4
1226 4
3640 4
3641 4
3045 4
2257 4
5572 4
5702 4
6960 4
6961 4
6962 4
6478 4
6479 4
6480 4
6177 4
2985 4
6498 4
2991 4
6483 4
6482 4
6520 4
6521 4
2987 4
6497 4
292 4
294 4
293 4
303 4
295 4
297 4
296 4
1398 4
5864 4
2887 4
2497 4
2496 4
3398 4
2495 4
6075 4
5015 4
2494 4
4815 4
2718 4
2719 4
5596 4
6865 4
6864 4
6867 4
6866 4
1576 4
6539 4
2670 4
2671 4
2300 4
2862 4
2863 4
223 4
4098 4
1412 4
5309 4
5574 4
6832 4
6831 4
6234 4
6233 4
2972 4
6235 4
4448 4
5597 4
5598 4
5828 4
578 4
6921 4
5134 4
6419 4
5604 4
5605 4
1649 4
1827 4
6881 4
5981 4
5980 4
3980 4
3979 4
3981 4
1880 4
6826 4
6827 4
429 4
7433 4
7434 4
644 4
3355 4
3356 4
2889 4
2888 4
2295 4
4820 4
427 4
6931 4
4414 4
5579 4
261 4
5700 4
2339 4
1413 5
3219 5
3005 5
1981 5
1420 5
2098 5
3911 5
3458 5
3653 5
5618 5
3915 5
6591 5
3916 5
3222 5
4286 5
6599 5
4443 5
5690 5
3116 5
3506 5
6592 5
3917 5
1769 5
5457 5
926 5
6187 5
1767 5
6200 5
4663 5
6098 5
2091 5
1771 5
1770 5
4558 5
290 5
3254 5
3208 5
1978 5
2501 5
2551 5
3210 5
6570 5
3900 5
2053 5
4500 5
4999 5
3209 5
1685 5
3006 5
5407 5
5406 5
5398 5
3999 5
267 5
2700 5
3215 5
3234 5
3224 5
3889 5
1781 5
3891 5
3890 5
6236 5
4487 5
4226 5
3412 5
6154 5
4240 5
6237 5
6129 5
3905 5
3892 5
4429 5
269 5
268 5
286 5
272 5
3953 5
274 5
282 5
6087 5
4362 5
273 5
4503 5
6136 5
3954 5
1242 5
3212 5
1023 5
720 5
291 5
5466 5
4907 5
1239 5
3117 5
1240 5
3265 5
1246 5
5474 5
4488 5
1247 5
1245 5
1244 5
5463 5
3897 5
6698 5
6699 5
6551 5
4494 5
6552 5
6553 5
6662 5
1419 5
1421 5
7160 5
2323 5
4869 5
6605 5
6661 5
219 5
1562 5
717 5
222 5
221 5
1425 5
4529 5
3002 5
3243 5
3245 5
1782 5
3244 5
1687 5
5385 5
6981 5
5402 5
6982 5
6730 5
5403 5
4531 5
5386 5
3907 5
4915 5
3439 5
1346 5
4280 5
3389 5
2097 5
4215 5
3393 5
2266 5
3441 5
3440 5
3442 5
6891 5
3428 5
2106 5
3391 5
2354 5
3392 5
3427 5
1977 5
5603 5
2698 5
4527 5
4526 5
3253 5
4317 5
4104 5
5925 5
4318 5
5621 5
270 5
3252 5
1423 5
1787 5
4475 5
6538 5
2859 5
4489 5
5380 5
2699 5
1254 5
6970 5
3893 5
6956 5
3899 5
6971 5
3898 5
4141 5
4143 5
4142 5
1248 5
3264 5
1249 5
5384 5
279 5
1250 5
1252 5
1251 5
1253 5
7181 5
3854 5
3233 5
5029 5
5146 5
275 5
3257 5
1786 5
3575 5
3574 5
3568 5
3576 5
3569 5
5379 5
1426 5
1418 5
5665 5
5108 5
2094 5
4523 5
2096 5
5155 5
4574 5
1836 5
5154 5
5930 5
5931 5
3237 5
3248 5
1783 5
5060 5
4956 5
5061 5
4755 5
5062 5
5387 5
3259 5
3258 5
1424 5
6746 5
6611 5
6743 5
6609 5
5390 5
3221 5
6473 5
6764 5
6765 5
6986 5
6766 5
3261 5
3262 5
1785 5
6352 5
5664 5
6353 5
5662 5
5391 5
3216 5
3269 5
4647 5
3240 5
3239 5
1779 5
5388 5
7137 5
6403 5
3218 5
4012 5
4013 5
1772 5
1241 5
6828 5
1773 5
3895 5
3896 5
3894 5
6751 5
3213 5
6568 5
6471 5
6569 5
3270 5
3256 5
5381 5
4474 5
4460 5
3250 5
1778 5
5389 5
7096 5
7094 5
3214 5
6561 5
6562 5
2152 5
6179 5
4830 5
3217 5
7125 5
7105 5
5615 5
2702 5
4288 5
7102 5
3236 5
5089 5
5088 5
4530 5
271 5
4380 5
4458 5
2881 5
3001 5
2880 5
5834 5
1414 5
1416 5
1415 5
4914 5
1243 5
6557 5
6543 5
2130 5
6018 5
6019 5
4014 5
3235 5
6744 5
4528 5
6714 5
2701 5
6975 5
6976 5
3229 5
6965 5
6966 5
2448 5
2449 5
5878 5
2447 5
3150 5
3906 5
375 5
3225 5
6269 5
6270 5
278 5
6875 5
6884 5
3226 5
6733 5
6732 5
1422 5
3837 5
3773 5
3192 5
3193 5
3194 5
3191 5
3227 5
4462 5
4461 5
3230 5
5717 5
5718 5
3242 5
5781 5
5782 5
3228 5
5686 5
5687 5
1784 5
4383 5
4482 5
3241 5
6697 5
6696 5
3263 5
4105 5
5383 5
5393 5
6124 5
281 5
3955 5
3956 5
280 5
7103 5
7095 5
288 5
6178 5
6166 5
3223 5
3969 5
3382 5
283 5
7184 5
7185 5
3238 5
6876 5
6890 5
3247 5
6567 5
6542 5
1417 5
3996 5
3997 5
3255 5
4221 5
4337 5
3251 5
3945 5
3853 5
3260 5
5448 5
5449 5
3249 5
6729 5
6715 5
1780 5
5307 5
5280 5
276 5
3099 5
1774 5
6351 5
5478 5
3246 5
7070 5
3231 5
3411 5
3386 5
1062 5
3220 5
7149 5
1848 5
7279 5
5459 5
1063 5
5013 5
5014 5
2568 5
7372 5
277 5
7182 5
7183 5
2397 5
6373 5
3232 5
5181 5
5174 5
4853 5
4672 5
2364 5
7258 5
7259 5
284 5
4675 5
2882 5
5382 5
5392 5
285 5
6731 5
289 5
6118 5
287 5
1686 5
3925 5
3926 5
3927 5
6060 5
2149 5
2383 5
1966 5
1967 5
2384 5
5152 5
3838 5
5467 5
4227 5
3004 5
3003 5
3266 5
6984 5
2526 5
3400 5
2550 5
2636 5
3008 5
6073 5
2014 5
6032 5
3007 5
1005 6
2873 6
2585 6
2876 6
1365 6
2871 6
2874 6
7044 6
3181 6
3182 6
3387 6
6967 6
4165 6
2134 6
4875 6
4600 6
1006 6
3805 6
3845 6
7045 6
2875 6
2872 6
2260 6
3183 6
4368 6
2877 6
2694 7
6985 7
735 7
2902 7
4252 7
3944 7
4483 7
1956 7
7288 7
7286 7
4532 7
6742 7
2084 7
4253 7
7016 7
7287 7
695 7
2241 8
1800 8
1801 8
3791 8
3792 8
3385 8
708 8
532 8
2963 8
2964 8
2306 8
3793 8
5293 8
6792 8
605 8
7323 9
6780 9
6778 9
6779 9
6781 9
7436 9
1641 9
1642 9
1643 9
1644 9
1645 9
4182 9
4183 9
4184 9
4185 9
6774 9
6775 9
6776 9
6777 9
4658 9
4659 9
4660 9
230 9
229 9
231 9
5551 10
5550 10
5552 10
1349 11
4575 11
1353 11
1838 11
1307 12
1991 12
3822 12
5018 12
5016 12
5017 12
5020 12
6722 13
6726 13
6723 13
6721 13
7082 14
5118 14
3388 14
7081 14
625 15
6246 15
6247 15
5856 16
5855 16
5857 16
6958 17
6957 17
6959 17
5423 18
5422 18
5424 18
4549 19
4548 19
4550 19
2345 20
2344 20
4338 20
4232 21
4233 21
2036 21
6773 22
6772 22
4844 23
4843 23
5372 24
5371 24
7092 25
7091 25
7079 26
7078 26
5473 27
5472 27
5491 28
5490 28
5549 29
5548 29
6908 30
6907 30
5652 31
5651 31
6629 32
6628 32
6728 33
6727 33
6001 34
6000 34
6182 35
6181 35
6211 36
6210 36
6357 37
6356 37
6362 38
6361 38
6408 39
6407 39
7230 40
7229 40
716 41
5051 41
2298 42
7086 42
4332 43
4331 43
4281 44
5601 44
4062 45
4061 45
3936 46
3935 46
3903 47
3902 47
3870 48
3869 48
3807 49
3806 49
570 50
3438 50
3172 51
3171 51
4817 52
4816 52
2561 53
5943 53
3455 54
1881 54
3290 55
4261 55
7257 56
227 56
553 57
515 58
2709 59
899 60
2041 61
2362 62
2616 63
4777 64
4941 65
